"BehaviorSpace results (NetLogo 6.0.3)"
"/home/jason/Desktop/commod-neda-refined/commod.nlogo"
"hcli-fish-catch-adoption"
"11/18/2018 02:57:32:597 +0800"
"min-pxcor","max-pxcor","min-pycor","max-pycor"
"-16","16","-16","16"
"[run number]","1","1","1","1","1","1","1","1","1","1","1","1","1","1","1","1","1","1","1","1","1","1","1","1","1","1","1","1","1","1","1","1","1","1","1","1","1","1","1","1","1","1","2","2","2","2","2","2","2","2","2","2","2","2","2","2","2","2","2","2","2","2","2","2","2","2","2","2","2","2","2","2","2","2","2","2","2","2","2","2","2","2","2","2","3","3","3","3","3","3","3","3","3","3","3","3","3","3","3","3","3","3","3","3","3","3","3","3","3","3","3","3","3","3","3","3","3","3","3","3","3","3","3","3","3","3","4","4","4","4","4","4","4","4","4","4","4","4","4","4","4","4","4","4","4","4","4","4","4","4","4","4","4","4","4","4","4","4","4","4","4","4","4","4","4","4","4","4","5","5","5","5","5","5","5","5","5","5","5","5","5","5","5","5","5","5","5","5","5","5","5","5","5","5","5","5","5","5","5","5","5","5","5","5","5","5","5","5","5","5","6","6","6","6","6","6","6","6","6","6","6","6","6","6","6","6","6","6","6","6","6","6","6","6","6","6","6","6","6","6","6","6","6","6","6","6","6","6","6","6","6","6","7","7","7","7","7","7","7","7","7","7","7","7","7","7","7","7","7","7","7","7","7","7","7","7","7","7","7","7","7","7","7","7","7","7","7","7","7","7","7","7","7","7","8","8","8","8","8","8","8","8","8","8","8","8","8","8","8","8","8","8","8","8","8","8","8","8","8","8","8","8","8","8","8","8","8","8","8","8","8","8","8","8","8","8","9","9","9","9","9","9","9","9","9","9","9","9","9","9","9","9","9","9","9","9","9","9","9","9","9","9","9","9","9","9","9","9","9","9","9","9","9","9","9","9","9","9","10","10","10","10","10","10","10","10","10","10","10","10","10","10","10","10","10","10","10","10","10","10","10","10","10","10","10","10","10","10","10","10","10","10","10","10","10","10","10","10","10","10","11","11","11","11","11","11","11","11","11","11","11","11","11","11","11","11","11","11","11","11","11","11","11","11","11","11","11","11","11","11","11","11","11","11","11","11","11","11","11","11","11","11","12","12","12","12","12","12","12","12","12","12","12","12","12","12","12","12","12","12","12","12","12","12","12","12","12","12","12","12","12","12","12","12","12","12","12","12","12","12","12","12","12","12","13","13","13","13","13","13","13","13","13","13","13","13","13","13","13","13","13","13","13","13","13","13","13","13","13","13","13","13","13","13","13","13","13","13","13","13","13","13","13","13","13","13","14","14","14","14","14","14","14","14","14","14","14","14","14","14","14","14","14","14","14","14","14","14","14","14","14","14","14","14","14","14","14","14","14","14","14","14","14","14","14","14","14","14","15","15","15","15","15","15","15","15","15","15","15","15","15","15","15","15","15","15","15","15","15","15","15","15","15","15","15","15","15","15","15","15","15","15","15","15","15","15","15","15","15","15","16","16","16","16","16","16","16","16","16","16","16","16","16","16","16","16","16","16","16","16","16","16","16","16","16","16","16","16","16","16","16","16","16","16","16","16","16","16","16","16","16","16","17","17","17","17","17","17","17","17","17","17","17","17","17","17","17","17","17","17","17","17","17","17","17","17","17","17","17","17","17","17","17","17","17","17","17","17","17","17","17","17","17","17","18","18","18","18","18","18","18","18","18","18","18","18","18","18","18","18","18","18","18","18","18","18","18","18","18","18","18","18","18","18","18","18","18","18","18","18","18","18","18","18","18","18","19","19","19","19","19","19","19","19","19","19","19","19","19","19","19","19","19","19","19","19","19","19","19","19","19","19","19","19","19","19","19","19","19","19","19","19","19","19","19","19","19","19","20","20","20","20","20","20","20","20","20","20","20","20","20","20","20","20","20","20","20","20","20","20","20","20","20","20","20","20","20","20","20","20","20","20","20","20","20","20","20","20","20","20","21","21","21","21","21","21","21","21","21","21","21","21","21","21","21","21","21","21","21","21","21","21","21","21","21","21","21","21","21","21","21","21","21","21","21","21","21","21","21","21","21","21","22","22","22","22","22","22","22","22","22","22","22","22","22","22","22","22","22","22","22","22","22","22","22","22","22","22","22","22","22","22","22","22","22","22","22","22","22","22","22","22","22","22","23","23","23","23","23","23","23","23","23","23","23","23","23","23","23","23","23","23","23","23","23","23","23","23","23","23","23","23","23","23","23","23","23","23","23","23","23","23","23","23","23","23","24","24","24","24","24","24","24","24","24","24","24","24","24","24","24","24","24","24","24","24","24","24","24","24","24","24","24","24","24","24","24","24","24","24","24","24","24","24","24","24","24","24","25","25","25","25","25","25","25","25","25","25","25","25","25","25","25","25","25","25","25","25","25","25","25","25","25","25","25","25","25","25","25","25","25","25","25","25","25","25","25","25","25","25","26","26","26","26","26","26","26","26","26","26","26","26","26","26","26","26","26","26","26","26","26","26","26","26","26","26","26","26","26","26","26","26","26","26","26","26","26","26","26","26","26","26","27","27","27","27","27","27","27","27","27","27","27","27","27","27","27","27","27","27","27","27","27","27","27","27","27","27","27","27","27","27","27","27","27","27","27","27","27","27","27","27","27","27","28","28","28","28","28","28","28","28","28","28","28","28","28","28","28","28","28","28","28","28","28","28","28","28","28","28","28","28","28","28","28","28","28","28","28","28","28","28","28","28","28","28","29","29","29","29","29","29","29","29","29","29","29","29","29","29","29","29","29","29","29","29","29","29","29","29","29","29","29","29","29","29","29","29","29","29","29","29","29","29","29","29","29","29","30","30","30","30","30","30","30","30","30","30","30","30","30","30","30","30","30","30","30","30","30","30","30","30","30","30","30","30","30","30","30","30","30","30","30","30","30","30","30","30","30","30","31","31","31","31","31","31","31","31","31","31","31","31","31","31","31","31","31","31","31","31","31","31","31","31","31","31","31","31","31","31","31","31","31","31","31","31","31","31","31","31","31","31","32","32","32","32","32","32","32","32","32","32","32","32","32","32","32","32","32","32","32","32","32","32","32","32","32","32","32","32","32","32","32","32","32","32","32","32","32","32","32","32","32","32","33","33","33","33","33","33","33","33","33","33","33","33","33","33","33","33","33","33","33","33","33","33","33","33","33","33","33","33","33","33","33","33","33","33","33","33","33","33","33","33","33","33","34","34","34","34","34","34","34","34","34","34","34","34","34","34","34","34","34","34","34","34","34","34","34","34","34","34","34","34","34","34","34","34","34","34","34","34","34","34","34","34","34","34","35","35","35","35","35","35","35","35","35","35","35","35","35","35","35","35","35","35","35","35","35","35","35","35","35","35","35","35","35","35","35","35","35","35","35","35","35","35","35","35","35","35","36","36","36","36","36","36","36","36","36","36","36","36","36","36","36","36","36","36","36","36","36","36","36","36","36","36","36","36","36","36","36","36","36","36","36","36","36","36","36","36","36","36","37","37","37","37","37","37","37","37","37","37","37","37","37","37","37","37","37","37","37","37","37","37","37","37","37","37","37","37","37","37","37","37","37","37","37","37","37","37","37","37","37","37","38","38","38","38","38","38","38","38","38","38","38","38","38","38","38","38","38","38","38","38","38","38","38","38","38","38","38","38","38","38","38","38","38","38","38","38","38","38","38","38","38","38","39","39","39","39","39","39","39","39","39","39","39","39","39","39","39","39","39","39","39","39","39","39","39","39","39","39","39","39","39","39","39","39","39","39","39","39","39","39","39","39","39","39","40","40","40","40","40","40","40","40","40","40","40","40","40","40","40","40","40","40","40","40","40","40","40","40","40","40","40","40","40","40","40","40","40","40","40","40","40","40","40","40","40","40","41","41","41","41","41","41","41","41","41","41","41","41","41","41","41","41","41","41","41","41","41","41","41","41","41","41","41","41","41","41","41","41","41","41","41","41","41","41","41","41","41","41","42","42","42","42","42","42","42","42","42","42","42","42","42","42","42","42","42","42","42","42","42","42","42","42","42","42","42","42","42","42","42","42","42","42","42","42","42","42","42","42","42","42","43","43","43","43","43","43","43","43","43","43","43","43","43","43","43","43","43","43","43","43","43","43","43","43","43","43","43","43","43","43","43","43","43","43","43","43","43","43","43","43","43","43","44","44","44","44","44","44","44","44","44","44","44","44","44","44","44","44","44","44","44","44","44","44","44","44","44","44","44","44","44","44","44","44","44","44","44","44","44","44","44","44","44","44","45","45","45","45","45","45","45","45","45","45","45","45","45","45","45","45","45","45","45","45","45","45","45","45","45","45","45","45","45","45","45","45","45","45","45","45","45","45","45","45","45","45","46","46","46","46","46","46","46","46","46","46","46","46","46","46","46","46","46","46","46","46","46","46","46","46","46","46","46","46","46","46","46","46","46","46","46","46","46","46","46","46","46","46","47","47","47","47","47","47","47","47","47","47","47","47","47","47","47","47","47","47","47","47","47","47","47","47","47","47","47","47","47","47","47","47","47","47","47","47","47","47","47","47","47","47","48","48","48","48","48","48","48","48","48","48","48","48","48","48","48","48","48","48","48","48","48","48","48","48","48","48","48","48","48","48","48","48","48","48","48","48","48","48","48","48","48","48","49","49","49","49","49","49","49","49","49","49","49","49","49","49","49","49","49","49","49","49","49","49","49","49","49","49","49","49","49","49","49","49","49","49","49","49","49","49","49","49","49","49","50","50","50","50","50","50","50","50","50","50","50","50","50","50","50","50","50","50","50","50","50","50","50","50","50","50","50","50","50","50","50","50","50","50","50","50","50","50","50","50","50","50","51","51","51","51","51","51","51","51","51","51","51","51","51","51","51","51","51","51","51","51","51","51","51","51","51","51","51","51","51","51","51","51","51","51","51","51","51","51","51","51","51","51","52","52","52","52","52","52","52","52","52","52","52","52","52","52","52","52","52","52","52","52","52","52","52","52","52","52","52","52","52","52","52","52","52","52","52","52","52","52","52","52","52","52","53","53","53","53","53","53","53","53","53","53","53","53","53","53","53","53","53","53","53","53","53","53","53","53","53","53","53","53","53","53","53","53","53","53","53","53","53","53","53","53","53","53","54","54","54","54","54","54","54","54","54","54","54","54","54","54","54","54","54","54","54","54","54","54","54","54","54","54","54","54","54","54","54","54","54","54","54","54","54","54","54","54","54","54","55","55","55","55","55","55","55","55","55","55","55","55","55","55","55","55","55","55","55","55","55","55","55","55","55","55","55","55","55","55","55","55","55","55","55","55","55","55","55","55","55","55","56","56","56","56","56","56","56","56","56","56","56","56","56","56","56","56","56","56","56","56","56","56","56","56","56","56","56","56","56","56","56","56","56","56","56","56","56","56","56","56","56","56","57","57","57","57","57","57","57","57","57","57","57","57","57","57","57","57","57","57","57","57","57","57","57","57","57","57","57","57","57","57","57","57","57","57","57","57","57","57","57","57","57","57","58","58","58","58","58","58","58","58","58","58","58","58","58","58","58","58","58","58","58","58","58","58","58","58","58","58","58","58","58","58","58","58","58","58","58","58","58","58","58","58","58","58","59","59","59","59","59","59","59","59","59","59","59","59","59","59","59","59","59","59","59","59","59","59","59","59","59","59","59","59","59","59","59","59","59","59","59","59","59","59","59","59","59","59","60","60","60","60","60","60","60","60","60","60","60","60","60","60","60","60","60","60","60","60","60","60","60","60","60","60","60","60","60","60","60","60","60","60","60","60","60","60","60","60","60","60","61","61","61","61","61","61","61","61","61","61","61","61","61","61","61","61","61","61","61","61","61","61","61","61","61","61","61","61","61","61","61","61","61","61","61","61","61","61","61","61","61","61","62","62","62","62","62","62","62","62","62","62","62","62","62","62","62","62","62","62","62","62","62","62","62","62","62","62","62","62","62","62","62","62","62","62","62","62","62","62","62","62","62","62","63","63","63","63","63","63","63","63","63","63","63","63","63","63","63","63","63","63","63","63","63","63","63","63","63","63","63","63","63","63","63","63","63","63","63","63","63","63","63","63","63","63","64","64","64","64","64","64","64","64","64","64","64","64","64","64","64","64","64","64","64","64","64","64","64","64","64","64","64","64","64","64","64","64","64","64","64","64","64","64","64","64","64","64","65","65","65","65","65","65","65","65","65","65","65","65","65","65","65","65","65","65","65","65","65","65","65","65","65","65","65","65","65","65","65","65","65","65","65","65","65","65","65","65","65","65","66","66","66","66","66","66","66","66","66","66","66","66","66","66","66","66","66","66","66","66","66","66","66","66","66","66","66","66","66","66","66","66","66","66","66","66","66","66","66","66","66","66","67","67","67","67","67","67","67","67","67","67","67","67","67","67","67","67","67","67","67","67","67","67","67","67","67","67","67","67","67","67","67","67","67","67","67","67","67","67","67","67","67","67","68","68","68","68","68","68","68","68","68","68","68","68","68","68","68","68","68","68","68","68","68","68","68","68","68","68","68","68","68","68","68","68","68","68","68","68","68","68","68","68","68","68","69","69","69","69","69","69","69","69","69","69","69","69","69","69","69","69","69","69","69","69","69","69","69","69","69","69","69","69","69","69","69","69","69","69","69","69","69","69","69","69","69","69","70","70","70","70","70","70","70","70","70","70","70","70","70","70","70","70","70","70","70","70","70","70","70","70","70","70","70","70","70","70","70","70","70","70","70","70","70","70","70","70","70","70","71","71","71","71","71","71","71","71","71","71","71","71","71","71","71","71","71","71","71","71","71","71","71","71","71","71","71","71","71","71","71","71","71","71","71","71","71","71","71","71","71","71","72","72","72","72","72","72","72","72","72","72","72","72","72","72","72","72","72","72","72","72","72","72","72","72","72","72","72","72","72","72","72","72","72","72","72","72","72","72","72","72","72","72","73","73","73","73","73","73","73","73","73","73","73","73","73","73","73","73","73","73","73","73","73","73","73","73","73","73","73","73","73","73","73","73","73","73","73","73","73","73","73","73","73","73","74","74","74","74","74","74","74","74","74","74","74","74","74","74","74","74","74","74","74","74","74","74","74","74","74","74","74","74","74","74","74","74","74","74","74","74","74","74","74","74","74","74","75","75","75","75","75","75","75","75","75","75","75","75","75","75","75","75","75","75","75","75","75","75","75","75","75","75","75","75","75","75","75","75","75","75","75","75","75","75","75","75","75","75","76","76","76","76","76","76","76","76","76","76","76","76","76","76","76","76","76","76","76","76","76","76","76","76","76","76","76","76","76","76","76","76","76","76","76","76","76","76","76","76","76","76","77","77","77","77","77","77","77","77","77","77","77","77","77","77","77","77","77","77","77","77","77","77","77","77","77","77","77","77","77","77","77","77","77","77","77","77","77","77","77","77","77","77","78","78","78","78","78","78","78","78","78","78","78","78","78","78","78","78","78","78","78","78","78","78","78","78","78","78","78","78","78","78","78","78","78","78","78","78","78","78","78","78","78","78","79","79","79","79","79","79","79","79","79","79","79","79","79","79","79","79","79","79","79","79","79","79","79","79","79","79","79","79","79","79","79","79","79","79","79","79","79","79","79","79","79","79","80","80","80","80","80","80","80","80","80","80","80","80","80","80","80","80","80","80","80","80","80","80","80","80","80","80","80","80","80","80","80","80","80","80","80","80","80","80","80","80","80","80","81","81","81","81","81","81","81","81","81","81","81","81","81","81","81","81","81","81","81","81","81","81","81","81","81","81","81","81","81","81","81","81","81","81","81","81","81","81","81","81","81","81","82","82","82","82","82","82","82","82","82","82","82","82","82","82","82","82","82","82","82","82","82","82","82","82","82","82","82","82","82","82","82","82","82","82","82","82","82","82","82","82","82","82","83","83","83","83","83","83","83","83","83","83","83","83","83","83","83","83","83","83","83","83","83","83","83","83","83","83","83","83","83","83","83","83","83","83","83","83","83","83","83","83","83","83","84","84","84","84","84","84","84","84","84","84","84","84","84","84","84","84","84","84","84","84","84","84","84","84","84","84","84","84","84","84","84","84","84","84","84","84","84","84","84","84","84","84","85","85","85","85","85","85","85","85","85","85","85","85","85","85","85","85","85","85","85","85","85","85","85","85","85","85","85","85","85","85","85","85","85","85","85","85","85","85","85","85","85","85","86","86","86","86","86","86","86","86","86","86","86","86","86","86","86","86","86","86","86","86","86","86","86","86","86","86","86","86","86","86","86","86","86","86","86","86","86","86","86","86","86","86","87","87","87","87","87","87","87","87","87","87","87","87","87","87","87","87","87","87","87","87","87","87","87","87","87","87","87","87","87","87","87","87","87","87","87","87","87","87","87","87","87","87","88","88","88","88","88","88","88","88","88","88","88","88","88","88","88","88","88","88","88","88","88","88","88","88","88","88","88","88","88","88","88","88","88","88","88","88","88","88","88","88","88","88","89","89","89","89","89","89","89","89","89","89","89","89","89","89","89","89","89","89","89","89","89","89","89","89","89","89","89","89","89","89","89","89","89","89","89","89","89","89","89","89","89","89","90","90","90","90","90","90","90","90","90","90","90","90","90","90","90","90","90","90","90","90","90","90","90","90","90","90","90","90","90","90","90","90","90","90","90","90","90","90","90","90","90","90","91","91","91","91","91","91","91","91","91","91","91","91","91","91","91","91","91","91","91","91","91","91","91","91","91","91","91","91","91","91","91","91","91","91","91","91","91","91","91","91","91","91","92","92","92","92","92","92","92","92","92","92","92","92","92","92","92","92","92","92","92","92","92","92","92","92","92","92","92","92","92","92","92","92","92","92","92","92","92","92","92","92","92","92","93","93","93","93","93","93","93","93","93","93","93","93","93","93","93","93","93","93","93","93","93","93","93","93","93","93","93","93","93","93","93","93","93","93","93","93","93","93","93","93","93","93","94","94","94","94","94","94","94","94","94","94","94","94","94","94","94","94","94","94","94","94","94","94","94","94","94","94","94","94","94","94","94","94","94","94","94","94","94","94","94","94","94","94","95","95","95","95","95","95","95","95","95","95","95","95","95","95","95","95","95","95","95","95","95","95","95","95","95","95","95","95","95","95","95","95","95","95","95","95","95","95","95","95","95","95","96","96","96","96","96","96","96","96","96","96","96","96","96","96","96","96","96","96","96","96","96","96","96","96","96","96","96","96","96","96","96","96","96","96","96","96","96","96","96","96","96","96","97","97","97","97","97","97","97","97","97","97","97","97","97","97","97","97","97","97","97","97","97","97","97","97","97","97","97","97","97","97","97","97","97","97","97","97","97","97","97","97","97","97","98","98","98","98","98","98","98","98","98","98","98","98","98","98","98","98","98","98","98","98","98","98","98","98","98","98","98","98","98","98","98","98","98","98","98","98","98","98","98","98","98","98","99","99","99","99","99","99","99","99","99","99","99","99","99","99","99","99","99","99","99","99","99","99","99","99","99","99","99","99","99","99","99","99","99","99","99","99","99","99","99","99","99","99","100","100","100","100","100","100","100","100","100","100","100","100","100","100","100","100","100","100","100","100","100","100","100","100","100","100","100","100","100","100","100","100","100","100","100","100","100","100","100","100","100","100"
"scenario","fish-catch",,,,,,,,,,,,,,,,,,,,,,,,,,,,,,,,,,,,,,,,,,"fish-catch",,,,,,,,,,,,,,,,,,,,,,,,,,,,,,,,,,,,,,,,,,"fish-catch",,,,,,,,,,,,,,,,,,,,,,,,,,,,,,,,,,,,,,,,,,"fish-catch",,,,,,,,,,,,,,,,,,,,,,,,,,,,,,,,,,,,,,,,,,"fish-catch",,,,,,,,,,,,,,,,,,,,,,,,,,,,,,,,,,,,,,,,,,"fish-catch",,,,,,,,,,,,,,,,,,,,,,,,,,,,,,,,,,,,,,,,,,"fish-catch",,,,,,,,,,,,,,,,,,,,,,,,,,,,,,,,,,,,,,,,,,"fish-catch",,,,,,,,,,,,,,,,,,,,,,,,,,,,,,,,,,,,,,,,,,"fish-catch",,,,,,,,,,,,,,,,,,,,,,,,,,,,,,,,,,,,,,,,,,"fish-catch",,,,,,,,,,,,,,,,,,,,,,,,,,,,,,,,,,,,,,,,,,"fish-catch",,,,,,,,,,,,,,,,,,,,,,,,,,,,,,,,,,,,,,,,,,"fish-catch",,,,,,,,,,,,,,,,,,,,,,,,,,,,,,,,,,,,,,,,,,"fish-catch",,,,,,,,,,,,,,,,,,,,,,,,,,,,,,,,,,,,,,,,,,"fish-catch",,,,,,,,,,,,,,,,,,,,,,,,,,,,,,,,,,,,,,,,,,"fish-catch",,,,,,,,,,,,,,,,,,,,,,,,,,,,,,,,,,,,,,,,,,"fish-catch",,,,,,,,,,,,,,,,,,,,,,,,,,,,,,,,,,,,,,,,,,"fish-catch",,,,,,,,,,,,,,,,,,,,,,,,,,,,,,,,,,,,,,,,,,"fish-catch",,,,,,,,,,,,,,,,,,,,,,,,,,,,,,,,,,,,,,,,,,"fish-catch",,,,,,,,,,,,,,,,,,,,,,,,,,,,,,,,,,,,,,,,,,"fish-catch",,,,,,,,,,,,,,,,,,,,,,,,,,,,,,,,,,,,,,,,,,"fish-catch",,,,,,,,,,,,,,,,,,,,,,,,,,,,,,,,,,,,,,,,,,"fish-catch",,,,,,,,,,,,,,,,,,,,,,,,,,,,,,,,,,,,,,,,,,"fish-catch",,,,,,,,,,,,,,,,,,,,,,,,,,,,,,,,,,,,,,,,,,"fish-catch",,,,,,,,,,,,,,,,,,,,,,,,,,,,,,,,,,,,,,,,,,"fish-catch",,,,,,,,,,,,,,,,,,,,,,,,,,,,,,,,,,,,,,,,,,"fish-catch",,,,,,,,,,,,,,,,,,,,,,,,,,,,,,,,,,,,,,,,,,"fish-catch",,,,,,,,,,,,,,,,,,,,,,,,,,,,,,,,,,,,,,,,,,"fish-catch",,,,,,,,,,,,,,,,,,,,,,,,,,,,,,,,,,,,,,,,,,"fish-catch",,,,,,,,,,,,,,,,,,,,,,,,,,,,,,,,,,,,,,,,,,"fish-catch",,,,,,,,,,,,,,,,,,,,,,,,,,,,,,,,,,,,,,,,,,"fish-catch",,,,,,,,,,,,,,,,,,,,,,,,,,,,,,,,,,,,,,,,,,"fish-catch",,,,,,,,,,,,,,,,,,,,,,,,,,,,,,,,,,,,,,,,,,"fish-catch",,,,,,,,,,,,,,,,,,,,,,,,,,,,,,,,,,,,,,,,,,"fish-catch",,,,,,,,,,,,,,,,,,,,,,,,,,,,,,,,,,,,,,,,,,"fish-catch",,,,,,,,,,,,,,,,,,,,,,,,,,,,,,,,,,,,,,,,,,"fish-catch",,,,,,,,,,,,,,,,,,,,,,,,,,,,,,,,,,,,,,,,,,"fish-catch",,,,,,,,,,,,,,,,,,,,,,,,,,,,,,,,,,,,,,,,,,"fish-catch",,,,,,,,,,,,,,,,,,,,,,,,,,,,,,,,,,,,,,,,,,"fish-catch",,,,,,,,,,,,,,,,,,,,,,,,,,,,,,,,,,,,,,,,,,"fish-catch",,,,,,,,,,,,,,,,,,,,,,,,,,,,,,,,,,,,,,,,,,"fish-catch",,,,,,,,,,,,,,,,,,,,,,,,,,,,,,,,,,,,,,,,,,"fish-catch",,,,,,,,,,,,,,,,,,,,,,,,,,,,,,,,,,,,,,,,,,"fish-catch",,,,,,,,,,,,,,,,,,,,,,,,,,,,,,,,,,,,,,,,,,"fish-catch",,,,,,,,,,,,,,,,,,,,,,,,,,,,,,,,,,,,,,,,,,"fish-catch",,,,,,,,,,,,,,,,,,,,,,,,,,,,,,,,,,,,,,,,,,"fish-catch",,,,,,,,,,,,,,,,,,,,,,,,,,,,,,,,,,,,,,,,,,"fish-catch",,,,,,,,,,,,,,,,,,,,,,,,,,,,,,,,,,,,,,,,,,"fish-catch",,,,,,,,,,,,,,,,,,,,,,,,,,,,,,,,,,,,,,,,,,"fish-catch",,,,,,,,,,,,,,,,,,,,,,,,,,,,,,,,,,,,,,,,,,"fish-catch",,,,,,,,,,,,,,,,,,,,,,,,,,,,,,,,,,,,,,,,,,"fish-catch",,,,,,,,,,,,,,,,,,,,,,,,,,,,,,,,,,,,,,,,,,"fish-catch",,,,,,,,,,,,,,,,,,,,,,,,,,,,,,,,,,,,,,,,,,"fish-catch",,,,,,,,,,,,,,,,,,,,,,,,,,,,,,,,,,,,,,,,,,"fish-catch",,,,,,,,,,,,,,,,,,,,,,,,,,,,,,,,,,,,,,,,,,"fish-catch",,,,,,,,,,,,,,,,,,,,,,,,,,,,,,,,,,,,,,,,,,"fish-catch",,,,,,,,,,,,,,,,,,,,,,,,,,,,,,,,,,,,,,,,,,"fish-catch",,,,,,,,,,,,,,,,,,,,,,,,,,,,,,,,,,,,,,,,,,"fish-catch",,,,,,,,,,,,,,,,,,,,,,,,,,,,,,,,,,,,,,,,,,"fish-catch",,,,,,,,,,,,,,,,,,,,,,,,,,,,,,,,,,,,,,,,,,"fish-catch",,,,,,,,,,,,,,,,,,,,,,,,,,,,,,,,,,,,,,,,,,"fish-catch",,,,,,,,,,,,,,,,,,,,,,,,,,,,,,,,,,,,,,,,,,"fish-catch",,,,,,,,,,,,,,,,,,,,,,,,,,,,,,,,,,,,,,,,,,"fish-catch",,,,,,,,,,,,,,,,,,,,,,,,,,,,,,,,,,,,,,,,,,"fish-catch",,,,,,,,,,,,,,,,,,,,,,,,,,,,,,,,,,,,,,,,,,"fish-catch",,,,,,,,,,,,,,,,,,,,,,,,,,,,,,,,,,,,,,,,,,"fish-catch",,,,,,,,,,,,,,,,,,,,,,,,,,,,,,,,,,,,,,,,,,"fish-catch",,,,,,,,,,,,,,,,,,,,,,,,,,,,,,,,,,,,,,,,,,"fish-catch",,,,,,,,,,,,,,,,,,,,,,,,,,,,,,,,,,,,,,,,,,"fish-catch",,,,,,,,,,,,,,,,,,,,,,,,,,,,,,,,,,,,,,,,,,"fish-catch",,,,,,,,,,,,,,,,,,,,,,,,,,,,,,,,,,,,,,,,,,"fish-catch",,,,,,,,,,,,,,,,,,,,,,,,,,,,,,,,,,,,,,,,,,"fish-catch",,,,,,,,,,,,,,,,,,,,,,,,,,,,,,,,,,,,,,,,,,"fish-catch",,,,,,,,,,,,,,,,,,,,,,,,,,,,,,,,,,,,,,,,,,"fish-catch",,,,,,,,,,,,,,,,,,,,,,,,,,,,,,,,,,,,,,,,,,"fish-catch",,,,,,,,,,,,,,,,,,,,,,,,,,,,,,,,,,,,,,,,,,"fish-catch",,,,,,,,,,,,,,,,,,,,,,,,,,,,,,,,,,,,,,,,,,"fish-catch",,,,,,,,,,,,,,,,,,,,,,,,,,,,,,,,,,,,,,,,,,"fish-catch",,,,,,,,,,,,,,,,,,,,,,,,,,,,,,,,,,,,,,,,,,"fish-catch",,,,,,,,,,,,,,,,,,,,,,,,,,,,,,,,,,,,,,,,,,"fish-catch",,,,,,,,,,,,,,,,,,,,,,,,,,,,,,,,,,,,,,,,,,"fish-catch",,,,,,,,,,,,,,,,,,,,,,,,,,,,,,,,,,,,,,,,,,"fish-catch",,,,,,,,,,,,,,,,,,,,,,,,,,,,,,,,,,,,,,,,,,"fish-catch",,,,,,,,,,,,,,,,,,,,,,,,,,,,,,,,,,,,,,,,,,"fish-catch",,,,,,,,,,,,,,,,,,,,,,,,,,,,,,,,,,,,,,,,,,"fish-catch",,,,,,,,,,,,,,,,,,,,,,,,,,,,,,,,,,,,,,,,,,"fish-catch",,,,,,,,,,,,,,,,,,,,,,,,,,,,,,,,,,,,,,,,,,"fish-catch",,,,,,,,,,,,,,,,,,,,,,,,,,,,,,,,,,,,,,,,,,"fish-catch",,,,,,,,,,,,,,,,,,,,,,,,,,,,,,,,,,,,,,,,,,"fish-catch",,,,,,,,,,,,,,,,,,,,,,,,,,,,,,,,,,,,,,,,,,"fish-catch",,,,,,,,,,,,,,,,,,,,,,,,,,,,,,,,,,,,,,,,,,"fish-catch",,,,,,,,,,,,,,,,,,,,,,,,,,,,,,,,,,,,,,,,,,"fish-catch",,,,,,,,,,,,,,,,,,,,,,,,,,,,,,,,,,,,,,,,,,"fish-catch",,,,,,,,,,,,,,,,,,,,,,,,,,,,,,,,,,,,,,,,,,"fish-catch",,,,,,,,,,,,,,,,,,,,,,,,,,,,,,,,,,,,,,,,,,"fish-catch",,,,,,,,,,,,,,,,,,,,,,,,,,,,,,,,,,,,,,,,,,"fish-catch",,,,,,,,,,,,,,,,,,,,,,,,,,,,,,,,,,,,,,,,,,"fish-catch",,,,,,,,,,,,,,,,,,,,,,,,,,,,,,,,,,,,,,,,,,"fish-catch",,,,,,,,,,,,,,,,,,,,,,,,,,,,,,,,,,,,,,,,,,"fish-catch",,,,,,,,,,,,,,,,,,,,,,,,,,,,,,,,,,,,,,,,,,"fish-catch",,,,,,,,,,,,,,,,,,,,,,,,,,,,,,,,,,,,,,,,,
"population","hcli",,,,,,,,,,,,,,,,,,,,,,,,,,,,,,,,,,,,,,,,,,"hcli",,,,,,,,,,,,,,,,,,,,,,,,,,,,,,,,,,,,,,,,,,"hcli",,,,,,,,,,,,,,,,,,,,,,,,,,,,,,,,,,,,,,,,,,"hcli",,,,,,,,,,,,,,,,,,,,,,,,,,,,,,,,,,,,,,,,,,"hcli",,,,,,,,,,,,,,,,,,,,,,,,,,,,,,,,,,,,,,,,,,"hcli",,,,,,,,,,,,,,,,,,,,,,,,,,,,,,,,,,,,,,,,,,"hcli",,,,,,,,,,,,,,,,,,,,,,,,,,,,,,,,,,,,,,,,,,"hcli",,,,,,,,,,,,,,,,,,,,,,,,,,,,,,,,,,,,,,,,,,"hcli",,,,,,,,,,,,,,,,,,,,,,,,,,,,,,,,,,,,,,,,,,"hcli",,,,,,,,,,,,,,,,,,,,,,,,,,,,,,,,,,,,,,,,,,"hcli",,,,,,,,,,,,,,,,,,,,,,,,,,,,,,,,,,,,,,,,,,"hcli",,,,,,,,,,,,,,,,,,,,,,,,,,,,,,,,,,,,,,,,,,"hcli",,,,,,,,,,,,,,,,,,,,,,,,,,,,,,,,,,,,,,,,,,"hcli",,,,,,,,,,,,,,,,,,,,,,,,,,,,,,,,,,,,,,,,,,"hcli",,,,,,,,,,,,,,,,,,,,,,,,,,,,,,,,,,,,,,,,,,"hcli",,,,,,,,,,,,,,,,,,,,,,,,,,,,,,,,,,,,,,,,,,"hcli",,,,,,,,,,,,,,,,,,,,,,,,,,,,,,,,,,,,,,,,,,"hcli",,,,,,,,,,,,,,,,,,,,,,,,,,,,,,,,,,,,,,,,,,"hcli",,,,,,,,,,,,,,,,,,,,,,,,,,,,,,,,,,,,,,,,,,"hcli",,,,,,,,,,,,,,,,,,,,,,,,,,,,,,,,,,,,,,,,,,"hcli",,,,,,,,,,,,,,,,,,,,,,,,,,,,,,,,,,,,,,,,,,"hcli",,,,,,,,,,,,,,,,,,,,,,,,,,,,,,,,,,,,,,,,,,"hcli",,,,,,,,,,,,,,,,,,,,,,,,,,,,,,,,,,,,,,,,,,"hcli",,,,,,,,,,,,,,,,,,,,,,,,,,,,,,,,,,,,,,,,,,"hcli",,,,,,,,,,,,,,,,,,,,,,,,,,,,,,,,,,,,,,,,,,"hcli",,,,,,,,,,,,,,,,,,,,,,,,,,,,,,,,,,,,,,,,,,"hcli",,,,,,,,,,,,,,,,,,,,,,,,,,,,,,,,,,,,,,,,,,"hcli",,,,,,,,,,,,,,,,,,,,,,,,,,,,,,,,,,,,,,,,,,"hcli",,,,,,,,,,,,,,,,,,,,,,,,,,,,,,,,,,,,,,,,,,"hcli",,,,,,,,,,,,,,,,,,,,,,,,,,,,,,,,,,,,,,,,,,"hcli",,,,,,,,,,,,,,,,,,,,,,,,,,,,,,,,,,,,,,,,,,"hcli",,,,,,,,,,,,,,,,,,,,,,,,,,,,,,,,,,,,,,,,,,"hcli",,,,,,,,,,,,,,,,,,,,,,,,,,,,,,,,,,,,,,,,,,"hcli",,,,,,,,,,,,,,,,,,,,,,,,,,,,,,,,,,,,,,,,,,"hcli",,,,,,,,,,,,,,,,,,,,,,,,,,,,,,,,,,,,,,,,,,"hcli",,,,,,,,,,,,,,,,,,,,,,,,,,,,,,,,,,,,,,,,,,"hcli",,,,,,,,,,,,,,,,,,,,,,,,,,,,,,,,,,,,,,,,,,"hcli",,,,,,,,,,,,,,,,,,,,,,,,,,,,,,,,,,,,,,,,,,"hcli",,,,,,,,,,,,,,,,,,,,,,,,,,,,,,,,,,,,,,,,,,"hcli",,,,,,,,,,,,,,,,,,,,,,,,,,,,,,,,,,,,,,,,,,"hcli",,,,,,,,,,,,,,,,,,,,,,,,,,,,,,,,,,,,,,,,,,"hcli",,,,,,,,,,,,,,,,,,,,,,,,,,,,,,,,,,,,,,,,,,"hcli",,,,,,,,,,,,,,,,,,,,,,,,,,,,,,,,,,,,,,,,,,"hcli",,,,,,,,,,,,,,,,,,,,,,,,,,,,,,,,,,,,,,,,,,"hcli",,,,,,,,,,,,,,,,,,,,,,,,,,,,,,,,,,,,,,,,,,"hcli",,,,,,,,,,,,,,,,,,,,,,,,,,,,,,,,,,,,,,,,,,"hcli",,,,,,,,,,,,,,,,,,,,,,,,,,,,,,,,,,,,,,,,,,"hcli",,,,,,,,,,,,,,,,,,,,,,,,,,,,,,,,,,,,,,,,,,"hcli",,,,,,,,,,,,,,,,,,,,,,,,,,,,,,,,,,,,,,,,,,"hcli",,,,,,,,,,,,,,,,,,,,,,,,,,,,,,,,,,,,,,,,,,"hcli",,,,,,,,,,,,,,,,,,,,,,,,,,,,,,,,,,,,,,,,,,"hcli",,,,,,,,,,,,,,,,,,,,,,,,,,,,,,,,,,,,,,,,,,"hcli",,,,,,,,,,,,,,,,,,,,,,,,,,,,,,,,,,,,,,,,,,"hcli",,,,,,,,,,,,,,,,,,,,,,,,,,,,,,,,,,,,,,,,,,"hcli",,,,,,,,,,,,,,,,,,,,,,,,,,,,,,,,,,,,,,,,,,"hcli",,,,,,,,,,,,,,,,,,,,,,,,,,,,,,,,,,,,,,,,,,"hcli",,,,,,,,,,,,,,,,,,,,,,,,,,,,,,,,,,,,,,,,,,"hcli",,,,,,,,,,,,,,,,,,,,,,,,,,,,,,,,,,,,,,,,,,"hcli",,,,,,,,,,,,,,,,,,,,,,,,,,,,,,,,,,,,,,,,,,"hcli",,,,,,,,,,,,,,,,,,,,,,,,,,,,,,,,,,,,,,,,,,"hcli",,,,,,,,,,,,,,,,,,,,,,,,,,,,,,,,,,,,,,,,,,"hcli",,,,,,,,,,,,,,,,,,,,,,,,,,,,,,,,,,,,,,,,,,"hcli",,,,,,,,,,,,,,,,,,,,,,,,,,,,,,,,,,,,,,,,,,"hcli",,,,,,,,,,,,,,,,,,,,,,,,,,,,,,,,,,,,,,,,,,"hcli",,,,,,,,,,,,,,,,,,,,,,,,,,,,,,,,,,,,,,,,,,"hcli",,,,,,,,,,,,,,,,,,,,,,,,,,,,,,,,,,,,,,,,,,"hcli",,,,,,,,,,,,,,,,,,,,,,,,,,,,,,,,,,,,,,,,,,"hcli",,,,,,,,,,,,,,,,,,,,,,,,,,,,,,,,,,,,,,,,,,"hcli",,,,,,,,,,,,,,,,,,,,,,,,,,,,,,,,,,,,,,,,,,"hcli",,,,,,,,,,,,,,,,,,,,,,,,,,,,,,,,,,,,,,,,,,"hcli",,,,,,,,,,,,,,,,,,,,,,,,,,,,,,,,,,,,,,,,,,"hcli",,,,,,,,,,,,,,,,,,,,,,,,,,,,,,,,,,,,,,,,,,"hcli",,,,,,,,,,,,,,,,,,,,,,,,,,,,,,,,,,,,,,,,,,"hcli",,,,,,,,,,,,,,,,,,,,,,,,,,,,,,,,,,,,,,,,,,"hcli",,,,,,,,,,,,,,,,,,,,,,,,,,,,,,,,,,,,,,,,,,"hcli",,,,,,,,,,,,,,,,,,,,,,,,,,,,,,,,,,,,,,,,,,"hcli",,,,,,,,,,,,,,,,,,,,,,,,,,,,,,,,,,,,,,,,,,"hcli",,,,,,,,,,,,,,,,,,,,,,,,,,,,,,,,,,,,,,,,,,"hcli",,,,,,,,,,,,,,,,,,,,,,,,,,,,,,,,,,,,,,,,,,"hcli",,,,,,,,,,,,,,,,,,,,,,,,,,,,,,,,,,,,,,,,,,"hcli",,,,,,,,,,,,,,,,,,,,,,,,,,,,,,,,,,,,,,,,,,"hcli",,,,,,,,,,,,,,,,,,,,,,,,,,,,,,,,,,,,,,,,,,"hcli",,,,,,,,,,,,,,,,,,,,,,,,,,,,,,,,,,,,,,,,,,"hcli",,,,,,,,,,,,,,,,,,,,,,,,,,,,,,,,,,,,,,,,,,"hcli",,,,,,,,,,,,,,,,,,,,,,,,,,,,,,,,,,,,,,,,,,"hcli",,,,,,,,,,,,,,,,,,,,,,,,,,,,,,,,,,,,,,,,,,"hcli",,,,,,,,,,,,,,,,,,,,,,,,,,,,,,,,,,,,,,,,,,"hcli",,,,,,,,,,,,,,,,,,,,,,,,,,,,,,,,,,,,,,,,,,"hcli",,,,,,,,,,,,,,,,,,,,,,,,,,,,,,,,,,,,,,,,,,"hcli",,,,,,,,,,,,,,,,,,,,,,,,,,,,,,,,,,,,,,,,,,"hcli",,,,,,,,,,,,,,,,,,,,,,,,,,,,,,,,,,,,,,,,,,"hcli",,,,,,,,,,,,,,,,,,,,,,,,,,,,,,,,,,,,,,,,,,"hcli",,,,,,,,,,,,,,,,,,,,,,,,,,,,,,,,,,,,,,,,,,"hcli",,,,,,,,,,,,,,,,,,,,,,,,,,,,,,,,,,,,,,,,,,"hcli",,,,,,,,,,,,,,,,,,,,,,,,,,,,,,,,,,,,,,,,,,"hcli",,,,,,,,,,,,,,,,,,,,,,,,,,,,,,,,,,,,,,,,,,"hcli",,,,,,,,,,,,,,,,,,,,,,,,,,,,,,,,,,,,,,,,,,"hcli",,,,,,,,,,,,,,,,,,,,,,,,,,,,,,,,,,,,,,,,,,"hcli",,,,,,,,,,,,,,,,,,,,,,,,,,,,,,,,,,,,,,,,,,"hcli",,,,,,,,,,,,,,,,,,,,,,,,,,,,,,,,,,,,,,,,,
"blgu","43",,,,,,,,,,,,,,,,,,,,,,,,,,,,,,,,,,,,,,,,,,"43",,,,,,,,,,,,,,,,,,,,,,,,,,,,,,,,,,,,,,,,,,"43",,,,,,,,,,,,,,,,,,,,,,,,,,,,,,,,,,,,,,,,,,"43",,,,,,,,,,,,,,,,,,,,,,,,,,,,,,,,,,,,,,,,,,"43",,,,,,,,,,,,,,,,,,,,,,,,,,,,,,,,,,,,,,,,,,"43",,,,,,,,,,,,,,,,,,,,,,,,,,,,,,,,,,,,,,,,,,"43",,,,,,,,,,,,,,,,,,,,,,,,,,,,,,,,,,,,,,,,,,"43",,,,,,,,,,,,,,,,,,,,,,,,,,,,,,,,,,,,,,,,,,"43",,,,,,,,,,,,,,,,,,,,,,,,,,,,,,,,,,,,,,,,,,"43",,,,,,,,,,,,,,,,,,,,,,,,,,,,,,,,,,,,,,,,,,"43",,,,,,,,,,,,,,,,,,,,,,,,,,,,,,,,,,,,,,,,,,"43",,,,,,,,,,,,,,,,,,,,,,,,,,,,,,,,,,,,,,,,,,"43",,,,,,,,,,,,,,,,,,,,,,,,,,,,,,,,,,,,,,,,,,"43",,,,,,,,,,,,,,,,,,,,,,,,,,,,,,,,,,,,,,,,,,"43",,,,,,,,,,,,,,,,,,,,,,,,,,,,,,,,,,,,,,,,,,"43",,,,,,,,,,,,,,,,,,,,,,,,,,,,,,,,,,,,,,,,,,"43",,,,,,,,,,,,,,,,,,,,,,,,,,,,,,,,,,,,,,,,,,"43",,,,,,,,,,,,,,,,,,,,,,,,,,,,,,,,,,,,,,,,,,"43",,,,,,,,,,,,,,,,,,,,,,,,,,,,,,,,,,,,,,,,,,"43",,,,,,,,,,,,,,,,,,,,,,,,,,,,,,,,,,,,,,,,,,"43",,,,,,,,,,,,,,,,,,,,,,,,,,,,,,,,,,,,,,,,,,"43",,,,,,,,,,,,,,,,,,,,,,,,,,,,,,,,,,,,,,,,,,"43",,,,,,,,,,,,,,,,,,,,,,,,,,,,,,,,,,,,,,,,,,"43",,,,,,,,,,,,,,,,,,,,,,,,,,,,,,,,,,,,,,,,,,"43",,,,,,,,,,,,,,,,,,,,,,,,,,,,,,,,,,,,,,,,,,"43",,,,,,,,,,,,,,,,,,,,,,,,,,,,,,,,,,,,,,,,,,"43",,,,,,,,,,,,,,,,,,,,,,,,,,,,,,,,,,,,,,,,,,"43",,,,,,,,,,,,,,,,,,,,,,,,,,,,,,,,,,,,,,,,,,"43",,,,,,,,,,,,,,,,,,,,,,,,,,,,,,,,,,,,,,,,,,"43",,,,,,,,,,,,,,,,,,,,,,,,,,,,,,,,,,,,,,,,,,"43",,,,,,,,,,,,,,,,,,,,,,,,,,,,,,,,,,,,,,,,,,"43",,,,,,,,,,,,,,,,,,,,,,,,,,,,,,,,,,,,,,,,,,"43",,,,,,,,,,,,,,,,,,,,,,,,,,,,,,,,,,,,,,,,,,"43",,,,,,,,,,,,,,,,,,,,,,,,,,,,,,,,,,,,,,,,,,"43",,,,,,,,,,,,,,,,,,,,,,,,,,,,,,,,,,,,,,,,,,"43",,,,,,,,,,,,,,,,,,,,,,,,,,,,,,,,,,,,,,,,,,"43",,,,,,,,,,,,,,,,,,,,,,,,,,,,,,,,,,,,,,,,,,"43",,,,,,,,,,,,,,,,,,,,,,,,,,,,,,,,,,,,,,,,,,"43",,,,,,,,,,,,,,,,,,,,,,,,,,,,,,,,,,,,,,,,,,"43",,,,,,,,,,,,,,,,,,,,,,,,,,,,,,,,,,,,,,,,,,"43",,,,,,,,,,,,,,,,,,,,,,,,,,,,,,,,,,,,,,,,,,"43",,,,,,,,,,,,,,,,,,,,,,,,,,,,,,,,,,,,,,,,,,"43",,,,,,,,,,,,,,,,,,,,,,,,,,,,,,,,,,,,,,,,,,"43",,,,,,,,,,,,,,,,,,,,,,,,,,,,,,,,,,,,,,,,,,"43",,,,,,,,,,,,,,,,,,,,,,,,,,,,,,,,,,,,,,,,,,"43",,,,,,,,,,,,,,,,,,,,,,,,,,,,,,,,,,,,,,,,,,"43",,,,,,,,,,,,,,,,,,,,,,,,,,,,,,,,,,,,,,,,,,"43",,,,,,,,,,,,,,,,,,,,,,,,,,,,,,,,,,,,,,,,,,"43",,,,,,,,,,,,,,,,,,,,,,,,,,,,,,,,,,,,,,,,,,"43",,,,,,,,,,,,,,,,,,,,,,,,,,,,,,,,,,,,,,,,,,"43",,,,,,,,,,,,,,,,,,,,,,,,,,,,,,,,,,,,,,,,,,"43",,,,,,,,,,,,,,,,,,,,,,,,,,,,,,,,,,,,,,,,,,"43",,,,,,,,,,,,,,,,,,,,,,,,,,,,,,,,,,,,,,,,,,"43",,,,,,,,,,,,,,,,,,,,,,,,,,,,,,,,,,,,,,,,,,"43",,,,,,,,,,,,,,,,,,,,,,,,,,,,,,,,,,,,,,,,,,"43",,,,,,,,,,,,,,,,,,,,,,,,,,,,,,,,,,,,,,,,,,"43",,,,,,,,,,,,,,,,,,,,,,,,,,,,,,,,,,,,,,,,,,"43",,,,,,,,,,,,,,,,,,,,,,,,,,,,,,,,,,,,,,,,,,"43",,,,,,,,,,,,,,,,,,,,,,,,,,,,,,,,,,,,,,,,,,"43",,,,,,,,,,,,,,,,,,,,,,,,,,,,,,,,,,,,,,,,,,"43",,,,,,,,,,,,,,,,,,,,,,,,,,,,,,,,,,,,,,,,,,"43",,,,,,,,,,,,,,,,,,,,,,,,,,,,,,,,,,,,,,,,,,"43",,,,,,,,,,,,,,,,,,,,,,,,,,,,,,,,,,,,,,,,,,"43",,,,,,,,,,,,,,,,,,,,,,,,,,,,,,,,,,,,,,,,,,"43",,,,,,,,,,,,,,,,,,,,,,,,,,,,,,,,,,,,,,,,,,"43",,,,,,,,,,,,,,,,,,,,,,,,,,,,,,,,,,,,,,,,,,"43",,,,,,,,,,,,,,,,,,,,,,,,,,,,,,,,,,,,,,,,,,"43",,,,,,,,,,,,,,,,,,,,,,,,,,,,,,,,,,,,,,,,,,"43",,,,,,,,,,,,,,,,,,,,,,,,,,,,,,,,,,,,,,,,,,"43",,,,,,,,,,,,,,,,,,,,,,,,,,,,,,,,,,,,,,,,,,"43",,,,,,,,,,,,,,,,,,,,,,,,,,,,,,,,,,,,,,,,,,"43",,,,,,,,,,,,,,,,,,,,,,,,,,,,,,,,,,,,,,,,,,"43",,,,,,,,,,,,,,,,,,,,,,,,,,,,,,,,,,,,,,,,,,"43",,,,,,,,,,,,,,,,,,,,,,,,,,,,,,,,,,,,,,,,,,"43",,,,,,,,,,,,,,,,,,,,,,,,,,,,,,,,,,,,,,,,,,"43",,,,,,,,,,,,,,,,,,,,,,,,,,,,,,,,,,,,,,,,,,"43",,,,,,,,,,,,,,,,,,,,,,,,,,,,,,,,,,,,,,,,,,"43",,,,,,,,,,,,,,,,,,,,,,,,,,,,,,,,,,,,,,,,,,"43",,,,,,,,,,,,,,,,,,,,,,,,,,,,,,,,,,,,,,,,,,"43",,,,,,,,,,,,,,,,,,,,,,,,,,,,,,,,,,,,,,,,,,"43",,,,,,,,,,,,,,,,,,,,,,,,,,,,,,,,,,,,,,,,,,"43",,,,,,,,,,,,,,,,,,,,,,,,,,,,,,,,,,,,,,,,,,"43",,,,,,,,,,,,,,,,,,,,,,,,,,,,,,,,,,,,,,,,,,"43",,,,,,,,,,,,,,,,,,,,,,,,,,,,,,,,,,,,,,,,,,"43",,,,,,,,,,,,,,,,,,,,,,,,,,,,,,,,,,,,,,,,,,"43",,,,,,,,,,,,,,,,,,,,,,,,,,,,,,,,,,,,,,,,,,"43",,,,,,,,,,,,,,,,,,,,,,,,,,,,,,,,,,,,,,,,,,"43",,,,,,,,,,,,,,,,,,,,,,,,,,,,,,,,,,,,,,,,,,"43",,,,,,,,,,,,,,,,,,,,,,,,,,,,,,,,,,,,,,,,,,"43",,,,,,,,,,,,,,,,,,,,,,,,,,,,,,,,,,,,,,,,,,"43",,,,,,,,,,,,,,,,,,,,,,,,,,,,,,,,,,,,,,,,,,"43",,,,,,,,,,,,,,,,,,,,,,,,,,,,,,,,,,,,,,,,,,"43",,,,,,,,,,,,,,,,,,,,,,,,,,,,,,,,,,,,,,,,,,"43",,,,,,,,,,,,,,,,,,,,,,,,,,,,,,,,,,,,,,,,,,"43",,,,,,,,,,,,,,,,,,,,,,,,,,,,,,,,,,,,,,,,,,"43",,,,,,,,,,,,,,,,,,,,,,,,,,,,,,,,,,,,,,,,,,"43",,,,,,,,,,,,,,,,,,,,,,,,,,,,,,,,,,,,,,,,,,"43",,,,,,,,,,,,,,,,,,,,,,,,,,,,,,,,,,,,,,,,,,"43",,,,,,,,,,,,,,,,,,,,,,,,,,,,,,,,,,,,,,,,,,"43",,,,,,,,,,,,,,,,,,,,,,,,,,,,,,,,,,,,,,,,,
"mplgu","43",,,,,,,,,,,,,,,,,,,,,,,,,,,,,,,,,,,,,,,,,,"43",,,,,,,,,,,,,,,,,,,,,,,,,,,,,,,,,,,,,,,,,,"43",,,,,,,,,,,,,,,,,,,,,,,,,,,,,,,,,,,,,,,,,,"43",,,,,,,,,,,,,,,,,,,,,,,,,,,,,,,,,,,,,,,,,,"43",,,,,,,,,,,,,,,,,,,,,,,,,,,,,,,,,,,,,,,,,,"43",,,,,,,,,,,,,,,,,,,,,,,,,,,,,,,,,,,,,,,,,,"43",,,,,,,,,,,,,,,,,,,,,,,,,,,,,,,,,,,,,,,,,,"43",,,,,,,,,,,,,,,,,,,,,,,,,,,,,,,,,,,,,,,,,,"43",,,,,,,,,,,,,,,,,,,,,,,,,,,,,,,,,,,,,,,,,,"43",,,,,,,,,,,,,,,,,,,,,,,,,,,,,,,,,,,,,,,,,,"43",,,,,,,,,,,,,,,,,,,,,,,,,,,,,,,,,,,,,,,,,,"43",,,,,,,,,,,,,,,,,,,,,,,,,,,,,,,,,,,,,,,,,,"43",,,,,,,,,,,,,,,,,,,,,,,,,,,,,,,,,,,,,,,,,,"43",,,,,,,,,,,,,,,,,,,,,,,,,,,,,,,,,,,,,,,,,,"43",,,,,,,,,,,,,,,,,,,,,,,,,,,,,,,,,,,,,,,,,,"43",,,,,,,,,,,,,,,,,,,,,,,,,,,,,,,,,,,,,,,,,,"43",,,,,,,,,,,,,,,,,,,,,,,,,,,,,,,,,,,,,,,,,,"43",,,,,,,,,,,,,,,,,,,,,,,,,,,,,,,,,,,,,,,,,,"43",,,,,,,,,,,,,,,,,,,,,,,,,,,,,,,,,,,,,,,,,,"43",,,,,,,,,,,,,,,,,,,,,,,,,,,,,,,,,,,,,,,,,,"43",,,,,,,,,,,,,,,,,,,,,,,,,,,,,,,,,,,,,,,,,,"43",,,,,,,,,,,,,,,,,,,,,,,,,,,,,,,,,,,,,,,,,,"43",,,,,,,,,,,,,,,,,,,,,,,,,,,,,,,,,,,,,,,,,,"43",,,,,,,,,,,,,,,,,,,,,,,,,,,,,,,,,,,,,,,,,,"43",,,,,,,,,,,,,,,,,,,,,,,,,,,,,,,,,,,,,,,,,,"43",,,,,,,,,,,,,,,,,,,,,,,,,,,,,,,,,,,,,,,,,,"43",,,,,,,,,,,,,,,,,,,,,,,,,,,,,,,,,,,,,,,,,,"43",,,,,,,,,,,,,,,,,,,,,,,,,,,,,,,,,,,,,,,,,,"43",,,,,,,,,,,,,,,,,,,,,,,,,,,,,,,,,,,,,,,,,,"43",,,,,,,,,,,,,,,,,,,,,,,,,,,,,,,,,,,,,,,,,,"43",,,,,,,,,,,,,,,,,,,,,,,,,,,,,,,,,,,,,,,,,,"43",,,,,,,,,,,,,,,,,,,,,,,,,,,,,,,,,,,,,,,,,,"43",,,,,,,,,,,,,,,,,,,,,,,,,,,,,,,,,,,,,,,,,,"43",,,,,,,,,,,,,,,,,,,,,,,,,,,,,,,,,,,,,,,,,,"43",,,,,,,,,,,,,,,,,,,,,,,,,,,,,,,,,,,,,,,,,,"43",,,,,,,,,,,,,,,,,,,,,,,,,,,,,,,,,,,,,,,,,,"43",,,,,,,,,,,,,,,,,,,,,,,,,,,,,,,,,,,,,,,,,,"43",,,,,,,,,,,,,,,,,,,,,,,,,,,,,,,,,,,,,,,,,,"43",,,,,,,,,,,,,,,,,,,,,,,,,,,,,,,,,,,,,,,,,,"43",,,,,,,,,,,,,,,,,,,,,,,,,,,,,,,,,,,,,,,,,,"43",,,,,,,,,,,,,,,,,,,,,,,,,,,,,,,,,,,,,,,,,,"43",,,,,,,,,,,,,,,,,,,,,,,,,,,,,,,,,,,,,,,,,,"43",,,,,,,,,,,,,,,,,,,,,,,,,,,,,,,,,,,,,,,,,,"43",,,,,,,,,,,,,,,,,,,,,,,,,,,,,,,,,,,,,,,,,,"43",,,,,,,,,,,,,,,,,,,,,,,,,,,,,,,,,,,,,,,,,,"43",,,,,,,,,,,,,,,,,,,,,,,,,,,,,,,,,,,,,,,,,,"43",,,,,,,,,,,,,,,,,,,,,,,,,,,,,,,,,,,,,,,,,,"43",,,,,,,,,,,,,,,,,,,,,,,,,,,,,,,,,,,,,,,,,,"43",,,,,,,,,,,,,,,,,,,,,,,,,,,,,,,,,,,,,,,,,,"43",,,,,,,,,,,,,,,,,,,,,,,,,,,,,,,,,,,,,,,,,,"43",,,,,,,,,,,,,,,,,,,,,,,,,,,,,,,,,,,,,,,,,,"43",,,,,,,,,,,,,,,,,,,,,,,,,,,,,,,,,,,,,,,,,,"43",,,,,,,,,,,,,,,,,,,,,,,,,,,,,,,,,,,,,,,,,,"43",,,,,,,,,,,,,,,,,,,,,,,,,,,,,,,,,,,,,,,,,,"43",,,,,,,,,,,,,,,,,,,,,,,,,,,,,,,,,,,,,,,,,,"43",,,,,,,,,,,,,,,,,,,,,,,,,,,,,,,,,,,,,,,,,,"43",,,,,,,,,,,,,,,,,,,,,,,,,,,,,,,,,,,,,,,,,,"43",,,,,,,,,,,,,,,,,,,,,,,,,,,,,,,,,,,,,,,,,,"43",,,,,,,,,,,,,,,,,,,,,,,,,,,,,,,,,,,,,,,,,,"43",,,,,,,,,,,,,,,,,,,,,,,,,,,,,,,,,,,,,,,,,,"43",,,,,,,,,,,,,,,,,,,,,,,,,,,,,,,,,,,,,,,,,,"43",,,,,,,,,,,,,,,,,,,,,,,,,,,,,,,,,,,,,,,,,,"43",,,,,,,,,,,,,,,,,,,,,,,,,,,,,,,,,,,,,,,,,,"43",,,,,,,,,,,,,,,,,,,,,,,,,,,,,,,,,,,,,,,,,,"43",,,,,,,,,,,,,,,,,,,,,,,,,,,,,,,,,,,,,,,,,,"43",,,,,,,,,,,,,,,,,,,,,,,,,,,,,,,,,,,,,,,,,,"43",,,,,,,,,,,,,,,,,,,,,,,,,,,,,,,,,,,,,,,,,,"43",,,,,,,,,,,,,,,,,,,,,,,,,,,,,,,,,,,,,,,,,,"43",,,,,,,,,,,,,,,,,,,,,,,,,,,,,,,,,,,,,,,,,,"43",,,,,,,,,,,,,,,,,,,,,,,,,,,,,,,,,,,,,,,,,,"43",,,,,,,,,,,,,,,,,,,,,,,,,,,,,,,,,,,,,,,,,,"43",,,,,,,,,,,,,,,,,,,,,,,,,,,,,,,,,,,,,,,,,,"43",,,,,,,,,,,,,,,,,,,,,,,,,,,,,,,,,,,,,,,,,,"43",,,,,,,,,,,,,,,,,,,,,,,,,,,,,,,,,,,,,,,,,,"43",,,,,,,,,,,,,,,,,,,,,,,,,,,,,,,,,,,,,,,,,,"43",,,,,,,,,,,,,,,,,,,,,,,,,,,,,,,,,,,,,,,,,,"43",,,,,,,,,,,,,,,,,,,,,,,,,,,,,,,,,,,,,,,,,,"43",,,,,,,,,,,,,,,,,,,,,,,,,,,,,,,,,,,,,,,,,,"43",,,,,,,,,,,,,,,,,,,,,,,,,,,,,,,,,,,,,,,,,,"43",,,,,,,,,,,,,,,,,,,,,,,,,,,,,,,,,,,,,,,,,,"43",,,,,,,,,,,,,,,,,,,,,,,,,,,,,,,,,,,,,,,,,,"43",,,,,,,,,,,,,,,,,,,,,,,,,,,,,,,,,,,,,,,,,,"43",,,,,,,,,,,,,,,,,,,,,,,,,,,,,,,,,,,,,,,,,,"43",,,,,,,,,,,,,,,,,,,,,,,,,,,,,,,,,,,,,,,,,,"43",,,,,,,,,,,,,,,,,,,,,,,,,,,,,,,,,,,,,,,,,,"43",,,,,,,,,,,,,,,,,,,,,,,,,,,,,,,,,,,,,,,,,,"43",,,,,,,,,,,,,,,,,,,,,,,,,,,,,,,,,,,,,,,,,,"43",,,,,,,,,,,,,,,,,,,,,,,,,,,,,,,,,,,,,,,,,,"43",,,,,,,,,,,,,,,,,,,,,,,,,,,,,,,,,,,,,,,,,,"43",,,,,,,,,,,,,,,,,,,,,,,,,,,,,,,,,,,,,,,,,,"43",,,,,,,,,,,,,,,,,,,,,,,,,,,,,,,,,,,,,,,,,,"43",,,,,,,,,,,,,,,,,,,,,,,,,,,,,,,,,,,,,,,,,,"43",,,,,,,,,,,,,,,,,,,,,,,,,,,,,,,,,,,,,,,,,,"43",,,,,,,,,,,,,,,,,,,,,,,,,,,,,,,,,,,,,,,,,,"43",,,,,,,,,,,,,,,,,,,,,,,,,,,,,,,,,,,,,,,,,,"43",,,,,,,,,,,,,,,,,,,,,,,,,,,,,,,,,,,,,,,,,,"43",,,,,,,,,,,,,,,,,,,,,,,,,,,,,,,,,,,,,,,,,,"43",,,,,,,,,,,,,,,,,,,,,,,,,,,,,,,,,,,,,,,,,,"43",,,,,,,,,,,,,,,,,,,,,,,,,,,,,,,,,,,,,,,,,,"43",,,,,,,,,,,,,,,,,,,,,,,,,,,,,,,,,,,,,,,,,
"bd","6",,,,,,,,,,,,,,,,,,,,,,,,,,,,,,,,,,,,,,,,,,"6",,,,,,,,,,,,,,,,,,,,,,,,,,,,,,,,,,,,,,,,,,"6",,,,,,,,,,,,,,,,,,,,,,,,,,,,,,,,,,,,,,,,,,"6",,,,,,,,,,,,,,,,,,,,,,,,,,,,,,,,,,,,,,,,,,"6",,,,,,,,,,,,,,,,,,,,,,,,,,,,,,,,,,,,,,,,,,"6",,,,,,,,,,,,,,,,,,,,,,,,,,,,,,,,,,,,,,,,,,"6",,,,,,,,,,,,,,,,,,,,,,,,,,,,,,,,,,,,,,,,,,"6",,,,,,,,,,,,,,,,,,,,,,,,,,,,,,,,,,,,,,,,,,"6",,,,,,,,,,,,,,,,,,,,,,,,,,,,,,,,,,,,,,,,,,"6",,,,,,,,,,,,,,,,,,,,,,,,,,,,,,,,,,,,,,,,,,"6",,,,,,,,,,,,,,,,,,,,,,,,,,,,,,,,,,,,,,,,,,"6",,,,,,,,,,,,,,,,,,,,,,,,,,,,,,,,,,,,,,,,,,"6",,,,,,,,,,,,,,,,,,,,,,,,,,,,,,,,,,,,,,,,,,"6",,,,,,,,,,,,,,,,,,,,,,,,,,,,,,,,,,,,,,,,,,"6",,,,,,,,,,,,,,,,,,,,,,,,,,,,,,,,,,,,,,,,,,"6",,,,,,,,,,,,,,,,,,,,,,,,,,,,,,,,,,,,,,,,,,"6",,,,,,,,,,,,,,,,,,,,,,,,,,,,,,,,,,,,,,,,,,"6",,,,,,,,,,,,,,,,,,,,,,,,,,,,,,,,,,,,,,,,,,"6",,,,,,,,,,,,,,,,,,,,,,,,,,,,,,,,,,,,,,,,,,"6",,,,,,,,,,,,,,,,,,,,,,,,,,,,,,,,,,,,,,,,,,"6",,,,,,,,,,,,,,,,,,,,,,,,,,,,,,,,,,,,,,,,,,"6",,,,,,,,,,,,,,,,,,,,,,,,,,,,,,,,,,,,,,,,,,"6",,,,,,,,,,,,,,,,,,,,,,,,,,,,,,,,,,,,,,,,,,"6",,,,,,,,,,,,,,,,,,,,,,,,,,,,,,,,,,,,,,,,,,"6",,,,,,,,,,,,,,,,,,,,,,,,,,,,,,,,,,,,,,,,,,"6",,,,,,,,,,,,,,,,,,,,,,,,,,,,,,,,,,,,,,,,,,"6",,,,,,,,,,,,,,,,,,,,,,,,,,,,,,,,,,,,,,,,,,"6",,,,,,,,,,,,,,,,,,,,,,,,,,,,,,,,,,,,,,,,,,"6",,,,,,,,,,,,,,,,,,,,,,,,,,,,,,,,,,,,,,,,,,"6",,,,,,,,,,,,,,,,,,,,,,,,,,,,,,,,,,,,,,,,,,"6",,,,,,,,,,,,,,,,,,,,,,,,,,,,,,,,,,,,,,,,,,"6",,,,,,,,,,,,,,,,,,,,,,,,,,,,,,,,,,,,,,,,,,"6",,,,,,,,,,,,,,,,,,,,,,,,,,,,,,,,,,,,,,,,,,"6",,,,,,,,,,,,,,,,,,,,,,,,,,,,,,,,,,,,,,,,,,"6",,,,,,,,,,,,,,,,,,,,,,,,,,,,,,,,,,,,,,,,,,"6",,,,,,,,,,,,,,,,,,,,,,,,,,,,,,,,,,,,,,,,,,"6",,,,,,,,,,,,,,,,,,,,,,,,,,,,,,,,,,,,,,,,,,"6",,,,,,,,,,,,,,,,,,,,,,,,,,,,,,,,,,,,,,,,,,"6",,,,,,,,,,,,,,,,,,,,,,,,,,,,,,,,,,,,,,,,,,"6",,,,,,,,,,,,,,,,,,,,,,,,,,,,,,,,,,,,,,,,,,"6",,,,,,,,,,,,,,,,,,,,,,,,,,,,,,,,,,,,,,,,,,"6",,,,,,,,,,,,,,,,,,,,,,,,,,,,,,,,,,,,,,,,,,"6",,,,,,,,,,,,,,,,,,,,,,,,,,,,,,,,,,,,,,,,,,"6",,,,,,,,,,,,,,,,,,,,,,,,,,,,,,,,,,,,,,,,,,"6",,,,,,,,,,,,,,,,,,,,,,,,,,,,,,,,,,,,,,,,,,"6",,,,,,,,,,,,,,,,,,,,,,,,,,,,,,,,,,,,,,,,,,"6",,,,,,,,,,,,,,,,,,,,,,,,,,,,,,,,,,,,,,,,,,"6",,,,,,,,,,,,,,,,,,,,,,,,,,,,,,,,,,,,,,,,,,"6",,,,,,,,,,,,,,,,,,,,,,,,,,,,,,,,,,,,,,,,,,"6",,,,,,,,,,,,,,,,,,,,,,,,,,,,,,,,,,,,,,,,,,"6",,,,,,,,,,,,,,,,,,,,,,,,,,,,,,,,,,,,,,,,,,"6",,,,,,,,,,,,,,,,,,,,,,,,,,,,,,,,,,,,,,,,,,"6",,,,,,,,,,,,,,,,,,,,,,,,,,,,,,,,,,,,,,,,,,"6",,,,,,,,,,,,,,,,,,,,,,,,,,,,,,,,,,,,,,,,,,"6",,,,,,,,,,,,,,,,,,,,,,,,,,,,,,,,,,,,,,,,,,"6",,,,,,,,,,,,,,,,,,,,,,,,,,,,,,,,,,,,,,,,,,"6",,,,,,,,,,,,,,,,,,,,,,,,,,,,,,,,,,,,,,,,,,"6",,,,,,,,,,,,,,,,,,,,,,,,,,,,,,,,,,,,,,,,,,"6",,,,,,,,,,,,,,,,,,,,,,,,,,,,,,,,,,,,,,,,,,"6",,,,,,,,,,,,,,,,,,,,,,,,,,,,,,,,,,,,,,,,,,"6",,,,,,,,,,,,,,,,,,,,,,,,,,,,,,,,,,,,,,,,,,"6",,,,,,,,,,,,,,,,,,,,,,,,,,,,,,,,,,,,,,,,,,"6",,,,,,,,,,,,,,,,,,,,,,,,,,,,,,,,,,,,,,,,,,"6",,,,,,,,,,,,,,,,,,,,,,,,,,,,,,,,,,,,,,,,,,"6",,,,,,,,,,,,,,,,,,,,,,,,,,,,,,,,,,,,,,,,,,"6",,,,,,,,,,,,,,,,,,,,,,,,,,,,,,,,,,,,,,,,,,"6",,,,,,,,,,,,,,,,,,,,,,,,,,,,,,,,,,,,,,,,,,"6",,,,,,,,,,,,,,,,,,,,,,,,,,,,,,,,,,,,,,,,,,"6",,,,,,,,,,,,,,,,,,,,,,,,,,,,,,,,,,,,,,,,,,"6",,,,,,,,,,,,,,,,,,,,,,,,,,,,,,,,,,,,,,,,,,"6",,,,,,,,,,,,,,,,,,,,,,,,,,,,,,,,,,,,,,,,,,"6",,,,,,,,,,,,,,,,,,,,,,,,,,,,,,,,,,,,,,,,,,"6",,,,,,,,,,,,,,,,,,,,,,,,,,,,,,,,,,,,,,,,,,"6",,,,,,,,,,,,,,,,,,,,,,,,,,,,,,,,,,,,,,,,,,"6",,,,,,,,,,,,,,,,,,,,,,,,,,,,,,,,,,,,,,,,,,"6",,,,,,,,,,,,,,,,,,,,,,,,,,,,,,,,,,,,,,,,,,"6",,,,,,,,,,,,,,,,,,,,,,,,,,,,,,,,,,,,,,,,,,"6",,,,,,,,,,,,,,,,,,,,,,,,,,,,,,,,,,,,,,,,,,"6",,,,,,,,,,,,,,,,,,,,,,,,,,,,,,,,,,,,,,,,,,"6",,,,,,,,,,,,,,,,,,,,,,,,,,,,,,,,,,,,,,,,,,"6",,,,,,,,,,,,,,,,,,,,,,,,,,,,,,,,,,,,,,,,,,"6",,,,,,,,,,,,,,,,,,,,,,,,,,,,,,,,,,,,,,,,,,"6",,,,,,,,,,,,,,,,,,,,,,,,,,,,,,,,,,,,,,,,,,"6",,,,,,,,,,,,,,,,,,,,,,,,,,,,,,,,,,,,,,,,,,"6",,,,,,,,,,,,,,,,,,,,,,,,,,,,,,,,,,,,,,,,,,"6",,,,,,,,,,,,,,,,,,,,,,,,,,,,,,,,,,,,,,,,,,"6",,,,,,,,,,,,,,,,,,,,,,,,,,,,,,,,,,,,,,,,,,"6",,,,,,,,,,,,,,,,,,,,,,,,,,,,,,,,,,,,,,,,,,"6",,,,,,,,,,,,,,,,,,,,,,,,,,,,,,,,,,,,,,,,,,"6",,,,,,,,,,,,,,,,,,,,,,,,,,,,,,,,,,,,,,,,,,"6",,,,,,,,,,,,,,,,,,,,,,,,,,,,,,,,,,,,,,,,,,"6",,,,,,,,,,,,,,,,,,,,,,,,,,,,,,,,,,,,,,,,,,"6",,,,,,,,,,,,,,,,,,,,,,,,,,,,,,,,,,,,,,,,,,"6",,,,,,,,,,,,,,,,,,,,,,,,,,,,,,,,,,,,,,,,,,"6",,,,,,,,,,,,,,,,,,,,,,,,,,,,,,,,,,,,,,,,,,"6",,,,,,,,,,,,,,,,,,,,,,,,,,,,,,,,,,,,,,,,,,"6",,,,,,,,,,,,,,,,,,,,,,,,,,,,,,,,,,,,,,,,,,"6",,,,,,,,,,,,,,,,,,,,,,,,,,,,,,,,,,,,,,,,,,"6",,,,,,,,,,,,,,,,,,,,,,,,,,,,,,,,,,,,,,,,,,"6",,,,,,,,,,,,,,,,,,,,,,,,,,,,,,,,,,,,,,,,,
"business","3",,,,,,,,,,,,,,,,,,,,,,,,,,,,,,,,,,,,,,,,,,"3",,,,,,,,,,,,,,,,,,,,,,,,,,,,,,,,,,,,,,,,,,"3",,,,,,,,,,,,,,,,,,,,,,,,,,,,,,,,,,,,,,,,,,"3",,,,,,,,,,,,,,,,,,,,,,,,,,,,,,,,,,,,,,,,,,"3",,,,,,,,,,,,,,,,,,,,,,,,,,,,,,,,,,,,,,,,,,"3",,,,,,,,,,,,,,,,,,,,,,,,,,,,,,,,,,,,,,,,,,"3",,,,,,,,,,,,,,,,,,,,,,,,,,,,,,,,,,,,,,,,,,"3",,,,,,,,,,,,,,,,,,,,,,,,,,,,,,,,,,,,,,,,,,"3",,,,,,,,,,,,,,,,,,,,,,,,,,,,,,,,,,,,,,,,,,"3",,,,,,,,,,,,,,,,,,,,,,,,,,,,,,,,,,,,,,,,,,"3",,,,,,,,,,,,,,,,,,,,,,,,,,,,,,,,,,,,,,,,,,"3",,,,,,,,,,,,,,,,,,,,,,,,,,,,,,,,,,,,,,,,,,"3",,,,,,,,,,,,,,,,,,,,,,,,,,,,,,,,,,,,,,,,,,"3",,,,,,,,,,,,,,,,,,,,,,,,,,,,,,,,,,,,,,,,,,"3",,,,,,,,,,,,,,,,,,,,,,,,,,,,,,,,,,,,,,,,,,"3",,,,,,,,,,,,,,,,,,,,,,,,,,,,,,,,,,,,,,,,,,"3",,,,,,,,,,,,,,,,,,,,,,,,,,,,,,,,,,,,,,,,,,"3",,,,,,,,,,,,,,,,,,,,,,,,,,,,,,,,,,,,,,,,,,"3",,,,,,,,,,,,,,,,,,,,,,,,,,,,,,,,,,,,,,,,,,"3",,,,,,,,,,,,,,,,,,,,,,,,,,,,,,,,,,,,,,,,,,"3",,,,,,,,,,,,,,,,,,,,,,,,,,,,,,,,,,,,,,,,,,"3",,,,,,,,,,,,,,,,,,,,,,,,,,,,,,,,,,,,,,,,,,"3",,,,,,,,,,,,,,,,,,,,,,,,,,,,,,,,,,,,,,,,,,"3",,,,,,,,,,,,,,,,,,,,,,,,,,,,,,,,,,,,,,,,,,"3",,,,,,,,,,,,,,,,,,,,,,,,,,,,,,,,,,,,,,,,,,"3",,,,,,,,,,,,,,,,,,,,,,,,,,,,,,,,,,,,,,,,,,"3",,,,,,,,,,,,,,,,,,,,,,,,,,,,,,,,,,,,,,,,,,"3",,,,,,,,,,,,,,,,,,,,,,,,,,,,,,,,,,,,,,,,,,"3",,,,,,,,,,,,,,,,,,,,,,,,,,,,,,,,,,,,,,,,,,"3",,,,,,,,,,,,,,,,,,,,,,,,,,,,,,,,,,,,,,,,,,"3",,,,,,,,,,,,,,,,,,,,,,,,,,,,,,,,,,,,,,,,,,"3",,,,,,,,,,,,,,,,,,,,,,,,,,,,,,,,,,,,,,,,,,"3",,,,,,,,,,,,,,,,,,,,,,,,,,,,,,,,,,,,,,,,,,"3",,,,,,,,,,,,,,,,,,,,,,,,,,,,,,,,,,,,,,,,,,"3",,,,,,,,,,,,,,,,,,,,,,,,,,,,,,,,,,,,,,,,,,"3",,,,,,,,,,,,,,,,,,,,,,,,,,,,,,,,,,,,,,,,,,"3",,,,,,,,,,,,,,,,,,,,,,,,,,,,,,,,,,,,,,,,,,"3",,,,,,,,,,,,,,,,,,,,,,,,,,,,,,,,,,,,,,,,,,"3",,,,,,,,,,,,,,,,,,,,,,,,,,,,,,,,,,,,,,,,,,"3",,,,,,,,,,,,,,,,,,,,,,,,,,,,,,,,,,,,,,,,,,"3",,,,,,,,,,,,,,,,,,,,,,,,,,,,,,,,,,,,,,,,,,"3",,,,,,,,,,,,,,,,,,,,,,,,,,,,,,,,,,,,,,,,,,"3",,,,,,,,,,,,,,,,,,,,,,,,,,,,,,,,,,,,,,,,,,"3",,,,,,,,,,,,,,,,,,,,,,,,,,,,,,,,,,,,,,,,,,"3",,,,,,,,,,,,,,,,,,,,,,,,,,,,,,,,,,,,,,,,,,"3",,,,,,,,,,,,,,,,,,,,,,,,,,,,,,,,,,,,,,,,,,"3",,,,,,,,,,,,,,,,,,,,,,,,,,,,,,,,,,,,,,,,,,"3",,,,,,,,,,,,,,,,,,,,,,,,,,,,,,,,,,,,,,,,,,"3",,,,,,,,,,,,,,,,,,,,,,,,,,,,,,,,,,,,,,,,,,"3",,,,,,,,,,,,,,,,,,,,,,,,,,,,,,,,,,,,,,,,,,"3",,,,,,,,,,,,,,,,,,,,,,,,,,,,,,,,,,,,,,,,,,"3",,,,,,,,,,,,,,,,,,,,,,,,,,,,,,,,,,,,,,,,,,"3",,,,,,,,,,,,,,,,,,,,,,,,,,,,,,,,,,,,,,,,,,"3",,,,,,,,,,,,,,,,,,,,,,,,,,,,,,,,,,,,,,,,,,"3",,,,,,,,,,,,,,,,,,,,,,,,,,,,,,,,,,,,,,,,,,"3",,,,,,,,,,,,,,,,,,,,,,,,,,,,,,,,,,,,,,,,,,"3",,,,,,,,,,,,,,,,,,,,,,,,,,,,,,,,,,,,,,,,,,"3",,,,,,,,,,,,,,,,,,,,,,,,,,,,,,,,,,,,,,,,,,"3",,,,,,,,,,,,,,,,,,,,,,,,,,,,,,,,,,,,,,,,,,"3",,,,,,,,,,,,,,,,,,,,,,,,,,,,,,,,,,,,,,,,,,"3",,,,,,,,,,,,,,,,,,,,,,,,,,,,,,,,,,,,,,,,,,"3",,,,,,,,,,,,,,,,,,,,,,,,,,,,,,,,,,,,,,,,,,"3",,,,,,,,,,,,,,,,,,,,,,,,,,,,,,,,,,,,,,,,,,"3",,,,,,,,,,,,,,,,,,,,,,,,,,,,,,,,,,,,,,,,,,"3",,,,,,,,,,,,,,,,,,,,,,,,,,,,,,,,,,,,,,,,,,"3",,,,,,,,,,,,,,,,,,,,,,,,,,,,,,,,,,,,,,,,,,"3",,,,,,,,,,,,,,,,,,,,,,,,,,,,,,,,,,,,,,,,,,"3",,,,,,,,,,,,,,,,,,,,,,,,,,,,,,,,,,,,,,,,,,"3",,,,,,,,,,,,,,,,,,,,,,,,,,,,,,,,,,,,,,,,,,"3",,,,,,,,,,,,,,,,,,,,,,,,,,,,,,,,,,,,,,,,,,"3",,,,,,,,,,,,,,,,,,,,,,,,,,,,,,,,,,,,,,,,,,"3",,,,,,,,,,,,,,,,,,,,,,,,,,,,,,,,,,,,,,,,,,"3",,,,,,,,,,,,,,,,,,,,,,,,,,,,,,,,,,,,,,,,,,"3",,,,,,,,,,,,,,,,,,,,,,,,,,,,,,,,,,,,,,,,,,"3",,,,,,,,,,,,,,,,,,,,,,,,,,,,,,,,,,,,,,,,,,"3",,,,,,,,,,,,,,,,,,,,,,,,,,,,,,,,,,,,,,,,,,"3",,,,,,,,,,,,,,,,,,,,,,,,,,,,,,,,,,,,,,,,,,"3",,,,,,,,,,,,,,,,,,,,,,,,,,,,,,,,,,,,,,,,,,"3",,,,,,,,,,,,,,,,,,,,,,,,,,,,,,,,,,,,,,,,,,"3",,,,,,,,,,,,,,,,,,,,,,,,,,,,,,,,,,,,,,,,,,"3",,,,,,,,,,,,,,,,,,,,,,,,,,,,,,,,,,,,,,,,,,"3",,,,,,,,,,,,,,,,,,,,,,,,,,,,,,,,,,,,,,,,,,"3",,,,,,,,,,,,,,,,,,,,,,,,,,,,,,,,,,,,,,,,,,"3",,,,,,,,,,,,,,,,,,,,,,,,,,,,,,,,,,,,,,,,,,"3",,,,,,,,,,,,,,,,,,,,,,,,,,,,,,,,,,,,,,,,,,"3",,,,,,,,,,,,,,,,,,,,,,,,,,,,,,,,,,,,,,,,,,"3",,,,,,,,,,,,,,,,,,,,,,,,,,,,,,,,,,,,,,,,,,"3",,,,,,,,,,,,,,,,,,,,,,,,,,,,,,,,,,,,,,,,,,"3",,,,,,,,,,,,,,,,,,,,,,,,,,,,,,,,,,,,,,,,,,"3",,,,,,,,,,,,,,,,,,,,,,,,,,,,,,,,,,,,,,,,,,"3",,,,,,,,,,,,,,,,,,,,,,,,,,,,,,,,,,,,,,,,,,"3",,,,,,,,,,,,,,,,,,,,,,,,,,,,,,,,,,,,,,,,,,"3",,,,,,,,,,,,,,,,,,,,,,,,,,,,,,,,,,,,,,,,,,"3",,,,,,,,,,,,,,,,,,,,,,,,,,,,,,,,,,,,,,,,,,"3",,,,,,,,,,,,,,,,,,,,,,,,,,,,,,,,,,,,,,,,,,"3",,,,,,,,,,,,,,,,,,,,,,,,,,,,,,,,,,,,,,,,,,"3",,,,,,,,,,,,,,,,,,,,,,,,,,,,,,,,,,,,,,,,,,"3",,,,,,,,,,,,,,,,,,,,,,,,,,,,,,,,,,,,,,,,,,"3",,,,,,,,,,,,,,,,,,,,,,,,,,,,,,,,,,,,,,,,,,"3",,,,,,,,,,,,,,,,,,,,,,,,,,,,,,,,,,,,,,,,,
"academe","0",,,,,,,,,,,,,,,,,,,,,,,,,,,,,,,,,,,,,,,,,,"0",,,,,,,,,,,,,,,,,,,,,,,,,,,,,,,,,,,,,,,,,,"0",,,,,,,,,,,,,,,,,,,,,,,,,,,,,,,,,,,,,,,,,,"0",,,,,,,,,,,,,,,,,,,,,,,,,,,,,,,,,,,,,,,,,,"0",,,,,,,,,,,,,,,,,,,,,,,,,,,,,,,,,,,,,,,,,,"0",,,,,,,,,,,,,,,,,,,,,,,,,,,,,,,,,,,,,,,,,,"0",,,,,,,,,,,,,,,,,,,,,,,,,,,,,,,,,,,,,,,,,,"0",,,,,,,,,,,,,,,,,,,,,,,,,,,,,,,,,,,,,,,,,,"0",,,,,,,,,,,,,,,,,,,,,,,,,,,,,,,,,,,,,,,,,,"0",,,,,,,,,,,,,,,,,,,,,,,,,,,,,,,,,,,,,,,,,,"0",,,,,,,,,,,,,,,,,,,,,,,,,,,,,,,,,,,,,,,,,,"0",,,,,,,,,,,,,,,,,,,,,,,,,,,,,,,,,,,,,,,,,,"0",,,,,,,,,,,,,,,,,,,,,,,,,,,,,,,,,,,,,,,,,,"0",,,,,,,,,,,,,,,,,,,,,,,,,,,,,,,,,,,,,,,,,,"0",,,,,,,,,,,,,,,,,,,,,,,,,,,,,,,,,,,,,,,,,,"0",,,,,,,,,,,,,,,,,,,,,,,,,,,,,,,,,,,,,,,,,,"0",,,,,,,,,,,,,,,,,,,,,,,,,,,,,,,,,,,,,,,,,,"0",,,,,,,,,,,,,,,,,,,,,,,,,,,,,,,,,,,,,,,,,,"0",,,,,,,,,,,,,,,,,,,,,,,,,,,,,,,,,,,,,,,,,,"0",,,,,,,,,,,,,,,,,,,,,,,,,,,,,,,,,,,,,,,,,,"0",,,,,,,,,,,,,,,,,,,,,,,,,,,,,,,,,,,,,,,,,,"0",,,,,,,,,,,,,,,,,,,,,,,,,,,,,,,,,,,,,,,,,,"0",,,,,,,,,,,,,,,,,,,,,,,,,,,,,,,,,,,,,,,,,,"0",,,,,,,,,,,,,,,,,,,,,,,,,,,,,,,,,,,,,,,,,,"0",,,,,,,,,,,,,,,,,,,,,,,,,,,,,,,,,,,,,,,,,,"0",,,,,,,,,,,,,,,,,,,,,,,,,,,,,,,,,,,,,,,,,,"0",,,,,,,,,,,,,,,,,,,,,,,,,,,,,,,,,,,,,,,,,,"0",,,,,,,,,,,,,,,,,,,,,,,,,,,,,,,,,,,,,,,,,,"0",,,,,,,,,,,,,,,,,,,,,,,,,,,,,,,,,,,,,,,,,,"0",,,,,,,,,,,,,,,,,,,,,,,,,,,,,,,,,,,,,,,,,,"0",,,,,,,,,,,,,,,,,,,,,,,,,,,,,,,,,,,,,,,,,,"0",,,,,,,,,,,,,,,,,,,,,,,,,,,,,,,,,,,,,,,,,,"0",,,,,,,,,,,,,,,,,,,,,,,,,,,,,,,,,,,,,,,,,,"0",,,,,,,,,,,,,,,,,,,,,,,,,,,,,,,,,,,,,,,,,,"0",,,,,,,,,,,,,,,,,,,,,,,,,,,,,,,,,,,,,,,,,,"0",,,,,,,,,,,,,,,,,,,,,,,,,,,,,,,,,,,,,,,,,,"0",,,,,,,,,,,,,,,,,,,,,,,,,,,,,,,,,,,,,,,,,,"0",,,,,,,,,,,,,,,,,,,,,,,,,,,,,,,,,,,,,,,,,,"0",,,,,,,,,,,,,,,,,,,,,,,,,,,,,,,,,,,,,,,,,,"0",,,,,,,,,,,,,,,,,,,,,,,,,,,,,,,,,,,,,,,,,,"0",,,,,,,,,,,,,,,,,,,,,,,,,,,,,,,,,,,,,,,,,,"0",,,,,,,,,,,,,,,,,,,,,,,,,,,,,,,,,,,,,,,,,,"0",,,,,,,,,,,,,,,,,,,,,,,,,,,,,,,,,,,,,,,,,,"0",,,,,,,,,,,,,,,,,,,,,,,,,,,,,,,,,,,,,,,,,,"0",,,,,,,,,,,,,,,,,,,,,,,,,,,,,,,,,,,,,,,,,,"0",,,,,,,,,,,,,,,,,,,,,,,,,,,,,,,,,,,,,,,,,,"0",,,,,,,,,,,,,,,,,,,,,,,,,,,,,,,,,,,,,,,,,,"0",,,,,,,,,,,,,,,,,,,,,,,,,,,,,,,,,,,,,,,,,,"0",,,,,,,,,,,,,,,,,,,,,,,,,,,,,,,,,,,,,,,,,,"0",,,,,,,,,,,,,,,,,,,,,,,,,,,,,,,,,,,,,,,,,,"0",,,,,,,,,,,,,,,,,,,,,,,,,,,,,,,,,,,,,,,,,,"0",,,,,,,,,,,,,,,,,,,,,,,,,,,,,,,,,,,,,,,,,,"0",,,,,,,,,,,,,,,,,,,,,,,,,,,,,,,,,,,,,,,,,,"0",,,,,,,,,,,,,,,,,,,,,,,,,,,,,,,,,,,,,,,,,,"0",,,,,,,,,,,,,,,,,,,,,,,,,,,,,,,,,,,,,,,,,,"0",,,,,,,,,,,,,,,,,,,,,,,,,,,,,,,,,,,,,,,,,,"0",,,,,,,,,,,,,,,,,,,,,,,,,,,,,,,,,,,,,,,,,,"0",,,,,,,,,,,,,,,,,,,,,,,,,,,,,,,,,,,,,,,,,,"0",,,,,,,,,,,,,,,,,,,,,,,,,,,,,,,,,,,,,,,,,,"0",,,,,,,,,,,,,,,,,,,,,,,,,,,,,,,,,,,,,,,,,,"0",,,,,,,,,,,,,,,,,,,,,,,,,,,,,,,,,,,,,,,,,,"0",,,,,,,,,,,,,,,,,,,,,,,,,,,,,,,,,,,,,,,,,,"0",,,,,,,,,,,,,,,,,,,,,,,,,,,,,,,,,,,,,,,,,,"0",,,,,,,,,,,,,,,,,,,,,,,,,,,,,,,,,,,,,,,,,,"0",,,,,,,,,,,,,,,,,,,,,,,,,,,,,,,,,,,,,,,,,,"0",,,,,,,,,,,,,,,,,,,,,,,,,,,,,,,,,,,,,,,,,,"0",,,,,,,,,,,,,,,,,,,,,,,,,,,,,,,,,,,,,,,,,,"0",,,,,,,,,,,,,,,,,,,,,,,,,,,,,,,,,,,,,,,,,,"0",,,,,,,,,,,,,,,,,,,,,,,,,,,,,,,,,,,,,,,,,,"0",,,,,,,,,,,,,,,,,,,,,,,,,,,,,,,,,,,,,,,,,,"0",,,,,,,,,,,,,,,,,,,,,,,,,,,,,,,,,,,,,,,,,,"0",,,,,,,,,,,,,,,,,,,,,,,,,,,,,,,,,,,,,,,,,,"0",,,,,,,,,,,,,,,,,,,,,,,,,,,,,,,,,,,,,,,,,,"0",,,,,,,,,,,,,,,,,,,,,,,,,,,,,,,,,,,,,,,,,,"0",,,,,,,,,,,,,,,,,,,,,,,,,,,,,,,,,,,,,,,,,,"0",,,,,,,,,,,,,,,,,,,,,,,,,,,,,,,,,,,,,,,,,,"0",,,,,,,,,,,,,,,,,,,,,,,,,,,,,,,,,,,,,,,,,,"0",,,,,,,,,,,,,,,,,,,,,,,,,,,,,,,,,,,,,,,,,,"0",,,,,,,,,,,,,,,,,,,,,,,,,,,,,,,,,,,,,,,,,,"0",,,,,,,,,,,,,,,,,,,,,,,,,,,,,,,,,,,,,,,,,,"0",,,,,,,,,,,,,,,,,,,,,,,,,,,,,,,,,,,,,,,,,,"0",,,,,,,,,,,,,,,,,,,,,,,,,,,,,,,,,,,,,,,,,,"0",,,,,,,,,,,,,,,,,,,,,,,,,,,,,,,,,,,,,,,,,,"0",,,,,,,,,,,,,,,,,,,,,,,,,,,,,,,,,,,,,,,,,,"0",,,,,,,,,,,,,,,,,,,,,,,,,,,,,,,,,,,,,,,,,,"0",,,,,,,,,,,,,,,,,,,,,,,,,,,,,,,,,,,,,,,,,,"0",,,,,,,,,,,,,,,,,,,,,,,,,,,,,,,,,,,,,,,,,,"0",,,,,,,,,,,,,,,,,,,,,,,,,,,,,,,,,,,,,,,,,,"0",,,,,,,,,,,,,,,,,,,,,,,,,,,,,,,,,,,,,,,,,,"0",,,,,,,,,,,,,,,,,,,,,,,,,,,,,,,,,,,,,,,,,,"0",,,,,,,,,,,,,,,,,,,,,,,,,,,,,,,,,,,,,,,,,,"0",,,,,,,,,,,,,,,,,,,,,,,,,,,,,,,,,,,,,,,,,,"0",,,,,,,,,,,,,,,,,,,,,,,,,,,,,,,,,,,,,,,,,,"0",,,,,,,,,,,,,,,,,,,,,,,,,,,,,,,,,,,,,,,,,,"0",,,,,,,,,,,,,,,,,,,,,,,,,,,,,,,,,,,,,,,,,,"0",,,,,,,,,,,,,,,,,,,,,,,,,,,,,,,,,,,,,,,,,,"0",,,,,,,,,,,,,,,,,,,,,,,,,,,,,,,,,,,,,,,,,,"0",,,,,,,,,,,,,,,,,,,,,,,,,,,,,,,,,,,,,,,,,,"0",,,,,,,,,,,,,,,,,,,,,,,,,,,,,,,,,,,,,,,,,,"0",,,,,,,,,,,,,,,,,,,,,,,,,,,,,,,,,,,,,,,,,
"nga","4",,,,,,,,,,,,,,,,,,,,,,,,,,,,,,,,,,,,,,,,,,"4",,,,,,,,,,,,,,,,,,,,,,,,,,,,,,,,,,,,,,,,,,"4",,,,,,,,,,,,,,,,,,,,,,,,,,,,,,,,,,,,,,,,,,"4",,,,,,,,,,,,,,,,,,,,,,,,,,,,,,,,,,,,,,,,,,"4",,,,,,,,,,,,,,,,,,,,,,,,,,,,,,,,,,,,,,,,,,"4",,,,,,,,,,,,,,,,,,,,,,,,,,,,,,,,,,,,,,,,,,"4",,,,,,,,,,,,,,,,,,,,,,,,,,,,,,,,,,,,,,,,,,"4",,,,,,,,,,,,,,,,,,,,,,,,,,,,,,,,,,,,,,,,,,"4",,,,,,,,,,,,,,,,,,,,,,,,,,,,,,,,,,,,,,,,,,"4",,,,,,,,,,,,,,,,,,,,,,,,,,,,,,,,,,,,,,,,,,"4",,,,,,,,,,,,,,,,,,,,,,,,,,,,,,,,,,,,,,,,,,"4",,,,,,,,,,,,,,,,,,,,,,,,,,,,,,,,,,,,,,,,,,"4",,,,,,,,,,,,,,,,,,,,,,,,,,,,,,,,,,,,,,,,,,"4",,,,,,,,,,,,,,,,,,,,,,,,,,,,,,,,,,,,,,,,,,"4",,,,,,,,,,,,,,,,,,,,,,,,,,,,,,,,,,,,,,,,,,"4",,,,,,,,,,,,,,,,,,,,,,,,,,,,,,,,,,,,,,,,,,"4",,,,,,,,,,,,,,,,,,,,,,,,,,,,,,,,,,,,,,,,,,"4",,,,,,,,,,,,,,,,,,,,,,,,,,,,,,,,,,,,,,,,,,"4",,,,,,,,,,,,,,,,,,,,,,,,,,,,,,,,,,,,,,,,,,"4",,,,,,,,,,,,,,,,,,,,,,,,,,,,,,,,,,,,,,,,,,"4",,,,,,,,,,,,,,,,,,,,,,,,,,,,,,,,,,,,,,,,,,"4",,,,,,,,,,,,,,,,,,,,,,,,,,,,,,,,,,,,,,,,,,"4",,,,,,,,,,,,,,,,,,,,,,,,,,,,,,,,,,,,,,,,,,"4",,,,,,,,,,,,,,,,,,,,,,,,,,,,,,,,,,,,,,,,,,"4",,,,,,,,,,,,,,,,,,,,,,,,,,,,,,,,,,,,,,,,,,"4",,,,,,,,,,,,,,,,,,,,,,,,,,,,,,,,,,,,,,,,,,"4",,,,,,,,,,,,,,,,,,,,,,,,,,,,,,,,,,,,,,,,,,"4",,,,,,,,,,,,,,,,,,,,,,,,,,,,,,,,,,,,,,,,,,"4",,,,,,,,,,,,,,,,,,,,,,,,,,,,,,,,,,,,,,,,,,"4",,,,,,,,,,,,,,,,,,,,,,,,,,,,,,,,,,,,,,,,,,"4",,,,,,,,,,,,,,,,,,,,,,,,,,,,,,,,,,,,,,,,,,"4",,,,,,,,,,,,,,,,,,,,,,,,,,,,,,,,,,,,,,,,,,"4",,,,,,,,,,,,,,,,,,,,,,,,,,,,,,,,,,,,,,,,,,"4",,,,,,,,,,,,,,,,,,,,,,,,,,,,,,,,,,,,,,,,,,"4",,,,,,,,,,,,,,,,,,,,,,,,,,,,,,,,,,,,,,,,,,"4",,,,,,,,,,,,,,,,,,,,,,,,,,,,,,,,,,,,,,,,,,"4",,,,,,,,,,,,,,,,,,,,,,,,,,,,,,,,,,,,,,,,,,"4",,,,,,,,,,,,,,,,,,,,,,,,,,,,,,,,,,,,,,,,,,"4",,,,,,,,,,,,,,,,,,,,,,,,,,,,,,,,,,,,,,,,,,"4",,,,,,,,,,,,,,,,,,,,,,,,,,,,,,,,,,,,,,,,,,"4",,,,,,,,,,,,,,,,,,,,,,,,,,,,,,,,,,,,,,,,,,"4",,,,,,,,,,,,,,,,,,,,,,,,,,,,,,,,,,,,,,,,,,"4",,,,,,,,,,,,,,,,,,,,,,,,,,,,,,,,,,,,,,,,,,"4",,,,,,,,,,,,,,,,,,,,,,,,,,,,,,,,,,,,,,,,,,"4",,,,,,,,,,,,,,,,,,,,,,,,,,,,,,,,,,,,,,,,,,"4",,,,,,,,,,,,,,,,,,,,,,,,,,,,,,,,,,,,,,,,,,"4",,,,,,,,,,,,,,,,,,,,,,,,,,,,,,,,,,,,,,,,,,"4",,,,,,,,,,,,,,,,,,,,,,,,,,,,,,,,,,,,,,,,,,"4",,,,,,,,,,,,,,,,,,,,,,,,,,,,,,,,,,,,,,,,,,"4",,,,,,,,,,,,,,,,,,,,,,,,,,,,,,,,,,,,,,,,,,"4",,,,,,,,,,,,,,,,,,,,,,,,,,,,,,,,,,,,,,,,,,"4",,,,,,,,,,,,,,,,,,,,,,,,,,,,,,,,,,,,,,,,,,"4",,,,,,,,,,,,,,,,,,,,,,,,,,,,,,,,,,,,,,,,,,"4",,,,,,,,,,,,,,,,,,,,,,,,,,,,,,,,,,,,,,,,,,"4",,,,,,,,,,,,,,,,,,,,,,,,,,,,,,,,,,,,,,,,,,"4",,,,,,,,,,,,,,,,,,,,,,,,,,,,,,,,,,,,,,,,,,"4",,,,,,,,,,,,,,,,,,,,,,,,,,,,,,,,,,,,,,,,,,"4",,,,,,,,,,,,,,,,,,,,,,,,,,,,,,,,,,,,,,,,,,"4",,,,,,,,,,,,,,,,,,,,,,,,,,,,,,,,,,,,,,,,,,"4",,,,,,,,,,,,,,,,,,,,,,,,,,,,,,,,,,,,,,,,,,"4",,,,,,,,,,,,,,,,,,,,,,,,,,,,,,,,,,,,,,,,,,"4",,,,,,,,,,,,,,,,,,,,,,,,,,,,,,,,,,,,,,,,,,"4",,,,,,,,,,,,,,,,,,,,,,,,,,,,,,,,,,,,,,,,,,"4",,,,,,,,,,,,,,,,,,,,,,,,,,,,,,,,,,,,,,,,,,"4",,,,,,,,,,,,,,,,,,,,,,,,,,,,,,,,,,,,,,,,,,"4",,,,,,,,,,,,,,,,,,,,,,,,,,,,,,,,,,,,,,,,,,"4",,,,,,,,,,,,,,,,,,,,,,,,,,,,,,,,,,,,,,,,,,"4",,,,,,,,,,,,,,,,,,,,,,,,,,,,,,,,,,,,,,,,,,"4",,,,,,,,,,,,,,,,,,,,,,,,,,,,,,,,,,,,,,,,,,"4",,,,,,,,,,,,,,,,,,,,,,,,,,,,,,,,,,,,,,,,,,"4",,,,,,,,,,,,,,,,,,,,,,,,,,,,,,,,,,,,,,,,,,"4",,,,,,,,,,,,,,,,,,,,,,,,,,,,,,,,,,,,,,,,,,"4",,,,,,,,,,,,,,,,,,,,,,,,,,,,,,,,,,,,,,,,,,"4",,,,,,,,,,,,,,,,,,,,,,,,,,,,,,,,,,,,,,,,,,"4",,,,,,,,,,,,,,,,,,,,,,,,,,,,,,,,,,,,,,,,,,"4",,,,,,,,,,,,,,,,,,,,,,,,,,,,,,,,,,,,,,,,,,"4",,,,,,,,,,,,,,,,,,,,,,,,,,,,,,,,,,,,,,,,,,"4",,,,,,,,,,,,,,,,,,,,,,,,,,,,,,,,,,,,,,,,,,"4",,,,,,,,,,,,,,,,,,,,,,,,,,,,,,,,,,,,,,,,,,"4",,,,,,,,,,,,,,,,,,,,,,,,,,,,,,,,,,,,,,,,,,"4",,,,,,,,,,,,,,,,,,,,,,,,,,,,,,,,,,,,,,,,,,"4",,,,,,,,,,,,,,,,,,,,,,,,,,,,,,,,,,,,,,,,,,"4",,,,,,,,,,,,,,,,,,,,,,,,,,,,,,,,,,,,,,,,,,"4",,,,,,,,,,,,,,,,,,,,,,,,,,,,,,,,,,,,,,,,,,"4",,,,,,,,,,,,,,,,,,,,,,,,,,,,,,,,,,,,,,,,,,"4",,,,,,,,,,,,,,,,,,,,,,,,,,,,,,,,,,,,,,,,,,"4",,,,,,,,,,,,,,,,,,,,,,,,,,,,,,,,,,,,,,,,,,"4",,,,,,,,,,,,,,,,,,,,,,,,,,,,,,,,,,,,,,,,,,"4",,,,,,,,,,,,,,,,,,,,,,,,,,,,,,,,,,,,,,,,,,"4",,,,,,,,,,,,,,,,,,,,,,,,,,,,,,,,,,,,,,,,,,"4",,,,,,,,,,,,,,,,,,,,,,,,,,,,,,,,,,,,,,,,,,"4",,,,,,,,,,,,,,,,,,,,,,,,,,,,,,,,,,,,,,,,,,"4",,,,,,,,,,,,,,,,,,,,,,,,,,,,,,,,,,,,,,,,,,"4",,,,,,,,,,,,,,,,,,,,,,,,,,,,,,,,,,,,,,,,,,"4",,,,,,,,,,,,,,,,,,,,,,,,,,,,,,,,,,,,,,,,,,"4",,,,,,,,,,,,,,,,,,,,,,,,,,,,,,,,,,,,,,,,,,"4",,,,,,,,,,,,,,,,,,,,,,,,,,,,,,,,,,,,,,,,,,"4",,,,,,,,,,,,,,,,,,,,,,,,,,,,,,,,,,,,,,,,,,"4",,,,,,,,,,,,,,,,,,,,,,,,,,,,,,,,,,,,,,,,,,"4",,,,,,,,,,,,,,,,,,,,,,,,,,,,,,,,,,,,,,,,,
"sufficiency-w","10",,,,,,,,,,,,,,,,,,,,,,,,,,,,,,,,,,,,,,,,,,"10",,,,,,,,,,,,,,,,,,,,,,,,,,,,,,,,,,,,,,,,,,"10",,,,,,,,,,,,,,,,,,,,,,,,,,,,,,,,,,,,,,,,,,"10",,,,,,,,,,,,,,,,,,,,,,,,,,,,,,,,,,,,,,,,,,"10",,,,,,,,,,,,,,,,,,,,,,,,,,,,,,,,,,,,,,,,,,"10",,,,,,,,,,,,,,,,,,,,,,,,,,,,,,,,,,,,,,,,,,"10",,,,,,,,,,,,,,,,,,,,,,,,,,,,,,,,,,,,,,,,,,"10",,,,,,,,,,,,,,,,,,,,,,,,,,,,,,,,,,,,,,,,,,"10",,,,,,,,,,,,,,,,,,,,,,,,,,,,,,,,,,,,,,,,,,"10",,,,,,,,,,,,,,,,,,,,,,,,,,,,,,,,,,,,,,,,,,"10",,,,,,,,,,,,,,,,,,,,,,,,,,,,,,,,,,,,,,,,,,"10",,,,,,,,,,,,,,,,,,,,,,,,,,,,,,,,,,,,,,,,,,"10",,,,,,,,,,,,,,,,,,,,,,,,,,,,,,,,,,,,,,,,,,"10",,,,,,,,,,,,,,,,,,,,,,,,,,,,,,,,,,,,,,,,,,"10",,,,,,,,,,,,,,,,,,,,,,,,,,,,,,,,,,,,,,,,,,"10",,,,,,,,,,,,,,,,,,,,,,,,,,,,,,,,,,,,,,,,,,"10",,,,,,,,,,,,,,,,,,,,,,,,,,,,,,,,,,,,,,,,,,"10",,,,,,,,,,,,,,,,,,,,,,,,,,,,,,,,,,,,,,,,,,"10",,,,,,,,,,,,,,,,,,,,,,,,,,,,,,,,,,,,,,,,,,"10",,,,,,,,,,,,,,,,,,,,,,,,,,,,,,,,,,,,,,,,,,"10",,,,,,,,,,,,,,,,,,,,,,,,,,,,,,,,,,,,,,,,,,"10",,,,,,,,,,,,,,,,,,,,,,,,,,,,,,,,,,,,,,,,,,"10",,,,,,,,,,,,,,,,,,,,,,,,,,,,,,,,,,,,,,,,,,"10",,,,,,,,,,,,,,,,,,,,,,,,,,,,,,,,,,,,,,,,,,"10",,,,,,,,,,,,,,,,,,,,,,,,,,,,,,,,,,,,,,,,,,"10",,,,,,,,,,,,,,,,,,,,,,,,,,,,,,,,,,,,,,,,,,"10",,,,,,,,,,,,,,,,,,,,,,,,,,,,,,,,,,,,,,,,,,"10",,,,,,,,,,,,,,,,,,,,,,,,,,,,,,,,,,,,,,,,,,"10",,,,,,,,,,,,,,,,,,,,,,,,,,,,,,,,,,,,,,,,,,"10",,,,,,,,,,,,,,,,,,,,,,,,,,,,,,,,,,,,,,,,,,"10",,,,,,,,,,,,,,,,,,,,,,,,,,,,,,,,,,,,,,,,,,"10",,,,,,,,,,,,,,,,,,,,,,,,,,,,,,,,,,,,,,,,,,"10",,,,,,,,,,,,,,,,,,,,,,,,,,,,,,,,,,,,,,,,,,"10",,,,,,,,,,,,,,,,,,,,,,,,,,,,,,,,,,,,,,,,,,"10",,,,,,,,,,,,,,,,,,,,,,,,,,,,,,,,,,,,,,,,,,"10",,,,,,,,,,,,,,,,,,,,,,,,,,,,,,,,,,,,,,,,,,"10",,,,,,,,,,,,,,,,,,,,,,,,,,,,,,,,,,,,,,,,,,"10",,,,,,,,,,,,,,,,,,,,,,,,,,,,,,,,,,,,,,,,,,"10",,,,,,,,,,,,,,,,,,,,,,,,,,,,,,,,,,,,,,,,,,"10",,,,,,,,,,,,,,,,,,,,,,,,,,,,,,,,,,,,,,,,,,"10",,,,,,,,,,,,,,,,,,,,,,,,,,,,,,,,,,,,,,,,,,"10",,,,,,,,,,,,,,,,,,,,,,,,,,,,,,,,,,,,,,,,,,"10",,,,,,,,,,,,,,,,,,,,,,,,,,,,,,,,,,,,,,,,,,"10",,,,,,,,,,,,,,,,,,,,,,,,,,,,,,,,,,,,,,,,,,"10",,,,,,,,,,,,,,,,,,,,,,,,,,,,,,,,,,,,,,,,,,"10",,,,,,,,,,,,,,,,,,,,,,,,,,,,,,,,,,,,,,,,,,"10",,,,,,,,,,,,,,,,,,,,,,,,,,,,,,,,,,,,,,,,,,"10",,,,,,,,,,,,,,,,,,,,,,,,,,,,,,,,,,,,,,,,,,"10",,,,,,,,,,,,,,,,,,,,,,,,,,,,,,,,,,,,,,,,,,"10",,,,,,,,,,,,,,,,,,,,,,,,,,,,,,,,,,,,,,,,,,"10",,,,,,,,,,,,,,,,,,,,,,,,,,,,,,,,,,,,,,,,,,"10",,,,,,,,,,,,,,,,,,,,,,,,,,,,,,,,,,,,,,,,,,"10",,,,,,,,,,,,,,,,,,,,,,,,,,,,,,,,,,,,,,,,,,"10",,,,,,,,,,,,,,,,,,,,,,,,,,,,,,,,,,,,,,,,,,"10",,,,,,,,,,,,,,,,,,,,,,,,,,,,,,,,,,,,,,,,,,"10",,,,,,,,,,,,,,,,,,,,,,,,,,,,,,,,,,,,,,,,,,"10",,,,,,,,,,,,,,,,,,,,,,,,,,,,,,,,,,,,,,,,,,"10",,,,,,,,,,,,,,,,,,,,,,,,,,,,,,,,,,,,,,,,,,"10",,,,,,,,,,,,,,,,,,,,,,,,,,,,,,,,,,,,,,,,,,"10",,,,,,,,,,,,,,,,,,,,,,,,,,,,,,,,,,,,,,,,,,"10",,,,,,,,,,,,,,,,,,,,,,,,,,,,,,,,,,,,,,,,,,"10",,,,,,,,,,,,,,,,,,,,,,,,,,,,,,,,,,,,,,,,,,"10",,,,,,,,,,,,,,,,,,,,,,,,,,,,,,,,,,,,,,,,,,"10",,,,,,,,,,,,,,,,,,,,,,,,,,,,,,,,,,,,,,,,,,"10",,,,,,,,,,,,,,,,,,,,,,,,,,,,,,,,,,,,,,,,,,"10",,,,,,,,,,,,,,,,,,,,,,,,,,,,,,,,,,,,,,,,,,"10",,,,,,,,,,,,,,,,,,,,,,,,,,,,,,,,,,,,,,,,,,"10",,,,,,,,,,,,,,,,,,,,,,,,,,,,,,,,,,,,,,,,,,"10",,,,,,,,,,,,,,,,,,,,,,,,,,,,,,,,,,,,,,,,,,"10",,,,,,,,,,,,,,,,,,,,,,,,,,,,,,,,,,,,,,,,,,"10",,,,,,,,,,,,,,,,,,,,,,,,,,,,,,,,,,,,,,,,,,"10",,,,,,,,,,,,,,,,,,,,,,,,,,,,,,,,,,,,,,,,,,"10",,,,,,,,,,,,,,,,,,,,,,,,,,,,,,,,,,,,,,,,,,"10",,,,,,,,,,,,,,,,,,,,,,,,,,,,,,,,,,,,,,,,,,"10",,,,,,,,,,,,,,,,,,,,,,,,,,,,,,,,,,,,,,,,,,"10",,,,,,,,,,,,,,,,,,,,,,,,,,,,,,,,,,,,,,,,,,"10",,,,,,,,,,,,,,,,,,,,,,,,,,,,,,,,,,,,,,,,,,"10",,,,,,,,,,,,,,,,,,,,,,,,,,,,,,,,,,,,,,,,,,"10",,,,,,,,,,,,,,,,,,,,,,,,,,,,,,,,,,,,,,,,,,"10",,,,,,,,,,,,,,,,,,,,,,,,,,,,,,,,,,,,,,,,,,"10",,,,,,,,,,,,,,,,,,,,,,,,,,,,,,,,,,,,,,,,,,"10",,,,,,,,,,,,,,,,,,,,,,,,,,,,,,,,,,,,,,,,,,"10",,,,,,,,,,,,,,,,,,,,,,,,,,,,,,,,,,,,,,,,,,"10",,,,,,,,,,,,,,,,,,,,,,,,,,,,,,,,,,,,,,,,,,"10",,,,,,,,,,,,,,,,,,,,,,,,,,,,,,,,,,,,,,,,,,"10",,,,,,,,,,,,,,,,,,,,,,,,,,,,,,,,,,,,,,,,,,"10",,,,,,,,,,,,,,,,,,,,,,,,,,,,,,,,,,,,,,,,,,"10",,,,,,,,,,,,,,,,,,,,,,,,,,,,,,,,,,,,,,,,,,"10",,,,,,,,,,,,,,,,,,,,,,,,,,,,,,,,,,,,,,,,,,"10",,,,,,,,,,,,,,,,,,,,,,,,,,,,,,,,,,,,,,,,,,"10",,,,,,,,,,,,,,,,,,,,,,,,,,,,,,,,,,,,,,,,,,"10",,,,,,,,,,,,,,,,,,,,,,,,,,,,,,,,,,,,,,,,,,"10",,,,,,,,,,,,,,,,,,,,,,,,,,,,,,,,,,,,,,,,,,"10",,,,,,,,,,,,,,,,,,,,,,,,,,,,,,,,,,,,,,,,,,"10",,,,,,,,,,,,,,,,,,,,,,,,,,,,,,,,,,,,,,,,,,"10",,,,,,,,,,,,,,,,,,,,,,,,,,,,,,,,,,,,,,,,,,"10",,,,,,,,,,,,,,,,,,,,,,,,,,,,,,,,,,,,,,,,,,"10",,,,,,,,,,,,,,,,,,,,,,,,,,,,,,,,,,,,,,,,,,"10",,,,,,,,,,,,,,,,,,,,,,,,,,,,,,,,,,,,,,,,,,"10",,,,,,,,,,,,,,,,,,,,,,,,,,,,,,,,,,,,,,,,,
"accessibility-w","30",,,,,,,,,,,,,,,,,,,,,,,,,,,,,,,,,,,,,,,,,,"30",,,,,,,,,,,,,,,,,,,,,,,,,,,,,,,,,,,,,,,,,,"30",,,,,,,,,,,,,,,,,,,,,,,,,,,,,,,,,,,,,,,,,,"30",,,,,,,,,,,,,,,,,,,,,,,,,,,,,,,,,,,,,,,,,,"30",,,,,,,,,,,,,,,,,,,,,,,,,,,,,,,,,,,,,,,,,,"30",,,,,,,,,,,,,,,,,,,,,,,,,,,,,,,,,,,,,,,,,,"30",,,,,,,,,,,,,,,,,,,,,,,,,,,,,,,,,,,,,,,,,,"30",,,,,,,,,,,,,,,,,,,,,,,,,,,,,,,,,,,,,,,,,,"30",,,,,,,,,,,,,,,,,,,,,,,,,,,,,,,,,,,,,,,,,,"30",,,,,,,,,,,,,,,,,,,,,,,,,,,,,,,,,,,,,,,,,,"30",,,,,,,,,,,,,,,,,,,,,,,,,,,,,,,,,,,,,,,,,,"30",,,,,,,,,,,,,,,,,,,,,,,,,,,,,,,,,,,,,,,,,,"30",,,,,,,,,,,,,,,,,,,,,,,,,,,,,,,,,,,,,,,,,,"30",,,,,,,,,,,,,,,,,,,,,,,,,,,,,,,,,,,,,,,,,,"30",,,,,,,,,,,,,,,,,,,,,,,,,,,,,,,,,,,,,,,,,,"30",,,,,,,,,,,,,,,,,,,,,,,,,,,,,,,,,,,,,,,,,,"30",,,,,,,,,,,,,,,,,,,,,,,,,,,,,,,,,,,,,,,,,,"30",,,,,,,,,,,,,,,,,,,,,,,,,,,,,,,,,,,,,,,,,,"30",,,,,,,,,,,,,,,,,,,,,,,,,,,,,,,,,,,,,,,,,,"30",,,,,,,,,,,,,,,,,,,,,,,,,,,,,,,,,,,,,,,,,,"30",,,,,,,,,,,,,,,,,,,,,,,,,,,,,,,,,,,,,,,,,,"30",,,,,,,,,,,,,,,,,,,,,,,,,,,,,,,,,,,,,,,,,,"30",,,,,,,,,,,,,,,,,,,,,,,,,,,,,,,,,,,,,,,,,,"30",,,,,,,,,,,,,,,,,,,,,,,,,,,,,,,,,,,,,,,,,,"30",,,,,,,,,,,,,,,,,,,,,,,,,,,,,,,,,,,,,,,,,,"30",,,,,,,,,,,,,,,,,,,,,,,,,,,,,,,,,,,,,,,,,,"30",,,,,,,,,,,,,,,,,,,,,,,,,,,,,,,,,,,,,,,,,,"30",,,,,,,,,,,,,,,,,,,,,,,,,,,,,,,,,,,,,,,,,,"30",,,,,,,,,,,,,,,,,,,,,,,,,,,,,,,,,,,,,,,,,,"30",,,,,,,,,,,,,,,,,,,,,,,,,,,,,,,,,,,,,,,,,,"30",,,,,,,,,,,,,,,,,,,,,,,,,,,,,,,,,,,,,,,,,,"30",,,,,,,,,,,,,,,,,,,,,,,,,,,,,,,,,,,,,,,,,,"30",,,,,,,,,,,,,,,,,,,,,,,,,,,,,,,,,,,,,,,,,,"30",,,,,,,,,,,,,,,,,,,,,,,,,,,,,,,,,,,,,,,,,,"30",,,,,,,,,,,,,,,,,,,,,,,,,,,,,,,,,,,,,,,,,,"30",,,,,,,,,,,,,,,,,,,,,,,,,,,,,,,,,,,,,,,,,,"30",,,,,,,,,,,,,,,,,,,,,,,,,,,,,,,,,,,,,,,,,,"30",,,,,,,,,,,,,,,,,,,,,,,,,,,,,,,,,,,,,,,,,,"30",,,,,,,,,,,,,,,,,,,,,,,,,,,,,,,,,,,,,,,,,,"30",,,,,,,,,,,,,,,,,,,,,,,,,,,,,,,,,,,,,,,,,,"30",,,,,,,,,,,,,,,,,,,,,,,,,,,,,,,,,,,,,,,,,,"30",,,,,,,,,,,,,,,,,,,,,,,,,,,,,,,,,,,,,,,,,,"30",,,,,,,,,,,,,,,,,,,,,,,,,,,,,,,,,,,,,,,,,,"30",,,,,,,,,,,,,,,,,,,,,,,,,,,,,,,,,,,,,,,,,,"30",,,,,,,,,,,,,,,,,,,,,,,,,,,,,,,,,,,,,,,,,,"30",,,,,,,,,,,,,,,,,,,,,,,,,,,,,,,,,,,,,,,,,,"30",,,,,,,,,,,,,,,,,,,,,,,,,,,,,,,,,,,,,,,,,,"30",,,,,,,,,,,,,,,,,,,,,,,,,,,,,,,,,,,,,,,,,,"30",,,,,,,,,,,,,,,,,,,,,,,,,,,,,,,,,,,,,,,,,,"30",,,,,,,,,,,,,,,,,,,,,,,,,,,,,,,,,,,,,,,,,,"30",,,,,,,,,,,,,,,,,,,,,,,,,,,,,,,,,,,,,,,,,,"30",,,,,,,,,,,,,,,,,,,,,,,,,,,,,,,,,,,,,,,,,,"30",,,,,,,,,,,,,,,,,,,,,,,,,,,,,,,,,,,,,,,,,,"30",,,,,,,,,,,,,,,,,,,,,,,,,,,,,,,,,,,,,,,,,,"30",,,,,,,,,,,,,,,,,,,,,,,,,,,,,,,,,,,,,,,,,,"30",,,,,,,,,,,,,,,,,,,,,,,,,,,,,,,,,,,,,,,,,,"30",,,,,,,,,,,,,,,,,,,,,,,,,,,,,,,,,,,,,,,,,,"30",,,,,,,,,,,,,,,,,,,,,,,,,,,,,,,,,,,,,,,,,,"30",,,,,,,,,,,,,,,,,,,,,,,,,,,,,,,,,,,,,,,,,,"30",,,,,,,,,,,,,,,,,,,,,,,,,,,,,,,,,,,,,,,,,,"30",,,,,,,,,,,,,,,,,,,,,,,,,,,,,,,,,,,,,,,,,,"30",,,,,,,,,,,,,,,,,,,,,,,,,,,,,,,,,,,,,,,,,,"30",,,,,,,,,,,,,,,,,,,,,,,,,,,,,,,,,,,,,,,,,,"30",,,,,,,,,,,,,,,,,,,,,,,,,,,,,,,,,,,,,,,,,,"30",,,,,,,,,,,,,,,,,,,,,,,,,,,,,,,,,,,,,,,,,,"30",,,,,,,,,,,,,,,,,,,,,,,,,,,,,,,,,,,,,,,,,,"30",,,,,,,,,,,,,,,,,,,,,,,,,,,,,,,,,,,,,,,,,,"30",,,,,,,,,,,,,,,,,,,,,,,,,,,,,,,,,,,,,,,,,,"30",,,,,,,,,,,,,,,,,,,,,,,,,,,,,,,,,,,,,,,,,,"30",,,,,,,,,,,,,,,,,,,,,,,,,,,,,,,,,,,,,,,,,,"30",,,,,,,,,,,,,,,,,,,,,,,,,,,,,,,,,,,,,,,,,,"30",,,,,,,,,,,,,,,,,,,,,,,,,,,,,,,,,,,,,,,,,,"30",,,,,,,,,,,,,,,,,,,,,,,,,,,,,,,,,,,,,,,,,,"30",,,,,,,,,,,,,,,,,,,,,,,,,,,,,,,,,,,,,,,,,,"30",,,,,,,,,,,,,,,,,,,,,,,,,,,,,,,,,,,,,,,,,,"30",,,,,,,,,,,,,,,,,,,,,,,,,,,,,,,,,,,,,,,,,,"30",,,,,,,,,,,,,,,,,,,,,,,,,,,,,,,,,,,,,,,,,,"30",,,,,,,,,,,,,,,,,,,,,,,,,,,,,,,,,,,,,,,,,,"30",,,,,,,,,,,,,,,,,,,,,,,,,,,,,,,,,,,,,,,,,,"30",,,,,,,,,,,,,,,,,,,,,,,,,,,,,,,,,,,,,,,,,,"30",,,,,,,,,,,,,,,,,,,,,,,,,,,,,,,,,,,,,,,,,,"30",,,,,,,,,,,,,,,,,,,,,,,,,,,,,,,,,,,,,,,,,,"30",,,,,,,,,,,,,,,,,,,,,,,,,,,,,,,,,,,,,,,,,,"30",,,,,,,,,,,,,,,,,,,,,,,,,,,,,,,,,,,,,,,,,,"30",,,,,,,,,,,,,,,,,,,,,,,,,,,,,,,,,,,,,,,,,,"30",,,,,,,,,,,,,,,,,,,,,,,,,,,,,,,,,,,,,,,,,,"30",,,,,,,,,,,,,,,,,,,,,,,,,,,,,,,,,,,,,,,,,,"30",,,,,,,,,,,,,,,,,,,,,,,,,,,,,,,,,,,,,,,,,,"30",,,,,,,,,,,,,,,,,,,,,,,,,,,,,,,,,,,,,,,,,,"30",,,,,,,,,,,,,,,,,,,,,,,,,,,,,,,,,,,,,,,,,,"30",,,,,,,,,,,,,,,,,,,,,,,,,,,,,,,,,,,,,,,,,,"30",,,,,,,,,,,,,,,,,,,,,,,,,,,,,,,,,,,,,,,,,,"30",,,,,,,,,,,,,,,,,,,,,,,,,,,,,,,,,,,,,,,,,,"30",,,,,,,,,,,,,,,,,,,,,,,,,,,,,,,,,,,,,,,,,,"30",,,,,,,,,,,,,,,,,,,,,,,,,,,,,,,,,,,,,,,,,,"30",,,,,,,,,,,,,,,,,,,,,,,,,,,,,,,,,,,,,,,,,,"30",,,,,,,,,,,,,,,,,,,,,,,,,,,,,,,,,,,,,,,,,,"30",,,,,,,,,,,,,,,,,,,,,,,,,,,,,,,,,,,,,,,,,,"30",,,,,,,,,,,,,,,,,,,,,,,,,,,,,,,,,,,,,,,,,,"30",,,,,,,,,,,,,,,,,,,,,,,,,,,,,,,,,,,,,,,,,
"adoption-w","35",,,,,,,,,,,,,,,,,,,,,,,,,,,,,,,,,,,,,,,,,,"35",,,,,,,,,,,,,,,,,,,,,,,,,,,,,,,,,,,,,,,,,,"35",,,,,,,,,,,,,,,,,,,,,,,,,,,,,,,,,,,,,,,,,,"35",,,,,,,,,,,,,,,,,,,,,,,,,,,,,,,,,,,,,,,,,,"35",,,,,,,,,,,,,,,,,,,,,,,,,,,,,,,,,,,,,,,,,,"35",,,,,,,,,,,,,,,,,,,,,,,,,,,,,,,,,,,,,,,,,,"35",,,,,,,,,,,,,,,,,,,,,,,,,,,,,,,,,,,,,,,,,,"35",,,,,,,,,,,,,,,,,,,,,,,,,,,,,,,,,,,,,,,,,,"35",,,,,,,,,,,,,,,,,,,,,,,,,,,,,,,,,,,,,,,,,,"35",,,,,,,,,,,,,,,,,,,,,,,,,,,,,,,,,,,,,,,,,,"35",,,,,,,,,,,,,,,,,,,,,,,,,,,,,,,,,,,,,,,,,,"35",,,,,,,,,,,,,,,,,,,,,,,,,,,,,,,,,,,,,,,,,,"35",,,,,,,,,,,,,,,,,,,,,,,,,,,,,,,,,,,,,,,,,,"35",,,,,,,,,,,,,,,,,,,,,,,,,,,,,,,,,,,,,,,,,,"35",,,,,,,,,,,,,,,,,,,,,,,,,,,,,,,,,,,,,,,,,,"35",,,,,,,,,,,,,,,,,,,,,,,,,,,,,,,,,,,,,,,,,,"35",,,,,,,,,,,,,,,,,,,,,,,,,,,,,,,,,,,,,,,,,,"35",,,,,,,,,,,,,,,,,,,,,,,,,,,,,,,,,,,,,,,,,,"35",,,,,,,,,,,,,,,,,,,,,,,,,,,,,,,,,,,,,,,,,,"35",,,,,,,,,,,,,,,,,,,,,,,,,,,,,,,,,,,,,,,,,,"35",,,,,,,,,,,,,,,,,,,,,,,,,,,,,,,,,,,,,,,,,,"35",,,,,,,,,,,,,,,,,,,,,,,,,,,,,,,,,,,,,,,,,,"35",,,,,,,,,,,,,,,,,,,,,,,,,,,,,,,,,,,,,,,,,,"35",,,,,,,,,,,,,,,,,,,,,,,,,,,,,,,,,,,,,,,,,,"35",,,,,,,,,,,,,,,,,,,,,,,,,,,,,,,,,,,,,,,,,,"35",,,,,,,,,,,,,,,,,,,,,,,,,,,,,,,,,,,,,,,,,,"35",,,,,,,,,,,,,,,,,,,,,,,,,,,,,,,,,,,,,,,,,,"35",,,,,,,,,,,,,,,,,,,,,,,,,,,,,,,,,,,,,,,,,,"35",,,,,,,,,,,,,,,,,,,,,,,,,,,,,,,,,,,,,,,,,,"35",,,,,,,,,,,,,,,,,,,,,,,,,,,,,,,,,,,,,,,,,,"35",,,,,,,,,,,,,,,,,,,,,,,,,,,,,,,,,,,,,,,,,,"35",,,,,,,,,,,,,,,,,,,,,,,,,,,,,,,,,,,,,,,,,,"35",,,,,,,,,,,,,,,,,,,,,,,,,,,,,,,,,,,,,,,,,,"35",,,,,,,,,,,,,,,,,,,,,,,,,,,,,,,,,,,,,,,,,,"35",,,,,,,,,,,,,,,,,,,,,,,,,,,,,,,,,,,,,,,,,,"35",,,,,,,,,,,,,,,,,,,,,,,,,,,,,,,,,,,,,,,,,,"35",,,,,,,,,,,,,,,,,,,,,,,,,,,,,,,,,,,,,,,,,,"35",,,,,,,,,,,,,,,,,,,,,,,,,,,,,,,,,,,,,,,,,,"35",,,,,,,,,,,,,,,,,,,,,,,,,,,,,,,,,,,,,,,,,,"35",,,,,,,,,,,,,,,,,,,,,,,,,,,,,,,,,,,,,,,,,,"35",,,,,,,,,,,,,,,,,,,,,,,,,,,,,,,,,,,,,,,,,,"35",,,,,,,,,,,,,,,,,,,,,,,,,,,,,,,,,,,,,,,,,,"35",,,,,,,,,,,,,,,,,,,,,,,,,,,,,,,,,,,,,,,,,,"35",,,,,,,,,,,,,,,,,,,,,,,,,,,,,,,,,,,,,,,,,,"35",,,,,,,,,,,,,,,,,,,,,,,,,,,,,,,,,,,,,,,,,,"35",,,,,,,,,,,,,,,,,,,,,,,,,,,,,,,,,,,,,,,,,,"35",,,,,,,,,,,,,,,,,,,,,,,,,,,,,,,,,,,,,,,,,,"35",,,,,,,,,,,,,,,,,,,,,,,,,,,,,,,,,,,,,,,,,,"35",,,,,,,,,,,,,,,,,,,,,,,,,,,,,,,,,,,,,,,,,,"35",,,,,,,,,,,,,,,,,,,,,,,,,,,,,,,,,,,,,,,,,,"35",,,,,,,,,,,,,,,,,,,,,,,,,,,,,,,,,,,,,,,,,,"35",,,,,,,,,,,,,,,,,,,,,,,,,,,,,,,,,,,,,,,,,,"35",,,,,,,,,,,,,,,,,,,,,,,,,,,,,,,,,,,,,,,,,,"35",,,,,,,,,,,,,,,,,,,,,,,,,,,,,,,,,,,,,,,,,,"35",,,,,,,,,,,,,,,,,,,,,,,,,,,,,,,,,,,,,,,,,,"35",,,,,,,,,,,,,,,,,,,,,,,,,,,,,,,,,,,,,,,,,,"35",,,,,,,,,,,,,,,,,,,,,,,,,,,,,,,,,,,,,,,,,,"35",,,,,,,,,,,,,,,,,,,,,,,,,,,,,,,,,,,,,,,,,,"35",,,,,,,,,,,,,,,,,,,,,,,,,,,,,,,,,,,,,,,,,,"35",,,,,,,,,,,,,,,,,,,,,,,,,,,,,,,,,,,,,,,,,,"35",,,,,,,,,,,,,,,,,,,,,,,,,,,,,,,,,,,,,,,,,,"35",,,,,,,,,,,,,,,,,,,,,,,,,,,,,,,,,,,,,,,,,,"35",,,,,,,,,,,,,,,,,,,,,,,,,,,,,,,,,,,,,,,,,,"35",,,,,,,,,,,,,,,,,,,,,,,,,,,,,,,,,,,,,,,,,,"35",,,,,,,,,,,,,,,,,,,,,,,,,,,,,,,,,,,,,,,,,,"35",,,,,,,,,,,,,,,,,,,,,,,,,,,,,,,,,,,,,,,,,,"35",,,,,,,,,,,,,,,,,,,,,,,,,,,,,,,,,,,,,,,,,,"35",,,,,,,,,,,,,,,,,,,,,,,,,,,,,,,,,,,,,,,,,,"35",,,,,,,,,,,,,,,,,,,,,,,,,,,,,,,,,,,,,,,,,,"35",,,,,,,,,,,,,,,,,,,,,,,,,,,,,,,,,,,,,,,,,,"35",,,,,,,,,,,,,,,,,,,,,,,,,,,,,,,,,,,,,,,,,,"35",,,,,,,,,,,,,,,,,,,,,,,,,,,,,,,,,,,,,,,,,,"35",,,,,,,,,,,,,,,,,,,,,,,,,,,,,,,,,,,,,,,,,,"35",,,,,,,,,,,,,,,,,,,,,,,,,,,,,,,,,,,,,,,,,,"35",,,,,,,,,,,,,,,,,,,,,,,,,,,,,,,,,,,,,,,,,,"35",,,,,,,,,,,,,,,,,,,,,,,,,,,,,,,,,,,,,,,,,,"35",,,,,,,,,,,,,,,,,,,,,,,,,,,,,,,,,,,,,,,,,,"35",,,,,,,,,,,,,,,,,,,,,,,,,,,,,,,,,,,,,,,,,,"35",,,,,,,,,,,,,,,,,,,,,,,,,,,,,,,,,,,,,,,,,,"35",,,,,,,,,,,,,,,,,,,,,,,,,,,,,,,,,,,,,,,,,,"35",,,,,,,,,,,,,,,,,,,,,,,,,,,,,,,,,,,,,,,,,,"35",,,,,,,,,,,,,,,,,,,,,,,,,,,,,,,,,,,,,,,,,,"35",,,,,,,,,,,,,,,,,,,,,,,,,,,,,,,,,,,,,,,,,,"35",,,,,,,,,,,,,,,,,,,,,,,,,,,,,,,,,,,,,,,,,,"35",,,,,,,,,,,,,,,,,,,,,,,,,,,,,,,,,,,,,,,,,,"35",,,,,,,,,,,,,,,,,,,,,,,,,,,,,,,,,,,,,,,,,,"35",,,,,,,,,,,,,,,,,,,,,,,,,,,,,,,,,,,,,,,,,,"35",,,,,,,,,,,,,,,,,,,,,,,,,,,,,,,,,,,,,,,,,,"35",,,,,,,,,,,,,,,,,,,,,,,,,,,,,,,,,,,,,,,,,,"35",,,,,,,,,,,,,,,,,,,,,,,,,,,,,,,,,,,,,,,,,,"35",,,,,,,,,,,,,,,,,,,,,,,,,,,,,,,,,,,,,,,,,,"35",,,,,,,,,,,,,,,,,,,,,,,,,,,,,,,,,,,,,,,,,,"35",,,,,,,,,,,,,,,,,,,,,,,,,,,,,,,,,,,,,,,,,,"35",,,,,,,,,,,,,,,,,,,,,,,,,,,,,,,,,,,,,,,,,,"35",,,,,,,,,,,,,,,,,,,,,,,,,,,,,,,,,,,,,,,,,,"35",,,,,,,,,,,,,,,,,,,,,,,,,,,,,,,,,,,,,,,,,,"35",,,,,,,,,,,,,,,,,,,,,,,,,,,,,,,,,,,,,,,,,,"35",,,,,,,,,,,,,,,,,,,,,,,,,,,,,,,,,,,,,,,,,,"35",,,,,,,,,,,,,,,,,,,,,,,,,,,,,,,,,,,,,,,,,,"35",,,,,,,,,,,,,,,,,,,,,,,,,,,,,,,,,,,,,,,,,
"sustainability-w","25",,,,,,,,,,,,,,,,,,,,,,,,,,,,,,,,,,,,,,,,,,"25",,,,,,,,,,,,,,,,,,,,,,,,,,,,,,,,,,,,,,,,,,"25",,,,,,,,,,,,,,,,,,,,,,,,,,,,,,,,,,,,,,,,,,"25",,,,,,,,,,,,,,,,,,,,,,,,,,,,,,,,,,,,,,,,,,"25",,,,,,,,,,,,,,,,,,,,,,,,,,,,,,,,,,,,,,,,,,"25",,,,,,,,,,,,,,,,,,,,,,,,,,,,,,,,,,,,,,,,,,"25",,,,,,,,,,,,,,,,,,,,,,,,,,,,,,,,,,,,,,,,,,"25",,,,,,,,,,,,,,,,,,,,,,,,,,,,,,,,,,,,,,,,,,"25",,,,,,,,,,,,,,,,,,,,,,,,,,,,,,,,,,,,,,,,,,"25",,,,,,,,,,,,,,,,,,,,,,,,,,,,,,,,,,,,,,,,,,"25",,,,,,,,,,,,,,,,,,,,,,,,,,,,,,,,,,,,,,,,,,"25",,,,,,,,,,,,,,,,,,,,,,,,,,,,,,,,,,,,,,,,,,"25",,,,,,,,,,,,,,,,,,,,,,,,,,,,,,,,,,,,,,,,,,"25",,,,,,,,,,,,,,,,,,,,,,,,,,,,,,,,,,,,,,,,,,"25",,,,,,,,,,,,,,,,,,,,,,,,,,,,,,,,,,,,,,,,,,"25",,,,,,,,,,,,,,,,,,,,,,,,,,,,,,,,,,,,,,,,,,"25",,,,,,,,,,,,,,,,,,,,,,,,,,,,,,,,,,,,,,,,,,"25",,,,,,,,,,,,,,,,,,,,,,,,,,,,,,,,,,,,,,,,,,"25",,,,,,,,,,,,,,,,,,,,,,,,,,,,,,,,,,,,,,,,,,"25",,,,,,,,,,,,,,,,,,,,,,,,,,,,,,,,,,,,,,,,,,"25",,,,,,,,,,,,,,,,,,,,,,,,,,,,,,,,,,,,,,,,,,"25",,,,,,,,,,,,,,,,,,,,,,,,,,,,,,,,,,,,,,,,,,"25",,,,,,,,,,,,,,,,,,,,,,,,,,,,,,,,,,,,,,,,,,"25",,,,,,,,,,,,,,,,,,,,,,,,,,,,,,,,,,,,,,,,,,"25",,,,,,,,,,,,,,,,,,,,,,,,,,,,,,,,,,,,,,,,,,"25",,,,,,,,,,,,,,,,,,,,,,,,,,,,,,,,,,,,,,,,,,"25",,,,,,,,,,,,,,,,,,,,,,,,,,,,,,,,,,,,,,,,,,"25",,,,,,,,,,,,,,,,,,,,,,,,,,,,,,,,,,,,,,,,,,"25",,,,,,,,,,,,,,,,,,,,,,,,,,,,,,,,,,,,,,,,,,"25",,,,,,,,,,,,,,,,,,,,,,,,,,,,,,,,,,,,,,,,,,"25",,,,,,,,,,,,,,,,,,,,,,,,,,,,,,,,,,,,,,,,,,"25",,,,,,,,,,,,,,,,,,,,,,,,,,,,,,,,,,,,,,,,,,"25",,,,,,,,,,,,,,,,,,,,,,,,,,,,,,,,,,,,,,,,,,"25",,,,,,,,,,,,,,,,,,,,,,,,,,,,,,,,,,,,,,,,,,"25",,,,,,,,,,,,,,,,,,,,,,,,,,,,,,,,,,,,,,,,,,"25",,,,,,,,,,,,,,,,,,,,,,,,,,,,,,,,,,,,,,,,,,"25",,,,,,,,,,,,,,,,,,,,,,,,,,,,,,,,,,,,,,,,,,"25",,,,,,,,,,,,,,,,,,,,,,,,,,,,,,,,,,,,,,,,,,"25",,,,,,,,,,,,,,,,,,,,,,,,,,,,,,,,,,,,,,,,,,"25",,,,,,,,,,,,,,,,,,,,,,,,,,,,,,,,,,,,,,,,,,"25",,,,,,,,,,,,,,,,,,,,,,,,,,,,,,,,,,,,,,,,,,"25",,,,,,,,,,,,,,,,,,,,,,,,,,,,,,,,,,,,,,,,,,"25",,,,,,,,,,,,,,,,,,,,,,,,,,,,,,,,,,,,,,,,,,"25",,,,,,,,,,,,,,,,,,,,,,,,,,,,,,,,,,,,,,,,,,"25",,,,,,,,,,,,,,,,,,,,,,,,,,,,,,,,,,,,,,,,,,"25",,,,,,,,,,,,,,,,,,,,,,,,,,,,,,,,,,,,,,,,,,"25",,,,,,,,,,,,,,,,,,,,,,,,,,,,,,,,,,,,,,,,,,"25",,,,,,,,,,,,,,,,,,,,,,,,,,,,,,,,,,,,,,,,,,"25",,,,,,,,,,,,,,,,,,,,,,,,,,,,,,,,,,,,,,,,,,"25",,,,,,,,,,,,,,,,,,,,,,,,,,,,,,,,,,,,,,,,,,"25",,,,,,,,,,,,,,,,,,,,,,,,,,,,,,,,,,,,,,,,,,"25",,,,,,,,,,,,,,,,,,,,,,,,,,,,,,,,,,,,,,,,,,"25",,,,,,,,,,,,,,,,,,,,,,,,,,,,,,,,,,,,,,,,,,"25",,,,,,,,,,,,,,,,,,,,,,,,,,,,,,,,,,,,,,,,,,"25",,,,,,,,,,,,,,,,,,,,,,,,,,,,,,,,,,,,,,,,,,"25",,,,,,,,,,,,,,,,,,,,,,,,,,,,,,,,,,,,,,,,,,"25",,,,,,,,,,,,,,,,,,,,,,,,,,,,,,,,,,,,,,,,,,"25",,,,,,,,,,,,,,,,,,,,,,,,,,,,,,,,,,,,,,,,,,"25",,,,,,,,,,,,,,,,,,,,,,,,,,,,,,,,,,,,,,,,,,"25",,,,,,,,,,,,,,,,,,,,,,,,,,,,,,,,,,,,,,,,,,"25",,,,,,,,,,,,,,,,,,,,,,,,,,,,,,,,,,,,,,,,,,"25",,,,,,,,,,,,,,,,,,,,,,,,,,,,,,,,,,,,,,,,,,"25",,,,,,,,,,,,,,,,,,,,,,,,,,,,,,,,,,,,,,,,,,"25",,,,,,,,,,,,,,,,,,,,,,,,,,,,,,,,,,,,,,,,,,"25",,,,,,,,,,,,,,,,,,,,,,,,,,,,,,,,,,,,,,,,,,"25",,,,,,,,,,,,,,,,,,,,,,,,,,,,,,,,,,,,,,,,,,"25",,,,,,,,,,,,,,,,,,,,,,,,,,,,,,,,,,,,,,,,,,"25",,,,,,,,,,,,,,,,,,,,,,,,,,,,,,,,,,,,,,,,,,"25",,,,,,,,,,,,,,,,,,,,,,,,,,,,,,,,,,,,,,,,,,"25",,,,,,,,,,,,,,,,,,,,,,,,,,,,,,,,,,,,,,,,,,"25",,,,,,,,,,,,,,,,,,,,,,,,,,,,,,,,,,,,,,,,,,"25",,,,,,,,,,,,,,,,,,,,,,,,,,,,,,,,,,,,,,,,,,"25",,,,,,,,,,,,,,,,,,,,,,,,,,,,,,,,,,,,,,,,,,"25",,,,,,,,,,,,,,,,,,,,,,,,,,,,,,,,,,,,,,,,,,"25",,,,,,,,,,,,,,,,,,,,,,,,,,,,,,,,,,,,,,,,,,"25",,,,,,,,,,,,,,,,,,,,,,,,,,,,,,,,,,,,,,,,,,"25",,,,,,,,,,,,,,,,,,,,,,,,,,,,,,,,,,,,,,,,,,"25",,,,,,,,,,,,,,,,,,,,,,,,,,,,,,,,,,,,,,,,,,"25",,,,,,,,,,,,,,,,,,,,,,,,,,,,,,,,,,,,,,,,,,"25",,,,,,,,,,,,,,,,,,,,,,,,,,,,,,,,,,,,,,,,,,"25",,,,,,,,,,,,,,,,,,,,,,,,,,,,,,,,,,,,,,,,,,"25",,,,,,,,,,,,,,,,,,,,,,,,,,,,,,,,,,,,,,,,,,"25",,,,,,,,,,,,,,,,,,,,,,,,,,,,,,,,,,,,,,,,,,"25",,,,,,,,,,,,,,,,,,,,,,,,,,,,,,,,,,,,,,,,,,"25",,,,,,,,,,,,,,,,,,,,,,,,,,,,,,,,,,,,,,,,,,"25",,,,,,,,,,,,,,,,,,,,,,,,,,,,,,,,,,,,,,,,,,"25",,,,,,,,,,,,,,,,,,,,,,,,,,,,,,,,,,,,,,,,,,"25",,,,,,,,,,,,,,,,,,,,,,,,,,,,,,,,,,,,,,,,,,"25",,,,,,,,,,,,,,,,,,,,,,,,,,,,,,,,,,,,,,,,,,"25",,,,,,,,,,,,,,,,,,,,,,,,,,,,,,,,,,,,,,,,,,"25",,,,,,,,,,,,,,,,,,,,,,,,,,,,,,,,,,,,,,,,,,"25",,,,,,,,,,,,,,,,,,,,,,,,,,,,,,,,,,,,,,,,,,"25",,,,,,,,,,,,,,,,,,,,,,,,,,,,,,,,,,,,,,,,,,"25",,,,,,,,,,,,,,,,,,,,,,,,,,,,,,,,,,,,,,,,,,"25",,,,,,,,,,,,,,,,,,,,,,,,,,,,,,,,,,,,,,,,,,"25",,,,,,,,,,,,,,,,,,,,,,,,,,,,,,,,,,,,,,,,,,"25",,,,,,,,,,,,,,,,,,,,,,,,,,,,,,,,,,,,,,,,,,"25",,,,,,,,,,,,,,,,,,,,,,,,,,,,,,,,,,,,,,,,,,"25",,,,,,,,,,,,,,,,,,,,,,,,,,,,,,,,,,,,,,,,,,"25",,,,,,,,,,,,,,,,,,,,,,,,,,,,,,,,,,,,,,,,,
"[reporter]","sum [pf] of blgu-players","sum [pf] of mplgu-players","sum [pf] of bd-players","sum [pf] of academe-players","sum [pf] of business-players","sum [pf] of nga-players","sum [pf] of turtles","sum [nf] of blgu-players","sum [nf] of mplgu-players","sum [nf] of bd-players","sum [nf] of academe-players","sum [nf] of business-players","sum [nf] of nga-players","sum [nf] of turtles","sum [g] of blgu-players","sum [g] of mplgu-players","sum [g] of bd-players","sum [g] of academe-players","sum [g] of business-players","sum [g] of nga-players","sum [g] of turtles","sum [cw] of blgu-players","sum [cw] of mplgu-players","sum [cw] of bd-players","sum [cw] of academe-players","sum [cw] of business-players","sum [cw] of nga-players","sum [cw] of turtles","sum [ps] of blgu-players","sum [ps] of mplgu-players","sum [ps] of bd-players","sum [ps] of academe-players","sum [ps] of business-players","sum [ps] of nga-players","sum [ps] of turtles","sum [lb] of blgu-players","sum [lb] of mplgu-players","sum [lb] of bd-players","sum [lb] of academe-players","sum [lb] of business-players","sum [lb] of nga-players","sum [lb] of turtles","sum [pf] of blgu-players","sum [pf] of mplgu-players","sum [pf] of bd-players","sum [pf] of academe-players","sum [pf] of business-players","sum [pf] of nga-players","sum [pf] of turtles","sum [nf] of blgu-players","sum [nf] of mplgu-players","sum [nf] of bd-players","sum [nf] of academe-players","sum [nf] of business-players","sum [nf] of nga-players","sum [nf] of turtles","sum [g] of blgu-players","sum [g] of mplgu-players","sum [g] of bd-players","sum [g] of academe-players","sum [g] of business-players","sum [g] of nga-players","sum [g] of turtles","sum [cw] of blgu-players","sum [cw] of mplgu-players","sum [cw] of bd-players","sum [cw] of academe-players","sum [cw] of business-players","sum [cw] of nga-players","sum [cw] of turtles","sum [ps] of blgu-players","sum [ps] of mplgu-players","sum [ps] of bd-players","sum [ps] of academe-players","sum [ps] of business-players","sum [ps] of nga-players","sum [ps] of turtles","sum [lb] of blgu-players","sum [lb] of mplgu-players","sum [lb] of bd-players","sum [lb] of academe-players","sum [lb] of business-players","sum [lb] of nga-players","sum [lb] of turtles","sum [pf] of blgu-players","sum [pf] of mplgu-players","sum [pf] of bd-players","sum [pf] of academe-players","sum [pf] of business-players","sum [pf] of nga-players","sum [pf] of turtles","sum [nf] of blgu-players","sum [nf] of mplgu-players","sum [nf] of bd-players","sum [nf] of academe-players","sum [nf] of business-players","sum [nf] of nga-players","sum [nf] of turtles","sum [g] of blgu-players","sum [g] of mplgu-players","sum [g] of bd-players","sum [g] of academe-players","sum [g] of business-players","sum [g] of nga-players","sum [g] of turtles","sum [cw] of blgu-players","sum [cw] of mplgu-players","sum [cw] of bd-players","sum [cw] of academe-players","sum [cw] of business-players","sum [cw] of nga-players","sum [cw] of turtles","sum [ps] of blgu-players","sum [ps] of mplgu-players","sum [ps] of bd-players","sum [ps] of academe-players","sum [ps] of business-players","sum [ps] of nga-players","sum [ps] of turtles","sum [lb] of blgu-players","sum [lb] of mplgu-players","sum [lb] of bd-players","sum [lb] of academe-players","sum [lb] of business-players","sum [lb] of nga-players","sum [lb] of turtles","sum [pf] of blgu-players","sum [pf] of mplgu-players","sum [pf] of bd-players","sum [pf] of academe-players","sum [pf] of business-players","sum [pf] of nga-players","sum [pf] of turtles","sum [nf] of blgu-players","sum [nf] of mplgu-players","sum [nf] of bd-players","sum [nf] of academe-players","sum [nf] of business-players","sum [nf] of nga-players","sum [nf] of turtles","sum [g] of blgu-players","sum [g] of mplgu-players","sum [g] of bd-players","sum [g] of academe-players","sum [g] of business-players","sum [g] of nga-players","sum [g] of turtles","sum [cw] of blgu-players","sum [cw] of mplgu-players","sum [cw] of bd-players","sum [cw] of academe-players","sum [cw] of business-players","sum [cw] of nga-players","sum [cw] of turtles","sum [ps] of blgu-players","sum [ps] of mplgu-players","sum [ps] of bd-players","sum [ps] of academe-players","sum [ps] of business-players","sum [ps] of nga-players","sum [ps] of turtles","sum [lb] of blgu-players","sum [lb] of mplgu-players","sum [lb] of bd-players","sum [lb] of academe-players","sum [lb] of business-players","sum [lb] of nga-players","sum [lb] of turtles","sum [pf] of blgu-players","sum [pf] of mplgu-players","sum [pf] of bd-players","sum [pf] of academe-players","sum [pf] of business-players","sum [pf] of nga-players","sum [pf] of turtles","sum [nf] of blgu-players","sum [nf] of mplgu-players","sum [nf] of bd-players","sum [nf] of academe-players","sum [nf] of business-players","sum [nf] of nga-players","sum [nf] of turtles","sum [g] of blgu-players","sum [g] of mplgu-players","sum [g] of bd-players","sum [g] of academe-players","sum [g] of business-players","sum [g] of nga-players","sum [g] of turtles","sum [cw] of blgu-players","sum [cw] of mplgu-players","sum [cw] of bd-players","sum [cw] of academe-players","sum [cw] of business-players","sum [cw] of nga-players","sum [cw] of turtles","sum [ps] of blgu-players","sum [ps] of mplgu-players","sum [ps] of bd-players","sum [ps] of academe-players","sum [ps] of business-players","sum [ps] of nga-players","sum [ps] of turtles","sum [lb] of blgu-players","sum [lb] of mplgu-players","sum [lb] of bd-players","sum [lb] of academe-players","sum [lb] of business-players","sum [lb] of nga-players","sum [lb] of turtles","sum [pf] of blgu-players","sum [pf] of mplgu-players","sum [pf] of bd-players","sum [pf] of academe-players","sum [pf] of business-players","sum [pf] of nga-players","sum [pf] of turtles","sum [nf] of blgu-players","sum [nf] of mplgu-players","sum [nf] of bd-players","sum [nf] of academe-players","sum [nf] of business-players","sum [nf] of nga-players","sum [nf] of turtles","sum [g] of blgu-players","sum [g] of mplgu-players","sum [g] of bd-players","sum [g] of academe-players","sum [g] of business-players","sum [g] of nga-players","sum [g] of turtles","sum [cw] of blgu-players","sum [cw] of mplgu-players","sum [cw] of bd-players","sum [cw] of academe-players","sum [cw] of business-players","sum [cw] of nga-players","sum [cw] of turtles","sum [ps] of blgu-players","sum [ps] of mplgu-players","sum [ps] of bd-players","sum [ps] of academe-players","sum [ps] of business-players","sum [ps] of nga-players","sum [ps] of turtles","sum [lb] of blgu-players","sum [lb] of mplgu-players","sum [lb] of bd-players","sum [lb] of academe-players","sum [lb] of business-players","sum [lb] of nga-players","sum [lb] of turtles","sum [pf] of blgu-players","sum [pf] of mplgu-players","sum [pf] of bd-players","sum [pf] of academe-players","sum [pf] of business-players","sum [pf] of nga-players","sum [pf] of turtles","sum [nf] of blgu-players","sum [nf] of mplgu-players","sum [nf] of bd-players","sum [nf] of academe-players","sum [nf] of business-players","sum [nf] of nga-players","sum [nf] of turtles","sum [g] of blgu-players","sum [g] of mplgu-players","sum [g] of bd-players","sum [g] of academe-players","sum [g] of business-players","sum [g] of nga-players","sum [g] of turtles","sum [cw] of blgu-players","sum [cw] of mplgu-players","sum [cw] of bd-players","sum [cw] of academe-players","sum [cw] of business-players","sum [cw] of nga-players","sum [cw] of turtles","sum [ps] of blgu-players","sum [ps] of mplgu-players","sum [ps] of bd-players","sum [ps] of academe-players","sum [ps] of business-players","sum [ps] of nga-players","sum [ps] of turtles","sum [lb] of blgu-players","sum [lb] of mplgu-players","sum [lb] of bd-players","sum [lb] of academe-players","sum [lb] of business-players","sum [lb] of nga-players","sum [lb] of turtles","sum [pf] of blgu-players","sum [pf] of mplgu-players","sum [pf] of bd-players","sum [pf] of academe-players","sum [pf] of business-players","sum [pf] of nga-players","sum [pf] of turtles","sum [nf] of blgu-players","sum [nf] of mplgu-players","sum [nf] of bd-players","sum [nf] of academe-players","sum [nf] of business-players","sum [nf] of nga-players","sum [nf] of turtles","sum [g] of blgu-players","sum [g] of mplgu-players","sum [g] of bd-players","sum [g] of academe-players","sum [g] of business-players","sum [g] of nga-players","sum [g] of turtles","sum [cw] of blgu-players","sum [cw] of mplgu-players","sum [cw] of bd-players","sum [cw] of academe-players","sum [cw] of business-players","sum [cw] of nga-players","sum [cw] of turtles","sum [ps] of blgu-players","sum [ps] of mplgu-players","sum [ps] of bd-players","sum [ps] of academe-players","sum [ps] of business-players","sum [ps] of nga-players","sum [ps] of turtles","sum [lb] of blgu-players","sum [lb] of mplgu-players","sum [lb] of bd-players","sum [lb] of academe-players","sum [lb] of business-players","sum [lb] of nga-players","sum [lb] of turtles","sum [pf] of blgu-players","sum [pf] of mplgu-players","sum [pf] of bd-players","sum [pf] of academe-players","sum [pf] of business-players","sum [pf] of nga-players","sum [pf] of turtles","sum [nf] of blgu-players","sum [nf] of mplgu-players","sum [nf] of bd-players","sum [nf] of academe-players","sum [nf] of business-players","sum [nf] of nga-players","sum [nf] of turtles","sum [g] of blgu-players","sum [g] of mplgu-players","sum [g] of bd-players","sum [g] of academe-players","sum [g] of business-players","sum [g] of nga-players","sum [g] of turtles","sum [cw] of blgu-players","sum [cw] of mplgu-players","sum [cw] of bd-players","sum [cw] of academe-players","sum [cw] of business-players","sum [cw] of nga-players","sum [cw] of turtles","sum [ps] of blgu-players","sum [ps] of mplgu-players","sum [ps] of bd-players","sum [ps] of academe-players","sum [ps] of business-players","sum [ps] of nga-players","sum [ps] of turtles","sum [lb] of blgu-players","sum [lb] of mplgu-players","sum [lb] of bd-players","sum [lb] of academe-players","sum [lb] of business-players","sum [lb] of nga-players","sum [lb] of turtles","sum [pf] of blgu-players","sum [pf] of mplgu-players","sum [pf] of bd-players","sum [pf] of academe-players","sum [pf] of business-players","sum [pf] of nga-players","sum [pf] of turtles","sum [nf] of blgu-players","sum [nf] of mplgu-players","sum [nf] of bd-players","sum [nf] of academe-players","sum [nf] of business-players","sum [nf] of nga-players","sum [nf] of turtles","sum [g] of blgu-players","sum [g] of mplgu-players","sum [g] of bd-players","sum [g] of academe-players","sum [g] of business-players","sum [g] of nga-players","sum [g] of turtles","sum [cw] of blgu-players","sum [cw] of mplgu-players","sum [cw] of bd-players","sum [cw] of academe-players","sum [cw] of business-players","sum [cw] of nga-players","sum [cw] of turtles","sum [ps] of blgu-players","sum [ps] of mplgu-players","sum [ps] of bd-players","sum [ps] of academe-players","sum [ps] of business-players","sum [ps] of nga-players","sum [ps] of turtles","sum [lb] of blgu-players","sum [lb] of mplgu-players","sum [lb] of bd-players","sum [lb] of academe-players","sum [lb] of business-players","sum [lb] of nga-players","sum [lb] of turtles","sum [pf] of blgu-players","sum [pf] of mplgu-players","sum [pf] of bd-players","sum [pf] of academe-players","sum [pf] of business-players","sum [pf] of nga-players","sum [pf] of turtles","sum [nf] of blgu-players","sum [nf] of mplgu-players","sum [nf] of bd-players","sum [nf] of academe-players","sum [nf] of business-players","sum [nf] of nga-players","sum [nf] of turtles","sum [g] of blgu-players","sum [g] of mplgu-players","sum [g] of bd-players","sum [g] of academe-players","sum [g] of business-players","sum [g] of nga-players","sum [g] of turtles","sum [cw] of blgu-players","sum [cw] of mplgu-players","sum [cw] of bd-players","sum [cw] of academe-players","sum [cw] of business-players","sum [cw] of nga-players","sum [cw] of turtles","sum [ps] of blgu-players","sum [ps] of mplgu-players","sum [ps] of bd-players","sum [ps] of academe-players","sum [ps] of business-players","sum [ps] of nga-players","sum [ps] of turtles","sum [lb] of blgu-players","sum [lb] of mplgu-players","sum [lb] of bd-players","sum [lb] of academe-players","sum [lb] of business-players","sum [lb] of nga-players","sum [lb] of turtles","sum [pf] of blgu-players","sum [pf] of mplgu-players","sum [pf] of bd-players","sum [pf] of academe-players","sum [pf] of business-players","sum [pf] of nga-players","sum [pf] of turtles","sum [nf] of blgu-players","sum [nf] of mplgu-players","sum [nf] of bd-players","sum [nf] of academe-players","sum [nf] of business-players","sum [nf] of nga-players","sum [nf] of turtles","sum [g] of blgu-players","sum [g] of mplgu-players","sum [g] of bd-players","sum [g] of academe-players","sum [g] of business-players","sum [g] of nga-players","sum [g] of turtles","sum [cw] of blgu-players","sum [cw] of mplgu-players","sum [cw] of bd-players","sum [cw] of academe-players","sum [cw] of business-players","sum [cw] of nga-players","sum [cw] of turtles","sum [ps] of blgu-players","sum [ps] of mplgu-players","sum [ps] of bd-players","sum [ps] of academe-players","sum [ps] of business-players","sum [ps] of nga-players","sum [ps] of turtles","sum [lb] of blgu-players","sum [lb] of mplgu-players","sum [lb] of bd-players","sum [lb] of academe-players","sum [lb] of business-players","sum [lb] of nga-players","sum [lb] of turtles","sum [pf] of blgu-players","sum [pf] of mplgu-players","sum [pf] of bd-players","sum [pf] of academe-players","sum [pf] of business-players","sum [pf] of nga-players","sum [pf] of turtles","sum [nf] of blgu-players","sum [nf] of mplgu-players","sum [nf] of bd-players","sum [nf] of academe-players","sum [nf] of business-players","sum [nf] of nga-players","sum [nf] of turtles","sum [g] of blgu-players","sum [g] of mplgu-players","sum [g] of bd-players","sum [g] of academe-players","sum [g] of business-players","sum [g] of nga-players","sum [g] of turtles","sum [cw] of blgu-players","sum [cw] of mplgu-players","sum [cw] of bd-players","sum [cw] of academe-players","sum [cw] of business-players","sum [cw] of nga-players","sum [cw] of turtles","sum [ps] of blgu-players","sum [ps] of mplgu-players","sum [ps] of bd-players","sum [ps] of academe-players","sum [ps] of business-players","sum [ps] of nga-players","sum [ps] of turtles","sum [lb] of blgu-players","sum [lb] of mplgu-players","sum [lb] of bd-players","sum [lb] of academe-players","sum [lb] of business-players","sum [lb] of nga-players","sum [lb] of turtles","sum [pf] of blgu-players","sum [pf] of mplgu-players","sum [pf] of bd-players","sum [pf] of academe-players","sum [pf] of business-players","sum [pf] of nga-players","sum [pf] of turtles","sum [nf] of blgu-players","sum [nf] of mplgu-players","sum [nf] of bd-players","sum [nf] of academe-players","sum [nf] of business-players","sum [nf] of nga-players","sum [nf] of turtles","sum [g] of blgu-players","sum [g] of mplgu-players","sum [g] of bd-players","sum [g] of academe-players","sum [g] of business-players","sum [g] of nga-players","sum [g] of turtles","sum [cw] of blgu-players","sum [cw] of mplgu-players","sum [cw] of bd-players","sum [cw] of academe-players","sum [cw] of business-players","sum [cw] of nga-players","sum [cw] of turtles","sum [ps] of blgu-players","sum [ps] of mplgu-players","sum [ps] of bd-players","sum [ps] of academe-players","sum [ps] of business-players","sum [ps] of nga-players","sum [ps] of turtles","sum [lb] of blgu-players","sum [lb] of mplgu-players","sum [lb] of bd-players","sum [lb] of academe-players","sum [lb] of business-players","sum [lb] of nga-players","sum [lb] of turtles","sum [pf] of blgu-players","sum [pf] of mplgu-players","sum [pf] of bd-players","sum [pf] of academe-players","sum [pf] of business-players","sum [pf] of nga-players","sum [pf] of turtles","sum [nf] of blgu-players","sum [nf] of mplgu-players","sum [nf] of bd-players","sum [nf] of academe-players","sum [nf] of business-players","sum [nf] of nga-players","sum [nf] of turtles","sum [g] of blgu-players","sum [g] of mplgu-players","sum [g] of bd-players","sum [g] of academe-players","sum [g] of business-players","sum [g] of nga-players","sum [g] of turtles","sum [cw] of blgu-players","sum [cw] of mplgu-players","sum [cw] of bd-players","sum [cw] of academe-players","sum [cw] of business-players","sum [cw] of nga-players","sum [cw] of turtles","sum [ps] of blgu-players","sum [ps] of mplgu-players","sum [ps] of bd-players","sum [ps] of academe-players","sum [ps] of business-players","sum [ps] of nga-players","sum [ps] of turtles","sum [lb] of blgu-players","sum [lb] of mplgu-players","sum [lb] of bd-players","sum [lb] of academe-players","sum [lb] of business-players","sum [lb] of nga-players","sum [lb] of turtles","sum [pf] of blgu-players","sum [pf] of mplgu-players","sum [pf] of bd-players","sum [pf] of academe-players","sum [pf] of business-players","sum [pf] of nga-players","sum [pf] of turtles","sum [nf] of blgu-players","sum [nf] of mplgu-players","sum [nf] of bd-players","sum [nf] of academe-players","sum [nf] of business-players","sum [nf] of nga-players","sum [nf] of turtles","sum [g] of blgu-players","sum [g] of mplgu-players","sum [g] of bd-players","sum [g] of academe-players","sum [g] of business-players","sum [g] of nga-players","sum [g] of turtles","sum [cw] of blgu-players","sum [cw] of mplgu-players","sum [cw] of bd-players","sum [cw] of academe-players","sum [cw] of business-players","sum [cw] of nga-players","sum [cw] of turtles","sum [ps] of blgu-players","sum [ps] of mplgu-players","sum [ps] of bd-players","sum [ps] of academe-players","sum [ps] of business-players","sum [ps] of nga-players","sum [ps] of turtles","sum [lb] of blgu-players","sum [lb] of mplgu-players","sum [lb] of bd-players","sum [lb] of academe-players","sum [lb] of business-players","sum [lb] of nga-players","sum [lb] of turtles","sum [pf] of blgu-players","sum [pf] of mplgu-players","sum [pf] of bd-players","sum [pf] of academe-players","sum [pf] of business-players","sum [pf] of nga-players","sum [pf] of turtles","sum [nf] of blgu-players","sum [nf] of mplgu-players","sum [nf] of bd-players","sum [nf] of academe-players","sum [nf] of business-players","sum [nf] of nga-players","sum [nf] of turtles","sum [g] of blgu-players","sum [g] of mplgu-players","sum [g] of bd-players","sum [g] of academe-players","sum [g] of business-players","sum [g] of nga-players","sum [g] of turtles","sum [cw] of blgu-players","sum [cw] of mplgu-players","sum [cw] of bd-players","sum [cw] of academe-players","sum [cw] of business-players","sum [cw] of nga-players","sum [cw] of turtles","sum [ps] of blgu-players","sum [ps] of mplgu-players","sum [ps] of bd-players","sum [ps] of academe-players","sum [ps] of business-players","sum [ps] of nga-players","sum [ps] of turtles","sum [lb] of blgu-players","sum [lb] of mplgu-players","sum [lb] of bd-players","sum [lb] of academe-players","sum [lb] of business-players","sum [lb] of nga-players","sum [lb] of turtles","sum [pf] of blgu-players","sum [pf] of mplgu-players","sum [pf] of bd-players","sum [pf] of academe-players","sum [pf] of business-players","sum [pf] of nga-players","sum [pf] of turtles","sum [nf] of blgu-players","sum [nf] of mplgu-players","sum [nf] of bd-players","sum [nf] of academe-players","sum [nf] of business-players","sum [nf] of nga-players","sum [nf] of turtles","sum [g] of blgu-players","sum [g] of mplgu-players","sum [g] of bd-players","sum [g] of academe-players","sum [g] of business-players","sum [g] of nga-players","sum [g] of turtles","sum [cw] of blgu-players","sum [cw] of mplgu-players","sum [cw] of bd-players","sum [cw] of academe-players","sum [cw] of business-players","sum [cw] of nga-players","sum [cw] of turtles","sum [ps] of blgu-players","sum [ps] of mplgu-players","sum [ps] of bd-players","sum [ps] of academe-players","sum [ps] of business-players","sum [ps] of nga-players","sum [ps] of turtles","sum [lb] of blgu-players","sum [lb] of mplgu-players","sum [lb] of bd-players","sum [lb] of academe-players","sum [lb] of business-players","sum [lb] of nga-players","sum [lb] of turtles","sum [pf] of blgu-players","sum [pf] of mplgu-players","sum [pf] of bd-players","sum [pf] of academe-players","sum [pf] of business-players","sum [pf] of nga-players","sum [pf] of turtles","sum [nf] of blgu-players","sum [nf] of mplgu-players","sum [nf] of bd-players","sum [nf] of academe-players","sum [nf] of business-players","sum [nf] of nga-players","sum [nf] of turtles","sum [g] of blgu-players","sum [g] of mplgu-players","sum [g] of bd-players","sum [g] of academe-players","sum [g] of business-players","sum [g] of nga-players","sum [g] of turtles","sum [cw] of blgu-players","sum [cw] of mplgu-players","sum [cw] of bd-players","sum [cw] of academe-players","sum [cw] of business-players","sum [cw] of nga-players","sum [cw] of turtles","sum [ps] of blgu-players","sum [ps] of mplgu-players","sum [ps] of bd-players","sum [ps] of academe-players","sum [ps] of business-players","sum [ps] of nga-players","sum [ps] of turtles","sum [lb] of blgu-players","sum [lb] of mplgu-players","sum [lb] of bd-players","sum [lb] of academe-players","sum [lb] of business-players","sum [lb] of nga-players","sum [lb] of turtles","sum [pf] of blgu-players","sum [pf] of mplgu-players","sum [pf] of bd-players","sum [pf] of academe-players","sum [pf] of business-players","sum [pf] of nga-players","sum [pf] of turtles","sum [nf] of blgu-players","sum [nf] of mplgu-players","sum [nf] of bd-players","sum [nf] of academe-players","sum [nf] of business-players","sum [nf] of nga-players","sum [nf] of turtles","sum [g] of blgu-players","sum [g] of mplgu-players","sum [g] of bd-players","sum [g] of academe-players","sum [g] of business-players","sum [g] of nga-players","sum [g] of turtles","sum [cw] of blgu-players","sum [cw] of mplgu-players","sum [cw] of bd-players","sum [cw] of academe-players","sum [cw] of business-players","sum [cw] of nga-players","sum [cw] of turtles","sum [ps] of blgu-players","sum [ps] of mplgu-players","sum [ps] of bd-players","sum [ps] of academe-players","sum [ps] of business-players","sum [ps] of nga-players","sum [ps] of turtles","sum [lb] of blgu-players","sum [lb] of mplgu-players","sum [lb] of bd-players","sum [lb] of academe-players","sum [lb] of business-players","sum [lb] of nga-players","sum [lb] of turtles","sum [pf] of blgu-players","sum [pf] of mplgu-players","sum [pf] of bd-players","sum [pf] of academe-players","sum [pf] of business-players","sum [pf] of nga-players","sum [pf] of turtles","sum [nf] of blgu-players","sum [nf] of mplgu-players","sum [nf] of bd-players","sum [nf] of academe-players","sum [nf] of business-players","sum [nf] of nga-players","sum [nf] of turtles","sum [g] of blgu-players","sum [g] of mplgu-players","sum [g] of bd-players","sum [g] of academe-players","sum [g] of business-players","sum [g] of nga-players","sum [g] of turtles","sum [cw] of blgu-players","sum [cw] of mplgu-players","sum [cw] of bd-players","sum [cw] of academe-players","sum [cw] of business-players","sum [cw] of nga-players","sum [cw] of turtles","sum [ps] of blgu-players","sum [ps] of mplgu-players","sum [ps] of bd-players","sum [ps] of academe-players","sum [ps] of business-players","sum [ps] of nga-players","sum [ps] of turtles","sum [lb] of blgu-players","sum [lb] of mplgu-players","sum [lb] of bd-players","sum [lb] of academe-players","sum [lb] of business-players","sum [lb] of nga-players","sum [lb] of turtles","sum [pf] of blgu-players","sum [pf] of mplgu-players","sum [pf] of bd-players","sum [pf] of academe-players","sum [pf] of business-players","sum [pf] of nga-players","sum [pf] of turtles","sum [nf] of blgu-players","sum [nf] of mplgu-players","sum [nf] of bd-players","sum [nf] of academe-players","sum [nf] of business-players","sum [nf] of nga-players","sum [nf] of turtles","sum [g] of blgu-players","sum [g] of mplgu-players","sum [g] of bd-players","sum [g] of academe-players","sum [g] of business-players","sum [g] of nga-players","sum [g] of turtles","sum [cw] of blgu-players","sum [cw] of mplgu-players","sum [cw] of bd-players","sum [cw] of academe-players","sum [cw] of business-players","sum [cw] of nga-players","sum [cw] of turtles","sum [ps] of blgu-players","sum [ps] of mplgu-players","sum [ps] of bd-players","sum [ps] of academe-players","sum [ps] of business-players","sum [ps] of nga-players","sum [ps] of turtles","sum [lb] of blgu-players","sum [lb] of mplgu-players","sum [lb] of bd-players","sum [lb] of academe-players","sum [lb] of business-players","sum [lb] of nga-players","sum [lb] of turtles","sum [pf] of blgu-players","sum [pf] of mplgu-players","sum [pf] of bd-players","sum [pf] of academe-players","sum [pf] of business-players","sum [pf] of nga-players","sum [pf] of turtles","sum [nf] of blgu-players","sum [nf] of mplgu-players","sum [nf] of bd-players","sum [nf] of academe-players","sum [nf] of business-players","sum [nf] of nga-players","sum [nf] of turtles","sum [g] of blgu-players","sum [g] of mplgu-players","sum [g] of bd-players","sum [g] of academe-players","sum [g] of business-players","sum [g] of nga-players","sum [g] of turtles","sum [cw] of blgu-players","sum [cw] of mplgu-players","sum [cw] of bd-players","sum [cw] of academe-players","sum [cw] of business-players","sum [cw] of nga-players","sum [cw] of turtles","sum [ps] of blgu-players","sum [ps] of mplgu-players","sum [ps] of bd-players","sum [ps] of academe-players","sum [ps] of business-players","sum [ps] of nga-players","sum [ps] of turtles","sum [lb] of blgu-players","sum [lb] of mplgu-players","sum [lb] of bd-players","sum [lb] of academe-players","sum [lb] of business-players","sum [lb] of nga-players","sum [lb] of turtles","sum [pf] of blgu-players","sum [pf] of mplgu-players","sum [pf] of bd-players","sum [pf] of academe-players","sum [pf] of business-players","sum [pf] of nga-players","sum [pf] of turtles","sum [nf] of blgu-players","sum [nf] of mplgu-players","sum [nf] of bd-players","sum [nf] of academe-players","sum [nf] of business-players","sum [nf] of nga-players","sum [nf] of turtles","sum [g] of blgu-players","sum [g] of mplgu-players","sum [g] of bd-players","sum [g] of academe-players","sum [g] of business-players","sum [g] of nga-players","sum [g] of turtles","sum [cw] of blgu-players","sum [cw] of mplgu-players","sum [cw] of bd-players","sum [cw] of academe-players","sum [cw] of business-players","sum [cw] of nga-players","sum [cw] of turtles","sum [ps] of blgu-players","sum [ps] of mplgu-players","sum [ps] of bd-players","sum [ps] of academe-players","sum [ps] of business-players","sum [ps] of nga-players","sum [ps] of turtles","sum [lb] of blgu-players","sum [lb] of mplgu-players","sum [lb] of bd-players","sum [lb] of academe-players","sum [lb] of business-players","sum [lb] of nga-players","sum [lb] of turtles","sum [pf] of blgu-players","sum [pf] of mplgu-players","sum [pf] of bd-players","sum [pf] of academe-players","sum [pf] of business-players","sum [pf] of nga-players","sum [pf] of turtles","sum [nf] of blgu-players","sum [nf] of mplgu-players","sum [nf] of bd-players","sum [nf] of academe-players","sum [nf] of business-players","sum [nf] of nga-players","sum [nf] of turtles","sum [g] of blgu-players","sum [g] of mplgu-players","sum [g] of bd-players","sum [g] of academe-players","sum [g] of business-players","sum [g] of nga-players","sum [g] of turtles","sum [cw] of blgu-players","sum [cw] of mplgu-players","sum [cw] of bd-players","sum [cw] of academe-players","sum [cw] of business-players","sum [cw] of nga-players","sum [cw] of turtles","sum [ps] of blgu-players","sum [ps] of mplgu-players","sum [ps] of bd-players","sum [ps] of academe-players","sum [ps] of business-players","sum [ps] of nga-players","sum [ps] of turtles","sum [lb] of blgu-players","sum [lb] of mplgu-players","sum [lb] of bd-players","sum [lb] of academe-players","sum [lb] of business-players","sum [lb] of nga-players","sum [lb] of turtles","sum [pf] of blgu-players","sum [pf] of mplgu-players","sum [pf] of bd-players","sum [pf] of academe-players","sum [pf] of business-players","sum [pf] of nga-players","sum [pf] of turtles","sum [nf] of blgu-players","sum [nf] of mplgu-players","sum [nf] of bd-players","sum [nf] of academe-players","sum [nf] of business-players","sum [nf] of nga-players","sum [nf] of turtles","sum [g] of blgu-players","sum [g] of mplgu-players","sum [g] of bd-players","sum [g] of academe-players","sum [g] of business-players","sum [g] of nga-players","sum [g] of turtles","sum [cw] of blgu-players","sum [cw] of mplgu-players","sum [cw] of bd-players","sum [cw] of academe-players","sum [cw] of business-players","sum [cw] of nga-players","sum [cw] of turtles","sum [ps] of blgu-players","sum [ps] of mplgu-players","sum [ps] of bd-players","sum [ps] of academe-players","sum [ps] of business-players","sum [ps] of nga-players","sum [ps] of turtles","sum [lb] of blgu-players","sum [lb] of mplgu-players","sum [lb] of bd-players","sum [lb] of academe-players","sum [lb] of business-players","sum [lb] of nga-players","sum [lb] of turtles","sum [pf] of blgu-players","sum [pf] of mplgu-players","sum [pf] of bd-players","sum [pf] of academe-players","sum [pf] of business-players","sum [pf] of nga-players","sum [pf] of turtles","sum [nf] of blgu-players","sum [nf] of mplgu-players","sum [nf] of bd-players","sum [nf] of academe-players","sum [nf] of business-players","sum [nf] of nga-players","sum [nf] of turtles","sum [g] of blgu-players","sum [g] of mplgu-players","sum [g] of bd-players","sum [g] of academe-players","sum [g] of business-players","sum [g] of nga-players","sum [g] of turtles","sum [cw] of blgu-players","sum [cw] of mplgu-players","sum [cw] of bd-players","sum [cw] of academe-players","sum [cw] of business-players","sum [cw] of nga-players","sum [cw] of turtles","sum [ps] of blgu-players","sum [ps] of mplgu-players","sum [ps] of bd-players","sum [ps] of academe-players","sum [ps] of business-players","sum [ps] of nga-players","sum [ps] of turtles","sum [lb] of blgu-players","sum [lb] of mplgu-players","sum [lb] of bd-players","sum [lb] of academe-players","sum [lb] of business-players","sum [lb] of nga-players","sum [lb] of turtles","sum [pf] of blgu-players","sum [pf] of mplgu-players","sum [pf] of bd-players","sum [pf] of academe-players","sum [pf] of business-players","sum [pf] of nga-players","sum [pf] of turtles","sum [nf] of blgu-players","sum [nf] of mplgu-players","sum [nf] of bd-players","sum [nf] of academe-players","sum [nf] of business-players","sum [nf] of nga-players","sum [nf] of turtles","sum [g] of blgu-players","sum [g] of mplgu-players","sum [g] of bd-players","sum [g] of academe-players","sum [g] of business-players","sum [g] of nga-players","sum [g] of turtles","sum [cw] of blgu-players","sum [cw] of mplgu-players","sum [cw] of bd-players","sum [cw] of academe-players","sum [cw] of business-players","sum [cw] of nga-players","sum [cw] of turtles","sum [ps] of blgu-players","sum [ps] of mplgu-players","sum [ps] of bd-players","sum [ps] of academe-players","sum [ps] of business-players","sum [ps] of nga-players","sum [ps] of turtles","sum [lb] of blgu-players","sum [lb] of mplgu-players","sum [lb] of bd-players","sum [lb] of academe-players","sum [lb] of business-players","sum [lb] of nga-players","sum [lb] of turtles","sum [pf] of blgu-players","sum [pf] of mplgu-players","sum [pf] of bd-players","sum [pf] of academe-players","sum [pf] of business-players","sum [pf] of nga-players","sum [pf] of turtles","sum [nf] of blgu-players","sum [nf] of mplgu-players","sum [nf] of bd-players","sum [nf] of academe-players","sum [nf] of business-players","sum [nf] of nga-players","sum [nf] of turtles","sum [g] of blgu-players","sum [g] of mplgu-players","sum [g] of bd-players","sum [g] of academe-players","sum [g] of business-players","sum [g] of nga-players","sum [g] of turtles","sum [cw] of blgu-players","sum [cw] of mplgu-players","sum [cw] of bd-players","sum [cw] of academe-players","sum [cw] of business-players","sum [cw] of nga-players","sum [cw] of turtles","sum [ps] of blgu-players","sum [ps] of mplgu-players","sum [ps] of bd-players","sum [ps] of academe-players","sum [ps] of business-players","sum [ps] of nga-players","sum [ps] of turtles","sum [lb] of blgu-players","sum [lb] of mplgu-players","sum [lb] of bd-players","sum [lb] of academe-players","sum [lb] of business-players","sum [lb] of nga-players","sum [lb] of turtles","sum [pf] of blgu-players","sum [pf] of mplgu-players","sum [pf] of bd-players","sum [pf] of academe-players","sum [pf] of business-players","sum [pf] of nga-players","sum [pf] of turtles","sum [nf] of blgu-players","sum [nf] of mplgu-players","sum [nf] of bd-players","sum [nf] of academe-players","sum [nf] of business-players","sum [nf] of nga-players","sum [nf] of turtles","sum [g] of blgu-players","sum [g] of mplgu-players","sum [g] of bd-players","sum [g] of academe-players","sum [g] of business-players","sum [g] of nga-players","sum [g] of turtles","sum [cw] of blgu-players","sum [cw] of mplgu-players","sum [cw] of bd-players","sum [cw] of academe-players","sum [cw] of business-players","sum [cw] of nga-players","sum [cw] of turtles","sum [ps] of blgu-players","sum [ps] of mplgu-players","sum [ps] of bd-players","sum [ps] of academe-players","sum [ps] of business-players","sum [ps] of nga-players","sum [ps] of turtles","sum [lb] of blgu-players","sum [lb] of mplgu-players","sum [lb] of bd-players","sum [lb] of academe-players","sum [lb] of business-players","sum [lb] of nga-players","sum [lb] of turtles","sum [pf] of blgu-players","sum [pf] of mplgu-players","sum [pf] of bd-players","sum [pf] of academe-players","sum [pf] of business-players","sum [pf] of nga-players","sum [pf] of turtles","sum [nf] of blgu-players","sum [nf] of mplgu-players","sum [nf] of bd-players","sum [nf] of academe-players","sum [nf] of business-players","sum [nf] of nga-players","sum [nf] of turtles","sum [g] of blgu-players","sum [g] of mplgu-players","sum [g] of bd-players","sum [g] of academe-players","sum [g] of business-players","sum [g] of nga-players","sum [g] of turtles","sum [cw] of blgu-players","sum [cw] of mplgu-players","sum [cw] of bd-players","sum [cw] of academe-players","sum [cw] of business-players","sum [cw] of nga-players","sum [cw] of turtles","sum [ps] of blgu-players","sum [ps] of mplgu-players","sum [ps] of bd-players","sum [ps] of academe-players","sum [ps] of business-players","sum [ps] of nga-players","sum [ps] of turtles","sum [lb] of blgu-players","sum [lb] of mplgu-players","sum [lb] of bd-players","sum [lb] of academe-players","sum [lb] of business-players","sum [lb] of nga-players","sum [lb] of turtles","sum [pf] of blgu-players","sum [pf] of mplgu-players","sum [pf] of bd-players","sum [pf] of academe-players","sum [pf] of business-players","sum [pf] of nga-players","sum [pf] of turtles","sum [nf] of blgu-players","sum [nf] of mplgu-players","sum [nf] of bd-players","sum [nf] of academe-players","sum [nf] of business-players","sum [nf] of nga-players","sum [nf] of turtles","sum [g] of blgu-players","sum [g] of mplgu-players","sum [g] of bd-players","sum [g] of academe-players","sum [g] of business-players","sum [g] of nga-players","sum [g] of turtles","sum [cw] of blgu-players","sum [cw] of mplgu-players","sum [cw] of bd-players","sum [cw] of academe-players","sum [cw] of business-players","sum [cw] of nga-players","sum [cw] of turtles","sum [ps] of blgu-players","sum [ps] of mplgu-players","sum [ps] of bd-players","sum [ps] of academe-players","sum [ps] of business-players","sum [ps] of nga-players","sum [ps] of turtles","sum [lb] of blgu-players","sum [lb] of mplgu-players","sum [lb] of bd-players","sum [lb] of academe-players","sum [lb] of business-players","sum [lb] of nga-players","sum [lb] of turtles","sum [pf] of blgu-players","sum [pf] of mplgu-players","sum [pf] of bd-players","sum [pf] of academe-players","sum [pf] of business-players","sum [pf] of nga-players","sum [pf] of turtles","sum [nf] of blgu-players","sum [nf] of mplgu-players","sum [nf] of bd-players","sum [nf] of academe-players","sum [nf] of business-players","sum [nf] of nga-players","sum [nf] of turtles","sum [g] of blgu-players","sum [g] of mplgu-players","sum [g] of bd-players","sum [g] of academe-players","sum [g] of business-players","sum [g] of nga-players","sum [g] of turtles","sum [cw] of blgu-players","sum [cw] of mplgu-players","sum [cw] of bd-players","sum [cw] of academe-players","sum [cw] of business-players","sum [cw] of nga-players","sum [cw] of turtles","sum [ps] of blgu-players","sum [ps] of mplgu-players","sum [ps] of bd-players","sum [ps] of academe-players","sum [ps] of business-players","sum [ps] of nga-players","sum [ps] of turtles","sum [lb] of blgu-players","sum [lb] of mplgu-players","sum [lb] of bd-players","sum [lb] of academe-players","sum [lb] of business-players","sum [lb] of nga-players","sum [lb] of turtles","sum [pf] of blgu-players","sum [pf] of mplgu-players","sum [pf] of bd-players","sum [pf] of academe-players","sum [pf] of business-players","sum [pf] of nga-players","sum [pf] of turtles","sum [nf] of blgu-players","sum [nf] of mplgu-players","sum [nf] of bd-players","sum [nf] of academe-players","sum [nf] of business-players","sum [nf] of nga-players","sum [nf] of turtles","sum [g] of blgu-players","sum [g] of mplgu-players","sum [g] of bd-players","sum [g] of academe-players","sum [g] of business-players","sum [g] of nga-players","sum [g] of turtles","sum [cw] of blgu-players","sum [cw] of mplgu-players","sum [cw] of bd-players","sum [cw] of academe-players","sum [cw] of business-players","sum [cw] of nga-players","sum [cw] of turtles","sum [ps] of blgu-players","sum [ps] of mplgu-players","sum [ps] of bd-players","sum [ps] of academe-players","sum [ps] of business-players","sum [ps] of nga-players","sum [ps] of turtles","sum [lb] of blgu-players","sum [lb] of mplgu-players","sum [lb] of bd-players","sum [lb] of academe-players","sum [lb] of business-players","sum [lb] of nga-players","sum [lb] of turtles","sum [pf] of blgu-players","sum [pf] of mplgu-players","sum [pf] of bd-players","sum [pf] of academe-players","sum [pf] of business-players","sum [pf] of nga-players","sum [pf] of turtles","sum [nf] of blgu-players","sum [nf] of mplgu-players","sum [nf] of bd-players","sum [nf] of academe-players","sum [nf] of business-players","sum [nf] of nga-players","sum [nf] of turtles","sum [g] of blgu-players","sum [g] of mplgu-players","sum [g] of bd-players","sum [g] of academe-players","sum [g] of business-players","sum [g] of nga-players","sum [g] of turtles","sum [cw] of blgu-players","sum [cw] of mplgu-players","sum [cw] of bd-players","sum [cw] of academe-players","sum [cw] of business-players","sum [cw] of nga-players","sum [cw] of turtles","sum [ps] of blgu-players","sum [ps] of mplgu-players","sum [ps] of bd-players","sum [ps] of academe-players","sum [ps] of business-players","sum [ps] of nga-players","sum [ps] of turtles","sum [lb] of blgu-players","sum [lb] of mplgu-players","sum [lb] of bd-players","sum [lb] of academe-players","sum [lb] of business-players","sum [lb] of nga-players","sum [lb] of turtles","sum [pf] of blgu-players","sum [pf] of mplgu-players","sum [pf] of bd-players","sum [pf] of academe-players","sum [pf] of business-players","sum [pf] of nga-players","sum [pf] of turtles","sum [nf] of blgu-players","sum [nf] of mplgu-players","sum [nf] of bd-players","sum [nf] of academe-players","sum [nf] of business-players","sum [nf] of nga-players","sum [nf] of turtles","sum [g] of blgu-players","sum [g] of mplgu-players","sum [g] of bd-players","sum [g] of academe-players","sum [g] of business-players","sum [g] of nga-players","sum [g] of turtles","sum [cw] of blgu-players","sum [cw] of mplgu-players","sum [cw] of bd-players","sum [cw] of academe-players","sum [cw] of business-players","sum [cw] of nga-players","sum [cw] of turtles","sum [ps] of blgu-players","sum [ps] of mplgu-players","sum [ps] of bd-players","sum [ps] of academe-players","sum [ps] of business-players","sum [ps] of nga-players","sum [ps] of turtles","sum [lb] of blgu-players","sum [lb] of mplgu-players","sum [lb] of bd-players","sum [lb] of academe-players","sum [lb] of business-players","sum [lb] of nga-players","sum [lb] of turtles","sum [pf] of blgu-players","sum [pf] of mplgu-players","sum [pf] of bd-players","sum [pf] of academe-players","sum [pf] of business-players","sum [pf] of nga-players","sum [pf] of turtles","sum [nf] of blgu-players","sum [nf] of mplgu-players","sum [nf] of bd-players","sum [nf] of academe-players","sum [nf] of business-players","sum [nf] of nga-players","sum [nf] of turtles","sum [g] of blgu-players","sum [g] of mplgu-players","sum [g] of bd-players","sum [g] of academe-players","sum [g] of business-players","sum [g] of nga-players","sum [g] of turtles","sum [cw] of blgu-players","sum [cw] of mplgu-players","sum [cw] of bd-players","sum [cw] of academe-players","sum [cw] of business-players","sum [cw] of nga-players","sum [cw] of turtles","sum [ps] of blgu-players","sum [ps] of mplgu-players","sum [ps] of bd-players","sum [ps] of academe-players","sum [ps] of business-players","sum [ps] of nga-players","sum [ps] of turtles","sum [lb] of blgu-players","sum [lb] of mplgu-players","sum [lb] of bd-players","sum [lb] of academe-players","sum [lb] of business-players","sum [lb] of nga-players","sum [lb] of turtles","sum [pf] of blgu-players","sum [pf] of mplgu-players","sum [pf] of bd-players","sum [pf] of academe-players","sum [pf] of business-players","sum [pf] of nga-players","sum [pf] of turtles","sum [nf] of blgu-players","sum [nf] of mplgu-players","sum [nf] of bd-players","sum [nf] of academe-players","sum [nf] of business-players","sum [nf] of nga-players","sum [nf] of turtles","sum [g] of blgu-players","sum [g] of mplgu-players","sum [g] of bd-players","sum [g] of academe-players","sum [g] of business-players","sum [g] of nga-players","sum [g] of turtles","sum [cw] of blgu-players","sum [cw] of mplgu-players","sum [cw] of bd-players","sum [cw] of academe-players","sum [cw] of business-players","sum [cw] of nga-players","sum [cw] of turtles","sum [ps] of blgu-players","sum [ps] of mplgu-players","sum [ps] of bd-players","sum [ps] of academe-players","sum [ps] of business-players","sum [ps] of nga-players","sum [ps] of turtles","sum [lb] of blgu-players","sum [lb] of mplgu-players","sum [lb] of bd-players","sum [lb] of academe-players","sum [lb] of business-players","sum [lb] of nga-players","sum [lb] of turtles","sum [pf] of blgu-players","sum [pf] of mplgu-players","sum [pf] of bd-players","sum [pf] of academe-players","sum [pf] of business-players","sum [pf] of nga-players","sum [pf] of turtles","sum [nf] of blgu-players","sum [nf] of mplgu-players","sum [nf] of bd-players","sum [nf] of academe-players","sum [nf] of business-players","sum [nf] of nga-players","sum [nf] of turtles","sum [g] of blgu-players","sum [g] of mplgu-players","sum [g] of bd-players","sum [g] of academe-players","sum [g] of business-players","sum [g] of nga-players","sum [g] of turtles","sum [cw] of blgu-players","sum [cw] of mplgu-players","sum [cw] of bd-players","sum [cw] of academe-players","sum [cw] of business-players","sum [cw] of nga-players","sum [cw] of turtles","sum [ps] of blgu-players","sum [ps] of mplgu-players","sum [ps] of bd-players","sum [ps] of academe-players","sum [ps] of business-players","sum [ps] of nga-players","sum [ps] of turtles","sum [lb] of blgu-players","sum [lb] of mplgu-players","sum [lb] of bd-players","sum [lb] of academe-players","sum [lb] of business-players","sum [lb] of nga-players","sum [lb] of turtles","sum [pf] of blgu-players","sum [pf] of mplgu-players","sum [pf] of bd-players","sum [pf] of academe-players","sum [pf] of business-players","sum [pf] of nga-players","sum [pf] of turtles","sum [nf] of blgu-players","sum [nf] of mplgu-players","sum [nf] of bd-players","sum [nf] of academe-players","sum [nf] of business-players","sum [nf] of nga-players","sum [nf] of turtles","sum [g] of blgu-players","sum [g] of mplgu-players","sum [g] of bd-players","sum [g] of academe-players","sum [g] of business-players","sum [g] of nga-players","sum [g] of turtles","sum [cw] of blgu-players","sum [cw] of mplgu-players","sum [cw] of bd-players","sum [cw] of academe-players","sum [cw] of business-players","sum [cw] of nga-players","sum [cw] of turtles","sum [ps] of blgu-players","sum [ps] of mplgu-players","sum [ps] of bd-players","sum [ps] of academe-players","sum [ps] of business-players","sum [ps] of nga-players","sum [ps] of turtles","sum [lb] of blgu-players","sum [lb] of mplgu-players","sum [lb] of bd-players","sum [lb] of academe-players","sum [lb] of business-players","sum [lb] of nga-players","sum [lb] of turtles","sum [pf] of blgu-players","sum [pf] of mplgu-players","sum [pf] of bd-players","sum [pf] of academe-players","sum [pf] of business-players","sum [pf] of nga-players","sum [pf] of turtles","sum [nf] of blgu-players","sum [nf] of mplgu-players","sum [nf] of bd-players","sum [nf] of academe-players","sum [nf] of business-players","sum [nf] of nga-players","sum [nf] of turtles","sum [g] of blgu-players","sum [g] of mplgu-players","sum [g] of bd-players","sum [g] of academe-players","sum [g] of business-players","sum [g] of nga-players","sum [g] of turtles","sum [cw] of blgu-players","sum [cw] of mplgu-players","sum [cw] of bd-players","sum [cw] of academe-players","sum [cw] of business-players","sum [cw] of nga-players","sum [cw] of turtles","sum [ps] of blgu-players","sum [ps] of mplgu-players","sum [ps] of bd-players","sum [ps] of academe-players","sum [ps] of business-players","sum [ps] of nga-players","sum [ps] of turtles","sum [lb] of blgu-players","sum [lb] of mplgu-players","sum [lb] of bd-players","sum [lb] of academe-players","sum [lb] of business-players","sum [lb] of nga-players","sum [lb] of turtles","sum [pf] of blgu-players","sum [pf] of mplgu-players","sum [pf] of bd-players","sum [pf] of academe-players","sum [pf] of business-players","sum [pf] of nga-players","sum [pf] of turtles","sum [nf] of blgu-players","sum [nf] of mplgu-players","sum [nf] of bd-players","sum [nf] of academe-players","sum [nf] of business-players","sum [nf] of nga-players","sum [nf] of turtles","sum [g] of blgu-players","sum [g] of mplgu-players","sum [g] of bd-players","sum [g] of academe-players","sum [g] of business-players","sum [g] of nga-players","sum [g] of turtles","sum [cw] of blgu-players","sum [cw] of mplgu-players","sum [cw] of bd-players","sum [cw] of academe-players","sum [cw] of business-players","sum [cw] of nga-players","sum [cw] of turtles","sum [ps] of blgu-players","sum [ps] of mplgu-players","sum [ps] of bd-players","sum [ps] of academe-players","sum [ps] of business-players","sum [ps] of nga-players","sum [ps] of turtles","sum [lb] of blgu-players","sum [lb] of mplgu-players","sum [lb] of bd-players","sum [lb] of academe-players","sum [lb] of business-players","sum [lb] of nga-players","sum [lb] of turtles","sum [pf] of blgu-players","sum [pf] of mplgu-players","sum [pf] of bd-players","sum [pf] of academe-players","sum [pf] of business-players","sum [pf] of nga-players","sum [pf] of turtles","sum [nf] of blgu-players","sum [nf] of mplgu-players","sum [nf] of bd-players","sum [nf] of academe-players","sum [nf] of business-players","sum [nf] of nga-players","sum [nf] of turtles","sum [g] of blgu-players","sum [g] of mplgu-players","sum [g] of bd-players","sum [g] of academe-players","sum [g] of business-players","sum [g] of nga-players","sum [g] of turtles","sum [cw] of blgu-players","sum [cw] of mplgu-players","sum [cw] of bd-players","sum [cw] of academe-players","sum [cw] of business-players","sum [cw] of nga-players","sum [cw] of turtles","sum [ps] of blgu-players","sum [ps] of mplgu-players","sum [ps] of bd-players","sum [ps] of academe-players","sum [ps] of business-players","sum [ps] of nga-players","sum [ps] of turtles","sum [lb] of blgu-players","sum [lb] of mplgu-players","sum [lb] of bd-players","sum [lb] of academe-players","sum [lb] of business-players","sum [lb] of nga-players","sum [lb] of turtles","sum [pf] of blgu-players","sum [pf] of mplgu-players","sum [pf] of bd-players","sum [pf] of academe-players","sum [pf] of business-players","sum [pf] of nga-players","sum [pf] of turtles","sum [nf] of blgu-players","sum [nf] of mplgu-players","sum [nf] of bd-players","sum [nf] of academe-players","sum [nf] of business-players","sum [nf] of nga-players","sum [nf] of turtles","sum [g] of blgu-players","sum [g] of mplgu-players","sum [g] of bd-players","sum [g] of academe-players","sum [g] of business-players","sum [g] of nga-players","sum [g] of turtles","sum [cw] of blgu-players","sum [cw] of mplgu-players","sum [cw] of bd-players","sum [cw] of academe-players","sum [cw] of business-players","sum [cw] of nga-players","sum [cw] of turtles","sum [ps] of blgu-players","sum [ps] of mplgu-players","sum [ps] of bd-players","sum [ps] of academe-players","sum [ps] of business-players","sum [ps] of nga-players","sum [ps] of turtles","sum [lb] of blgu-players","sum [lb] of mplgu-players","sum [lb] of bd-players","sum [lb] of academe-players","sum [lb] of business-players","sum [lb] of nga-players","sum [lb] of turtles","sum [pf] of blgu-players","sum [pf] of mplgu-players","sum [pf] of bd-players","sum [pf] of academe-players","sum [pf] of business-players","sum [pf] of nga-players","sum [pf] of turtles","sum [nf] of blgu-players","sum [nf] of mplgu-players","sum [nf] of bd-players","sum [nf] of academe-players","sum [nf] of business-players","sum [nf] of nga-players","sum [nf] of turtles","sum [g] of blgu-players","sum [g] of mplgu-players","sum [g] of bd-players","sum [g] of academe-players","sum [g] of business-players","sum [g] of nga-players","sum [g] of turtles","sum [cw] of blgu-players","sum [cw] of mplgu-players","sum [cw] of bd-players","sum [cw] of academe-players","sum [cw] of business-players","sum [cw] of nga-players","sum [cw] of turtles","sum [ps] of blgu-players","sum [ps] of mplgu-players","sum [ps] of bd-players","sum [ps] of academe-players","sum [ps] of business-players","sum [ps] of nga-players","sum [ps] of turtles","sum [lb] of blgu-players","sum [lb] of mplgu-players","sum [lb] of bd-players","sum [lb] of academe-players","sum [lb] of business-players","sum [lb] of nga-players","sum [lb] of turtles","sum [pf] of blgu-players","sum [pf] of mplgu-players","sum [pf] of bd-players","sum [pf] of academe-players","sum [pf] of business-players","sum [pf] of nga-players","sum [pf] of turtles","sum [nf] of blgu-players","sum [nf] of mplgu-players","sum [nf] of bd-players","sum [nf] of academe-players","sum [nf] of business-players","sum [nf] of nga-players","sum [nf] of turtles","sum [g] of blgu-players","sum [g] of mplgu-players","sum [g] of bd-players","sum [g] of academe-players","sum [g] of business-players","sum [g] of nga-players","sum [g] of turtles","sum [cw] of blgu-players","sum [cw] of mplgu-players","sum [cw] of bd-players","sum [cw] of academe-players","sum [cw] of business-players","sum [cw] of nga-players","sum [cw] of turtles","sum [ps] of blgu-players","sum [ps] of mplgu-players","sum [ps] of bd-players","sum [ps] of academe-players","sum [ps] of business-players","sum [ps] of nga-players","sum [ps] of turtles","sum [lb] of blgu-players","sum [lb] of mplgu-players","sum [lb] of bd-players","sum [lb] of academe-players","sum [lb] of business-players","sum [lb] of nga-players","sum [lb] of turtles","sum [pf] of blgu-players","sum [pf] of mplgu-players","sum [pf] of bd-players","sum [pf] of academe-players","sum [pf] of business-players","sum [pf] of nga-players","sum [pf] of turtles","sum [nf] of blgu-players","sum [nf] of mplgu-players","sum [nf] of bd-players","sum [nf] of academe-players","sum [nf] of business-players","sum [nf] of nga-players","sum [nf] of turtles","sum [g] of blgu-players","sum [g] of mplgu-players","sum [g] of bd-players","sum [g] of academe-players","sum [g] of business-players","sum [g] of nga-players","sum [g] of turtles","sum [cw] of blgu-players","sum [cw] of mplgu-players","sum [cw] of bd-players","sum [cw] of academe-players","sum [cw] of business-players","sum [cw] of nga-players","sum [cw] of turtles","sum [ps] of blgu-players","sum [ps] of mplgu-players","sum [ps] of bd-players","sum [ps] of academe-players","sum [ps] of business-players","sum [ps] of nga-players","sum [ps] of turtles","sum [lb] of blgu-players","sum [lb] of mplgu-players","sum [lb] of bd-players","sum [lb] of academe-players","sum [lb] of business-players","sum [lb] of nga-players","sum [lb] of turtles","sum [pf] of blgu-players","sum [pf] of mplgu-players","sum [pf] of bd-players","sum [pf] of academe-players","sum [pf] of business-players","sum [pf] of nga-players","sum [pf] of turtles","sum [nf] of blgu-players","sum [nf] of mplgu-players","sum [nf] of bd-players","sum [nf] of academe-players","sum [nf] of business-players","sum [nf] of nga-players","sum [nf] of turtles","sum [g] of blgu-players","sum [g] of mplgu-players","sum [g] of bd-players","sum [g] of academe-players","sum [g] of business-players","sum [g] of nga-players","sum [g] of turtles","sum [cw] of blgu-players","sum [cw] of mplgu-players","sum [cw] of bd-players","sum [cw] of academe-players","sum [cw] of business-players","sum [cw] of nga-players","sum [cw] of turtles","sum [ps] of blgu-players","sum [ps] of mplgu-players","sum [ps] of bd-players","sum [ps] of academe-players","sum [ps] of business-players","sum [ps] of nga-players","sum [ps] of turtles","sum [lb] of blgu-players","sum [lb] of mplgu-players","sum [lb] of bd-players","sum [lb] of academe-players","sum [lb] of business-players","sum [lb] of nga-players","sum [lb] of turtles","sum [pf] of blgu-players","sum [pf] of mplgu-players","sum [pf] of bd-players","sum [pf] of academe-players","sum [pf] of business-players","sum [pf] of nga-players","sum [pf] of turtles","sum [nf] of blgu-players","sum [nf] of mplgu-players","sum [nf] of bd-players","sum [nf] of academe-players","sum [nf] of business-players","sum [nf] of nga-players","sum [nf] of turtles","sum [g] of blgu-players","sum [g] of mplgu-players","sum [g] of bd-players","sum [g] of academe-players","sum [g] of business-players","sum [g] of nga-players","sum [g] of turtles","sum [cw] of blgu-players","sum [cw] of mplgu-players","sum [cw] of bd-players","sum [cw] of academe-players","sum [cw] of business-players","sum [cw] of nga-players","sum [cw] of turtles","sum [ps] of blgu-players","sum [ps] of mplgu-players","sum [ps] of bd-players","sum [ps] of academe-players","sum [ps] of business-players","sum [ps] of nga-players","sum [ps] of turtles","sum [lb] of blgu-players","sum [lb] of mplgu-players","sum [lb] of bd-players","sum [lb] of academe-players","sum [lb] of business-players","sum [lb] of nga-players","sum [lb] of turtles","sum [pf] of blgu-players","sum [pf] of mplgu-players","sum [pf] of bd-players","sum [pf] of academe-players","sum [pf] of business-players","sum [pf] of nga-players","sum [pf] of turtles","sum [nf] of blgu-players","sum [nf] of mplgu-players","sum [nf] of bd-players","sum [nf] of academe-players","sum [nf] of business-players","sum [nf] of nga-players","sum [nf] of turtles","sum [g] of blgu-players","sum [g] of mplgu-players","sum [g] of bd-players","sum [g] of academe-players","sum [g] of business-players","sum [g] of nga-players","sum [g] of turtles","sum [cw] of blgu-players","sum [cw] of mplgu-players","sum [cw] of bd-players","sum [cw] of academe-players","sum [cw] of business-players","sum [cw] of nga-players","sum [cw] of turtles","sum [ps] of blgu-players","sum [ps] of mplgu-players","sum [ps] of bd-players","sum [ps] of academe-players","sum [ps] of business-players","sum [ps] of nga-players","sum [ps] of turtles","sum [lb] of blgu-players","sum [lb] of mplgu-players","sum [lb] of bd-players","sum [lb] of academe-players","sum [lb] of business-players","sum [lb] of nga-players","sum [lb] of turtles","sum [pf] of blgu-players","sum [pf] of mplgu-players","sum [pf] of bd-players","sum [pf] of academe-players","sum [pf] of business-players","sum [pf] of nga-players","sum [pf] of turtles","sum [nf] of blgu-players","sum [nf] of mplgu-players","sum [nf] of bd-players","sum [nf] of academe-players","sum [nf] of business-players","sum [nf] of nga-players","sum [nf] of turtles","sum [g] of blgu-players","sum [g] of mplgu-players","sum [g] of bd-players","sum [g] of academe-players","sum [g] of business-players","sum [g] of nga-players","sum [g] of turtles","sum [cw] of blgu-players","sum [cw] of mplgu-players","sum [cw] of bd-players","sum [cw] of academe-players","sum [cw] of business-players","sum [cw] of nga-players","sum [cw] of turtles","sum [ps] of blgu-players","sum [ps] of mplgu-players","sum [ps] of bd-players","sum [ps] of academe-players","sum [ps] of business-players","sum [ps] of nga-players","sum [ps] of turtles","sum [lb] of blgu-players","sum [lb] of mplgu-players","sum [lb] of bd-players","sum [lb] of academe-players","sum [lb] of business-players","sum [lb] of nga-players","sum [lb] of turtles","sum [pf] of blgu-players","sum [pf] of mplgu-players","sum [pf] of bd-players","sum [pf] of academe-players","sum [pf] of business-players","sum [pf] of nga-players","sum [pf] of turtles","sum [nf] of blgu-players","sum [nf] of mplgu-players","sum [nf] of bd-players","sum [nf] of academe-players","sum [nf] of business-players","sum [nf] of nga-players","sum [nf] of turtles","sum [g] of blgu-players","sum [g] of mplgu-players","sum [g] of bd-players","sum [g] of academe-players","sum [g] of business-players","sum [g] of nga-players","sum [g] of turtles","sum [cw] of blgu-players","sum [cw] of mplgu-players","sum [cw] of bd-players","sum [cw] of academe-players","sum [cw] of business-players","sum [cw] of nga-players","sum [cw] of turtles","sum [ps] of blgu-players","sum [ps] of mplgu-players","sum [ps] of bd-players","sum [ps] of academe-players","sum [ps] of business-players","sum [ps] of nga-players","sum [ps] of turtles","sum [lb] of blgu-players","sum [lb] of mplgu-players","sum [lb] of bd-players","sum [lb] of academe-players","sum [lb] of business-players","sum [lb] of nga-players","sum [lb] of turtles","sum [pf] of blgu-players","sum [pf] of mplgu-players","sum [pf] of bd-players","sum [pf] of academe-players","sum [pf] of business-players","sum [pf] of nga-players","sum [pf] of turtles","sum [nf] of blgu-players","sum [nf] of mplgu-players","sum [nf] of bd-players","sum [nf] of academe-players","sum [nf] of business-players","sum [nf] of nga-players","sum [nf] of turtles","sum [g] of blgu-players","sum [g] of mplgu-players","sum [g] of bd-players","sum [g] of academe-players","sum [g] of business-players","sum [g] of nga-players","sum [g] of turtles","sum [cw] of blgu-players","sum [cw] of mplgu-players","sum [cw] of bd-players","sum [cw] of academe-players","sum [cw] of business-players","sum [cw] of nga-players","sum [cw] of turtles","sum [ps] of blgu-players","sum [ps] of mplgu-players","sum [ps] of bd-players","sum [ps] of academe-players","sum [ps] of business-players","sum [ps] of nga-players","sum [ps] of turtles","sum [lb] of blgu-players","sum [lb] of mplgu-players","sum [lb] of bd-players","sum [lb] of academe-players","sum [lb] of business-players","sum [lb] of nga-players","sum [lb] of turtles","sum [pf] of blgu-players","sum [pf] of mplgu-players","sum [pf] of bd-players","sum [pf] of academe-players","sum [pf] of business-players","sum [pf] of nga-players","sum [pf] of turtles","sum [nf] of blgu-players","sum [nf] of mplgu-players","sum [nf] of bd-players","sum [nf] of academe-players","sum [nf] of business-players","sum [nf] of nga-players","sum [nf] of turtles","sum [g] of blgu-players","sum [g] of mplgu-players","sum [g] of bd-players","sum [g] of academe-players","sum [g] of business-players","sum [g] of nga-players","sum [g] of turtles","sum [cw] of blgu-players","sum [cw] of mplgu-players","sum [cw] of bd-players","sum [cw] of academe-players","sum [cw] of business-players","sum [cw] of nga-players","sum [cw] of turtles","sum [ps] of blgu-players","sum [ps] of mplgu-players","sum [ps] of bd-players","sum [ps] of academe-players","sum [ps] of business-players","sum [ps] of nga-players","sum [ps] of turtles","sum [lb] of blgu-players","sum [lb] of mplgu-players","sum [lb] of bd-players","sum [lb] of academe-players","sum [lb] of business-players","sum [lb] of nga-players","sum [lb] of turtles","sum [pf] of blgu-players","sum [pf] of mplgu-players","sum [pf] of bd-players","sum [pf] of academe-players","sum [pf] of business-players","sum [pf] of nga-players","sum [pf] of turtles","sum [nf] of blgu-players","sum [nf] of mplgu-players","sum [nf] of bd-players","sum [nf] of academe-players","sum [nf] of business-players","sum [nf] of nga-players","sum [nf] of turtles","sum [g] of blgu-players","sum [g] of mplgu-players","sum [g] of bd-players","sum [g] of academe-players","sum [g] of business-players","sum [g] of nga-players","sum [g] of turtles","sum [cw] of blgu-players","sum [cw] of mplgu-players","sum [cw] of bd-players","sum [cw] of academe-players","sum [cw] of business-players","sum [cw] of nga-players","sum [cw] of turtles","sum [ps] of blgu-players","sum [ps] of mplgu-players","sum [ps] of bd-players","sum [ps] of academe-players","sum [ps] of business-players","sum [ps] of nga-players","sum [ps] of turtles","sum [lb] of blgu-players","sum [lb] of mplgu-players","sum [lb] of bd-players","sum [lb] of academe-players","sum [lb] of business-players","sum [lb] of nga-players","sum [lb] of turtles","sum [pf] of blgu-players","sum [pf] of mplgu-players","sum [pf] of bd-players","sum [pf] of academe-players","sum [pf] of business-players","sum [pf] of nga-players","sum [pf] of turtles","sum [nf] of blgu-players","sum [nf] of mplgu-players","sum [nf] of bd-players","sum [nf] of academe-players","sum [nf] of business-players","sum [nf] of nga-players","sum [nf] of turtles","sum [g] of blgu-players","sum [g] of mplgu-players","sum [g] of bd-players","sum [g] of academe-players","sum [g] of business-players","sum [g] of nga-players","sum [g] of turtles","sum [cw] of blgu-players","sum [cw] of mplgu-players","sum [cw] of bd-players","sum [cw] of academe-players","sum [cw] of business-players","sum [cw] of nga-players","sum [cw] of turtles","sum [ps] of blgu-players","sum [ps] of mplgu-players","sum [ps] of bd-players","sum [ps] of academe-players","sum [ps] of business-players","sum [ps] of nga-players","sum [ps] of turtles","sum [lb] of blgu-players","sum [lb] of mplgu-players","sum [lb] of bd-players","sum [lb] of academe-players","sum [lb] of business-players","sum [lb] of nga-players","sum [lb] of turtles","sum [pf] of blgu-players","sum [pf] of mplgu-players","sum [pf] of bd-players","sum [pf] of academe-players","sum [pf] of business-players","sum [pf] of nga-players","sum [pf] of turtles","sum [nf] of blgu-players","sum [nf] of mplgu-players","sum [nf] of bd-players","sum [nf] of academe-players","sum [nf] of business-players","sum [nf] of nga-players","sum [nf] of turtles","sum [g] of blgu-players","sum [g] of mplgu-players","sum [g] of bd-players","sum [g] of academe-players","sum [g] of business-players","sum [g] of nga-players","sum [g] of turtles","sum [cw] of blgu-players","sum [cw] of mplgu-players","sum [cw] of bd-players","sum [cw] of academe-players","sum [cw] of business-players","sum [cw] of nga-players","sum [cw] of turtles","sum [ps] of blgu-players","sum [ps] of mplgu-players","sum [ps] of bd-players","sum [ps] of academe-players","sum [ps] of business-players","sum [ps] of nga-players","sum [ps] of turtles","sum [lb] of blgu-players","sum [lb] of mplgu-players","sum [lb] of bd-players","sum [lb] of academe-players","sum [lb] of business-players","sum [lb] of nga-players","sum [lb] of turtles","sum [pf] of blgu-players","sum [pf] of mplgu-players","sum [pf] of bd-players","sum [pf] of academe-players","sum [pf] of business-players","sum [pf] of nga-players","sum [pf] of turtles","sum [nf] of blgu-players","sum [nf] of mplgu-players","sum [nf] of bd-players","sum [nf] of academe-players","sum [nf] of business-players","sum [nf] of nga-players","sum [nf] of turtles","sum [g] of blgu-players","sum [g] of mplgu-players","sum [g] of bd-players","sum [g] of academe-players","sum [g] of business-players","sum [g] of nga-players","sum [g] of turtles","sum [cw] of blgu-players","sum [cw] of mplgu-players","sum [cw] of bd-players","sum [cw] of academe-players","sum [cw] of business-players","sum [cw] of nga-players","sum [cw] of turtles","sum [ps] of blgu-players","sum [ps] of mplgu-players","sum [ps] of bd-players","sum [ps] of academe-players","sum [ps] of business-players","sum [ps] of nga-players","sum [ps] of turtles","sum [lb] of blgu-players","sum [lb] of mplgu-players","sum [lb] of bd-players","sum [lb] of academe-players","sum [lb] of business-players","sum [lb] of nga-players","sum [lb] of turtles","sum [pf] of blgu-players","sum [pf] of mplgu-players","sum [pf] of bd-players","sum [pf] of academe-players","sum [pf] of business-players","sum [pf] of nga-players","sum [pf] of turtles","sum [nf] of blgu-players","sum [nf] of mplgu-players","sum [nf] of bd-players","sum [nf] of academe-players","sum [nf] of business-players","sum [nf] of nga-players","sum [nf] of turtles","sum [g] of blgu-players","sum [g] of mplgu-players","sum [g] of bd-players","sum [g] of academe-players","sum [g] of business-players","sum [g] of nga-players","sum [g] of turtles","sum [cw] of blgu-players","sum [cw] of mplgu-players","sum [cw] of bd-players","sum [cw] of academe-players","sum [cw] of business-players","sum [cw] of nga-players","sum [cw] of turtles","sum [ps] of blgu-players","sum [ps] of mplgu-players","sum [ps] of bd-players","sum [ps] of academe-players","sum [ps] of business-players","sum [ps] of nga-players","sum [ps] of turtles","sum [lb] of blgu-players","sum [lb] of mplgu-players","sum [lb] of bd-players","sum [lb] of academe-players","sum [lb] of business-players","sum [lb] of nga-players","sum [lb] of turtles","sum [pf] of blgu-players","sum [pf] of mplgu-players","sum [pf] of bd-players","sum [pf] of academe-players","sum [pf] of business-players","sum [pf] of nga-players","sum [pf] of turtles","sum [nf] of blgu-players","sum [nf] of mplgu-players","sum [nf] of bd-players","sum [nf] of academe-players","sum [nf] of business-players","sum [nf] of nga-players","sum [nf] of turtles","sum [g] of blgu-players","sum [g] of mplgu-players","sum [g] of bd-players","sum [g] of academe-players","sum [g] of business-players","sum [g] of nga-players","sum [g] of turtles","sum [cw] of blgu-players","sum [cw] of mplgu-players","sum [cw] of bd-players","sum [cw] of academe-players","sum [cw] of business-players","sum [cw] of nga-players","sum [cw] of turtles","sum [ps] of blgu-players","sum [ps] of mplgu-players","sum [ps] of bd-players","sum [ps] of academe-players","sum [ps] of business-players","sum [ps] of nga-players","sum [ps] of turtles","sum [lb] of blgu-players","sum [lb] of mplgu-players","sum [lb] of bd-players","sum [lb] of academe-players","sum [lb] of business-players","sum [lb] of nga-players","sum [lb] of turtles","sum [pf] of blgu-players","sum [pf] of mplgu-players","sum [pf] of bd-players","sum [pf] of academe-players","sum [pf] of business-players","sum [pf] of nga-players","sum [pf] of turtles","sum [nf] of blgu-players","sum [nf] of mplgu-players","sum [nf] of bd-players","sum [nf] of academe-players","sum [nf] of business-players","sum [nf] of nga-players","sum [nf] of turtles","sum [g] of blgu-players","sum [g] of mplgu-players","sum [g] of bd-players","sum [g] of academe-players","sum [g] of business-players","sum [g] of nga-players","sum [g] of turtles","sum [cw] of blgu-players","sum [cw] of mplgu-players","sum [cw] of bd-players","sum [cw] of academe-players","sum [cw] of business-players","sum [cw] of nga-players","sum [cw] of turtles","sum [ps] of blgu-players","sum [ps] of mplgu-players","sum [ps] of bd-players","sum [ps] of academe-players","sum [ps] of business-players","sum [ps] of nga-players","sum [ps] of turtles","sum [lb] of blgu-players","sum [lb] of mplgu-players","sum [lb] of bd-players","sum [lb] of academe-players","sum [lb] of business-players","sum [lb] of nga-players","sum [lb] of turtles","sum [pf] of blgu-players","sum [pf] of mplgu-players","sum [pf] of bd-players","sum [pf] of academe-players","sum [pf] of business-players","sum [pf] of nga-players","sum [pf] of turtles","sum [nf] of blgu-players","sum [nf] of mplgu-players","sum [nf] of bd-players","sum [nf] of academe-players","sum [nf] of business-players","sum [nf] of nga-players","sum [nf] of turtles","sum [g] of blgu-players","sum [g] of mplgu-players","sum [g] of bd-players","sum [g] of academe-players","sum [g] of business-players","sum [g] of nga-players","sum [g] of turtles","sum [cw] of blgu-players","sum [cw] of mplgu-players","sum [cw] of bd-players","sum [cw] of academe-players","sum [cw] of business-players","sum [cw] of nga-players","sum [cw] of turtles","sum [ps] of blgu-players","sum [ps] of mplgu-players","sum [ps] of bd-players","sum [ps] of academe-players","sum [ps] of business-players","sum [ps] of nga-players","sum [ps] of turtles","sum [lb] of blgu-players","sum [lb] of mplgu-players","sum [lb] of bd-players","sum [lb] of academe-players","sum [lb] of business-players","sum [lb] of nga-players","sum [lb] of turtles","sum [pf] of blgu-players","sum [pf] of mplgu-players","sum [pf] of bd-players","sum [pf] of academe-players","sum [pf] of business-players","sum [pf] of nga-players","sum [pf] of turtles","sum [nf] of blgu-players","sum [nf] of mplgu-players","sum [nf] of bd-players","sum [nf] of academe-players","sum [nf] of business-players","sum [nf] of nga-players","sum [nf] of turtles","sum [g] of blgu-players","sum [g] of mplgu-players","sum [g] of bd-players","sum [g] of academe-players","sum [g] of business-players","sum [g] of nga-players","sum [g] of turtles","sum [cw] of blgu-players","sum [cw] of mplgu-players","sum [cw] of bd-players","sum [cw] of academe-players","sum [cw] of business-players","sum [cw] of nga-players","sum [cw] of turtles","sum [ps] of blgu-players","sum [ps] of mplgu-players","sum [ps] of bd-players","sum [ps] of academe-players","sum [ps] of business-players","sum [ps] of nga-players","sum [ps] of turtles","sum [lb] of blgu-players","sum [lb] of mplgu-players","sum [lb] of bd-players","sum [lb] of academe-players","sum [lb] of business-players","sum [lb] of nga-players","sum [lb] of turtles","sum [pf] of blgu-players","sum [pf] of mplgu-players","sum [pf] of bd-players","sum [pf] of academe-players","sum [pf] of business-players","sum [pf] of nga-players","sum [pf] of turtles","sum [nf] of blgu-players","sum [nf] of mplgu-players","sum [nf] of bd-players","sum [nf] of academe-players","sum [nf] of business-players","sum [nf] of nga-players","sum [nf] of turtles","sum [g] of blgu-players","sum [g] of mplgu-players","sum [g] of bd-players","sum [g] of academe-players","sum [g] of business-players","sum [g] of nga-players","sum [g] of turtles","sum [cw] of blgu-players","sum [cw] of mplgu-players","sum [cw] of bd-players","sum [cw] of academe-players","sum [cw] of business-players","sum [cw] of nga-players","sum [cw] of turtles","sum [ps] of blgu-players","sum [ps] of mplgu-players","sum [ps] of bd-players","sum [ps] of academe-players","sum [ps] of business-players","sum [ps] of nga-players","sum [ps] of turtles","sum [lb] of blgu-players","sum [lb] of mplgu-players","sum [lb] of bd-players","sum [lb] of academe-players","sum [lb] of business-players","sum [lb] of nga-players","sum [lb] of turtles","sum [pf] of blgu-players","sum [pf] of mplgu-players","sum [pf] of bd-players","sum [pf] of academe-players","sum [pf] of business-players","sum [pf] of nga-players","sum [pf] of turtles","sum [nf] of blgu-players","sum [nf] of mplgu-players","sum [nf] of bd-players","sum [nf] of academe-players","sum [nf] of business-players","sum [nf] of nga-players","sum [nf] of turtles","sum [g] of blgu-players","sum [g] of mplgu-players","sum [g] of bd-players","sum [g] of academe-players","sum [g] of business-players","sum [g] of nga-players","sum [g] of turtles","sum [cw] of blgu-players","sum [cw] of mplgu-players","sum [cw] of bd-players","sum [cw] of academe-players","sum [cw] of business-players","sum [cw] of nga-players","sum [cw] of turtles","sum [ps] of blgu-players","sum [ps] of mplgu-players","sum [ps] of bd-players","sum [ps] of academe-players","sum [ps] of business-players","sum [ps] of nga-players","sum [ps] of turtles","sum [lb] of blgu-players","sum [lb] of mplgu-players","sum [lb] of bd-players","sum [lb] of academe-players","sum [lb] of business-players","sum [lb] of nga-players","sum [lb] of turtles","sum [pf] of blgu-players","sum [pf] of mplgu-players","sum [pf] of bd-players","sum [pf] of academe-players","sum [pf] of business-players","sum [pf] of nga-players","sum [pf] of turtles","sum [nf] of blgu-players","sum [nf] of mplgu-players","sum [nf] of bd-players","sum [nf] of academe-players","sum [nf] of business-players","sum [nf] of nga-players","sum [nf] of turtles","sum [g] of blgu-players","sum [g] of mplgu-players","sum [g] of bd-players","sum [g] of academe-players","sum [g] of business-players","sum [g] of nga-players","sum [g] of turtles","sum [cw] of blgu-players","sum [cw] of mplgu-players","sum [cw] of bd-players","sum [cw] of academe-players","sum [cw] of business-players","sum [cw] of nga-players","sum [cw] of turtles","sum [ps] of blgu-players","sum [ps] of mplgu-players","sum [ps] of bd-players","sum [ps] of academe-players","sum [ps] of business-players","sum [ps] of nga-players","sum [ps] of turtles","sum [lb] of blgu-players","sum [lb] of mplgu-players","sum [lb] of bd-players","sum [lb] of academe-players","sum [lb] of business-players","sum [lb] of nga-players","sum [lb] of turtles","sum [pf] of blgu-players","sum [pf] of mplgu-players","sum [pf] of bd-players","sum [pf] of academe-players","sum [pf] of business-players","sum [pf] of nga-players","sum [pf] of turtles","sum [nf] of blgu-players","sum [nf] of mplgu-players","sum [nf] of bd-players","sum [nf] of academe-players","sum [nf] of business-players","sum [nf] of nga-players","sum [nf] of turtles","sum [g] of blgu-players","sum [g] of mplgu-players","sum [g] of bd-players","sum [g] of academe-players","sum [g] of business-players","sum [g] of nga-players","sum [g] of turtles","sum [cw] of blgu-players","sum [cw] of mplgu-players","sum [cw] of bd-players","sum [cw] of academe-players","sum [cw] of business-players","sum [cw] of nga-players","sum [cw] of turtles","sum [ps] of blgu-players","sum [ps] of mplgu-players","sum [ps] of bd-players","sum [ps] of academe-players","sum [ps] of business-players","sum [ps] of nga-players","sum [ps] of turtles","sum [lb] of blgu-players","sum [lb] of mplgu-players","sum [lb] of bd-players","sum [lb] of academe-players","sum [lb] of business-players","sum [lb] of nga-players","sum [lb] of turtles","sum [pf] of blgu-players","sum [pf] of mplgu-players","sum [pf] of bd-players","sum [pf] of academe-players","sum [pf] of business-players","sum [pf] of nga-players","sum [pf] of turtles","sum [nf] of blgu-players","sum [nf] of mplgu-players","sum [nf] of bd-players","sum [nf] of academe-players","sum [nf] of business-players","sum [nf] of nga-players","sum [nf] of turtles","sum [g] of blgu-players","sum [g] of mplgu-players","sum [g] of bd-players","sum [g] of academe-players","sum [g] of business-players","sum [g] of nga-players","sum [g] of turtles","sum [cw] of blgu-players","sum [cw] of mplgu-players","sum [cw] of bd-players","sum [cw] of academe-players","sum [cw] of business-players","sum [cw] of nga-players","sum [cw] of turtles","sum [ps] of blgu-players","sum [ps] of mplgu-players","sum [ps] of bd-players","sum [ps] of academe-players","sum [ps] of business-players","sum [ps] of nga-players","sum [ps] of turtles","sum [lb] of blgu-players","sum [lb] of mplgu-players","sum [lb] of bd-players","sum [lb] of academe-players","sum [lb] of business-players","sum [lb] of nga-players","sum [lb] of turtles","sum [pf] of blgu-players","sum [pf] of mplgu-players","sum [pf] of bd-players","sum [pf] of academe-players","sum [pf] of business-players","sum [pf] of nga-players","sum [pf] of turtles","sum [nf] of blgu-players","sum [nf] of mplgu-players","sum [nf] of bd-players","sum [nf] of academe-players","sum [nf] of business-players","sum [nf] of nga-players","sum [nf] of turtles","sum [g] of blgu-players","sum [g] of mplgu-players","sum [g] of bd-players","sum [g] of academe-players","sum [g] of business-players","sum [g] of nga-players","sum [g] of turtles","sum [cw] of blgu-players","sum [cw] of mplgu-players","sum [cw] of bd-players","sum [cw] of academe-players","sum [cw] of business-players","sum [cw] of nga-players","sum [cw] of turtles","sum [ps] of blgu-players","sum [ps] of mplgu-players","sum [ps] of bd-players","sum [ps] of academe-players","sum [ps] of business-players","sum [ps] of nga-players","sum [ps] of turtles","sum [lb] of blgu-players","sum [lb] of mplgu-players","sum [lb] of bd-players","sum [lb] of academe-players","sum [lb] of business-players","sum [lb] of nga-players","sum [lb] of turtles","sum [pf] of blgu-players","sum [pf] of mplgu-players","sum [pf] of bd-players","sum [pf] of academe-players","sum [pf] of business-players","sum [pf] of nga-players","sum [pf] of turtles","sum [nf] of blgu-players","sum [nf] of mplgu-players","sum [nf] of bd-players","sum [nf] of academe-players","sum [nf] of business-players","sum [nf] of nga-players","sum [nf] of turtles","sum [g] of blgu-players","sum [g] of mplgu-players","sum [g] of bd-players","sum [g] of academe-players","sum [g] of business-players","sum [g] of nga-players","sum [g] of turtles","sum [cw] of blgu-players","sum [cw] of mplgu-players","sum [cw] of bd-players","sum [cw] of academe-players","sum [cw] of business-players","sum [cw] of nga-players","sum [cw] of turtles","sum [ps] of blgu-players","sum [ps] of mplgu-players","sum [ps] of bd-players","sum [ps] of academe-players","sum [ps] of business-players","sum [ps] of nga-players","sum [ps] of turtles","sum [lb] of blgu-players","sum [lb] of mplgu-players","sum [lb] of bd-players","sum [lb] of academe-players","sum [lb] of business-players","sum [lb] of nga-players","sum [lb] of turtles","sum [pf] of blgu-players","sum [pf] of mplgu-players","sum [pf] of bd-players","sum [pf] of academe-players","sum [pf] of business-players","sum [pf] of nga-players","sum [pf] of turtles","sum [nf] of blgu-players","sum [nf] of mplgu-players","sum [nf] of bd-players","sum [nf] of academe-players","sum [nf] of business-players","sum [nf] of nga-players","sum [nf] of turtles","sum [g] of blgu-players","sum [g] of mplgu-players","sum [g] of bd-players","sum [g] of academe-players","sum [g] of business-players","sum [g] of nga-players","sum [g] of turtles","sum [cw] of blgu-players","sum [cw] of mplgu-players","sum [cw] of bd-players","sum [cw] of academe-players","sum [cw] of business-players","sum [cw] of nga-players","sum [cw] of turtles","sum [ps] of blgu-players","sum [ps] of mplgu-players","sum [ps] of bd-players","sum [ps] of academe-players","sum [ps] of business-players","sum [ps] of nga-players","sum [ps] of turtles","sum [lb] of blgu-players","sum [lb] of mplgu-players","sum [lb] of bd-players","sum [lb] of academe-players","sum [lb] of business-players","sum [lb] of nga-players","sum [lb] of turtles","sum [pf] of blgu-players","sum [pf] of mplgu-players","sum [pf] of bd-players","sum [pf] of academe-players","sum [pf] of business-players","sum [pf] of nga-players","sum [pf] of turtles","sum [nf] of blgu-players","sum [nf] of mplgu-players","sum [nf] of bd-players","sum [nf] of academe-players","sum [nf] of business-players","sum [nf] of nga-players","sum [nf] of turtles","sum [g] of blgu-players","sum [g] of mplgu-players","sum [g] of bd-players","sum [g] of academe-players","sum [g] of business-players","sum [g] of nga-players","sum [g] of turtles","sum [cw] of blgu-players","sum [cw] of mplgu-players","sum [cw] of bd-players","sum [cw] of academe-players","sum [cw] of business-players","sum [cw] of nga-players","sum [cw] of turtles","sum [ps] of blgu-players","sum [ps] of mplgu-players","sum [ps] of bd-players","sum [ps] of academe-players","sum [ps] of business-players","sum [ps] of nga-players","sum [ps] of turtles","sum [lb] of blgu-players","sum [lb] of mplgu-players","sum [lb] of bd-players","sum [lb] of academe-players","sum [lb] of business-players","sum [lb] of nga-players","sum [lb] of turtles","sum [pf] of blgu-players","sum [pf] of mplgu-players","sum [pf] of bd-players","sum [pf] of academe-players","sum [pf] of business-players","sum [pf] of nga-players","sum [pf] of turtles","sum [nf] of blgu-players","sum [nf] of mplgu-players","sum [nf] of bd-players","sum [nf] of academe-players","sum [nf] of business-players","sum [nf] of nga-players","sum [nf] of turtles","sum [g] of blgu-players","sum [g] of mplgu-players","sum [g] of bd-players","sum [g] of academe-players","sum [g] of business-players","sum [g] of nga-players","sum [g] of turtles","sum [cw] of blgu-players","sum [cw] of mplgu-players","sum [cw] of bd-players","sum [cw] of academe-players","sum [cw] of business-players","sum [cw] of nga-players","sum [cw] of turtles","sum [ps] of blgu-players","sum [ps] of mplgu-players","sum [ps] of bd-players","sum [ps] of academe-players","sum [ps] of business-players","sum [ps] of nga-players","sum [ps] of turtles","sum [lb] of blgu-players","sum [lb] of mplgu-players","sum [lb] of bd-players","sum [lb] of academe-players","sum [lb] of business-players","sum [lb] of nga-players","sum [lb] of turtles","sum [pf] of blgu-players","sum [pf] of mplgu-players","sum [pf] of bd-players","sum [pf] of academe-players","sum [pf] of business-players","sum [pf] of nga-players","sum [pf] of turtles","sum [nf] of blgu-players","sum [nf] of mplgu-players","sum [nf] of bd-players","sum [nf] of academe-players","sum [nf] of business-players","sum [nf] of nga-players","sum [nf] of turtles","sum [g] of blgu-players","sum [g] of mplgu-players","sum [g] of bd-players","sum [g] of academe-players","sum [g] of business-players","sum [g] of nga-players","sum [g] of turtles","sum [cw] of blgu-players","sum [cw] of mplgu-players","sum [cw] of bd-players","sum [cw] of academe-players","sum [cw] of business-players","sum [cw] of nga-players","sum [cw] of turtles","sum [ps] of blgu-players","sum [ps] of mplgu-players","sum [ps] of bd-players","sum [ps] of academe-players","sum [ps] of business-players","sum [ps] of nga-players","sum [ps] of turtles","sum [lb] of blgu-players","sum [lb] of mplgu-players","sum [lb] of bd-players","sum [lb] of academe-players","sum [lb] of business-players","sum [lb] of nga-players","sum [lb] of turtles","sum [pf] of blgu-players","sum [pf] of mplgu-players","sum [pf] of bd-players","sum [pf] of academe-players","sum [pf] of business-players","sum [pf] of nga-players","sum [pf] of turtles","sum [nf] of blgu-players","sum [nf] of mplgu-players","sum [nf] of bd-players","sum [nf] of academe-players","sum [nf] of business-players","sum [nf] of nga-players","sum [nf] of turtles","sum [g] of blgu-players","sum [g] of mplgu-players","sum [g] of bd-players","sum [g] of academe-players","sum [g] of business-players","sum [g] of nga-players","sum [g] of turtles","sum [cw] of blgu-players","sum [cw] of mplgu-players","sum [cw] of bd-players","sum [cw] of academe-players","sum [cw] of business-players","sum [cw] of nga-players","sum [cw] of turtles","sum [ps] of blgu-players","sum [ps] of mplgu-players","sum [ps] of bd-players","sum [ps] of academe-players","sum [ps] of business-players","sum [ps] of nga-players","sum [ps] of turtles","sum [lb] of blgu-players","sum [lb] of mplgu-players","sum [lb] of bd-players","sum [lb] of academe-players","sum [lb] of business-players","sum [lb] of nga-players","sum [lb] of turtles","sum [pf] of blgu-players","sum [pf] of mplgu-players","sum [pf] of bd-players","sum [pf] of academe-players","sum [pf] of business-players","sum [pf] of nga-players","sum [pf] of turtles","sum [nf] of blgu-players","sum [nf] of mplgu-players","sum [nf] of bd-players","sum [nf] of academe-players","sum [nf] of business-players","sum [nf] of nga-players","sum [nf] of turtles","sum [g] of blgu-players","sum [g] of mplgu-players","sum [g] of bd-players","sum [g] of academe-players","sum [g] of business-players","sum [g] of nga-players","sum [g] of turtles","sum [cw] of blgu-players","sum [cw] of mplgu-players","sum [cw] of bd-players","sum [cw] of academe-players","sum [cw] of business-players","sum [cw] of nga-players","sum [cw] of turtles","sum [ps] of blgu-players","sum [ps] of mplgu-players","sum [ps] of bd-players","sum [ps] of academe-players","sum [ps] of business-players","sum [ps] of nga-players","sum [ps] of turtles","sum [lb] of blgu-players","sum [lb] of mplgu-players","sum [lb] of bd-players","sum [lb] of academe-players","sum [lb] of business-players","sum [lb] of nga-players","sum [lb] of turtles","sum [pf] of blgu-players","sum [pf] of mplgu-players","sum [pf] of bd-players","sum [pf] of academe-players","sum [pf] of business-players","sum [pf] of nga-players","sum [pf] of turtles","sum [nf] of blgu-players","sum [nf] of mplgu-players","sum [nf] of bd-players","sum [nf] of academe-players","sum [nf] of business-players","sum [nf] of nga-players","sum [nf] of turtles","sum [g] of blgu-players","sum [g] of mplgu-players","sum [g] of bd-players","sum [g] of academe-players","sum [g] of business-players","sum [g] of nga-players","sum [g] of turtles","sum [cw] of blgu-players","sum [cw] of mplgu-players","sum [cw] of bd-players","sum [cw] of academe-players","sum [cw] of business-players","sum [cw] of nga-players","sum [cw] of turtles","sum [ps] of blgu-players","sum [ps] of mplgu-players","sum [ps] of bd-players","sum [ps] of academe-players","sum [ps] of business-players","sum [ps] of nga-players","sum [ps] of turtles","sum [lb] of blgu-players","sum [lb] of mplgu-players","sum [lb] of bd-players","sum [lb] of academe-players","sum [lb] of business-players","sum [lb] of nga-players","sum [lb] of turtles","sum [pf] of blgu-players","sum [pf] of mplgu-players","sum [pf] of bd-players","sum [pf] of academe-players","sum [pf] of business-players","sum [pf] of nga-players","sum [pf] of turtles","sum [nf] of blgu-players","sum [nf] of mplgu-players","sum [nf] of bd-players","sum [nf] of academe-players","sum [nf] of business-players","sum [nf] of nga-players","sum [nf] of turtles","sum [g] of blgu-players","sum [g] of mplgu-players","sum [g] of bd-players","sum [g] of academe-players","sum [g] of business-players","sum [g] of nga-players","sum [g] of turtles","sum [cw] of blgu-players","sum [cw] of mplgu-players","sum [cw] of bd-players","sum [cw] of academe-players","sum [cw] of business-players","sum [cw] of nga-players","sum [cw] of turtles","sum [ps] of blgu-players","sum [ps] of mplgu-players","sum [ps] of bd-players","sum [ps] of academe-players","sum [ps] of business-players","sum [ps] of nga-players","sum [ps] of turtles","sum [lb] of blgu-players","sum [lb] of mplgu-players","sum [lb] of bd-players","sum [lb] of academe-players","sum [lb] of business-players","sum [lb] of nga-players","sum [lb] of turtles","sum [pf] of blgu-players","sum [pf] of mplgu-players","sum [pf] of bd-players","sum [pf] of academe-players","sum [pf] of business-players","sum [pf] of nga-players","sum [pf] of turtles","sum [nf] of blgu-players","sum [nf] of mplgu-players","sum [nf] of bd-players","sum [nf] of academe-players","sum [nf] of business-players","sum [nf] of nga-players","sum [nf] of turtles","sum [g] of blgu-players","sum [g] of mplgu-players","sum [g] of bd-players","sum [g] of academe-players","sum [g] of business-players","sum [g] of nga-players","sum [g] of turtles","sum [cw] of blgu-players","sum [cw] of mplgu-players","sum [cw] of bd-players","sum [cw] of academe-players","sum [cw] of business-players","sum [cw] of nga-players","sum [cw] of turtles","sum [ps] of blgu-players","sum [ps] of mplgu-players","sum [ps] of bd-players","sum [ps] of academe-players","sum [ps] of business-players","sum [ps] of nga-players","sum [ps] of turtles","sum [lb] of blgu-players","sum [lb] of mplgu-players","sum [lb] of bd-players","sum [lb] of academe-players","sum [lb] of business-players","sum [lb] of nga-players","sum [lb] of turtles","sum [pf] of blgu-players","sum [pf] of mplgu-players","sum [pf] of bd-players","sum [pf] of academe-players","sum [pf] of business-players","sum [pf] of nga-players","sum [pf] of turtles","sum [nf] of blgu-players","sum [nf] of mplgu-players","sum [nf] of bd-players","sum [nf] of academe-players","sum [nf] of business-players","sum [nf] of nga-players","sum [nf] of turtles","sum [g] of blgu-players","sum [g] of mplgu-players","sum [g] of bd-players","sum [g] of academe-players","sum [g] of business-players","sum [g] of nga-players","sum [g] of turtles","sum [cw] of blgu-players","sum [cw] of mplgu-players","sum [cw] of bd-players","sum [cw] of academe-players","sum [cw] of business-players","sum [cw] of nga-players","sum [cw] of turtles","sum [ps] of blgu-players","sum [ps] of mplgu-players","sum [ps] of bd-players","sum [ps] of academe-players","sum [ps] of business-players","sum [ps] of nga-players","sum [ps] of turtles","sum [lb] of blgu-players","sum [lb] of mplgu-players","sum [lb] of bd-players","sum [lb] of academe-players","sum [lb] of business-players","sum [lb] of nga-players","sum [lb] of turtles","sum [pf] of blgu-players","sum [pf] of mplgu-players","sum [pf] of bd-players","sum [pf] of academe-players","sum [pf] of business-players","sum [pf] of nga-players","sum [pf] of turtles","sum [nf] of blgu-players","sum [nf] of mplgu-players","sum [nf] of bd-players","sum [nf] of academe-players","sum [nf] of business-players","sum [nf] of nga-players","sum [nf] of turtles","sum [g] of blgu-players","sum [g] of mplgu-players","sum [g] of bd-players","sum [g] of academe-players","sum [g] of business-players","sum [g] of nga-players","sum [g] of turtles","sum [cw] of blgu-players","sum [cw] of mplgu-players","sum [cw] of bd-players","sum [cw] of academe-players","sum [cw] of business-players","sum [cw] of nga-players","sum [cw] of turtles","sum [ps] of blgu-players","sum [ps] of mplgu-players","sum [ps] of bd-players","sum [ps] of academe-players","sum [ps] of business-players","sum [ps] of nga-players","sum [ps] of turtles","sum [lb] of blgu-players","sum [lb] of mplgu-players","sum [lb] of bd-players","sum [lb] of academe-players","sum [lb] of business-players","sum [lb] of nga-players","sum [lb] of turtles","sum [pf] of blgu-players","sum [pf] of mplgu-players","sum [pf] of bd-players","sum [pf] of academe-players","sum [pf] of business-players","sum [pf] of nga-players","sum [pf] of turtles","sum [nf] of blgu-players","sum [nf] of mplgu-players","sum [nf] of bd-players","sum [nf] of academe-players","sum [nf] of business-players","sum [nf] of nga-players","sum [nf] of turtles","sum [g] of blgu-players","sum [g] of mplgu-players","sum [g] of bd-players","sum [g] of academe-players","sum [g] of business-players","sum [g] of nga-players","sum [g] of turtles","sum [cw] of blgu-players","sum [cw] of mplgu-players","sum [cw] of bd-players","sum [cw] of academe-players","sum [cw] of business-players","sum [cw] of nga-players","sum [cw] of turtles","sum [ps] of blgu-players","sum [ps] of mplgu-players","sum [ps] of bd-players","sum [ps] of academe-players","sum [ps] of business-players","sum [ps] of nga-players","sum [ps] of turtles","sum [lb] of blgu-players","sum [lb] of mplgu-players","sum [lb] of bd-players","sum [lb] of academe-players","sum [lb] of business-players","sum [lb] of nga-players","sum [lb] of turtles","sum [pf] of blgu-players","sum [pf] of mplgu-players","sum [pf] of bd-players","sum [pf] of academe-players","sum [pf] of business-players","sum [pf] of nga-players","sum [pf] of turtles","sum [nf] of blgu-players","sum [nf] of mplgu-players","sum [nf] of bd-players","sum [nf] of academe-players","sum [nf] of business-players","sum [nf] of nga-players","sum [nf] of turtles","sum [g] of blgu-players","sum [g] of mplgu-players","sum [g] of bd-players","sum [g] of academe-players","sum [g] of business-players","sum [g] of nga-players","sum [g] of turtles","sum [cw] of blgu-players","sum [cw] of mplgu-players","sum [cw] of bd-players","sum [cw] of academe-players","sum [cw] of business-players","sum [cw] of nga-players","sum [cw] of turtles","sum [ps] of blgu-players","sum [ps] of mplgu-players","sum [ps] of bd-players","sum [ps] of academe-players","sum [ps] of business-players","sum [ps] of nga-players","sum [ps] of turtles","sum [lb] of blgu-players","sum [lb] of mplgu-players","sum [lb] of bd-players","sum [lb] of academe-players","sum [lb] of business-players","sum [lb] of nga-players","sum [lb] of turtles","sum [pf] of blgu-players","sum [pf] of mplgu-players","sum [pf] of bd-players","sum [pf] of academe-players","sum [pf] of business-players","sum [pf] of nga-players","sum [pf] of turtles","sum [nf] of blgu-players","sum [nf] of mplgu-players","sum [nf] of bd-players","sum [nf] of academe-players","sum [nf] of business-players","sum [nf] of nga-players","sum [nf] of turtles","sum [g] of blgu-players","sum [g] of mplgu-players","sum [g] of bd-players","sum [g] of academe-players","sum [g] of business-players","sum [g] of nga-players","sum [g] of turtles","sum [cw] of blgu-players","sum [cw] of mplgu-players","sum [cw] of bd-players","sum [cw] of academe-players","sum [cw] of business-players","sum [cw] of nga-players","sum [cw] of turtles","sum [ps] of blgu-players","sum [ps] of mplgu-players","sum [ps] of bd-players","sum [ps] of academe-players","sum [ps] of business-players","sum [ps] of nga-players","sum [ps] of turtles","sum [lb] of blgu-players","sum [lb] of mplgu-players","sum [lb] of bd-players","sum [lb] of academe-players","sum [lb] of business-players","sum [lb] of nga-players","sum [lb] of turtles","sum [pf] of blgu-players","sum [pf] of mplgu-players","sum [pf] of bd-players","sum [pf] of academe-players","sum [pf] of business-players","sum [pf] of nga-players","sum [pf] of turtles","sum [nf] of blgu-players","sum [nf] of mplgu-players","sum [nf] of bd-players","sum [nf] of academe-players","sum [nf] of business-players","sum [nf] of nga-players","sum [nf] of turtles","sum [g] of blgu-players","sum [g] of mplgu-players","sum [g] of bd-players","sum [g] of academe-players","sum [g] of business-players","sum [g] of nga-players","sum [g] of turtles","sum [cw] of blgu-players","sum [cw] of mplgu-players","sum [cw] of bd-players","sum [cw] of academe-players","sum [cw] of business-players","sum [cw] of nga-players","sum [cw] of turtles","sum [ps] of blgu-players","sum [ps] of mplgu-players","sum [ps] of bd-players","sum [ps] of academe-players","sum [ps] of business-players","sum [ps] of nga-players","sum [ps] of turtles","sum [lb] of blgu-players","sum [lb] of mplgu-players","sum [lb] of bd-players","sum [lb] of academe-players","sum [lb] of business-players","sum [lb] of nga-players","sum [lb] of turtles","sum [pf] of blgu-players","sum [pf] of mplgu-players","sum [pf] of bd-players","sum [pf] of academe-players","sum [pf] of business-players","sum [pf] of nga-players","sum [pf] of turtles","sum [nf] of blgu-players","sum [nf] of mplgu-players","sum [nf] of bd-players","sum [nf] of academe-players","sum [nf] of business-players","sum [nf] of nga-players","sum [nf] of turtles","sum [g] of blgu-players","sum [g] of mplgu-players","sum [g] of bd-players","sum [g] of academe-players","sum [g] of business-players","sum [g] of nga-players","sum [g] of turtles","sum [cw] of blgu-players","sum [cw] of mplgu-players","sum [cw] of bd-players","sum [cw] of academe-players","sum [cw] of business-players","sum [cw] of nga-players","sum [cw] of turtles","sum [ps] of blgu-players","sum [ps] of mplgu-players","sum [ps] of bd-players","sum [ps] of academe-players","sum [ps] of business-players","sum [ps] of nga-players","sum [ps] of turtles","sum [lb] of blgu-players","sum [lb] of mplgu-players","sum [lb] of bd-players","sum [lb] of academe-players","sum [lb] of business-players","sum [lb] of nga-players","sum [lb] of turtles","sum [pf] of blgu-players","sum [pf] of mplgu-players","sum [pf] of bd-players","sum [pf] of academe-players","sum [pf] of business-players","sum [pf] of nga-players","sum [pf] of turtles","sum [nf] of blgu-players","sum [nf] of mplgu-players","sum [nf] of bd-players","sum [nf] of academe-players","sum [nf] of business-players","sum [nf] of nga-players","sum [nf] of turtles","sum [g] of blgu-players","sum [g] of mplgu-players","sum [g] of bd-players","sum [g] of academe-players","sum [g] of business-players","sum [g] of nga-players","sum [g] of turtles","sum [cw] of blgu-players","sum [cw] of mplgu-players","sum [cw] of bd-players","sum [cw] of academe-players","sum [cw] of business-players","sum [cw] of nga-players","sum [cw] of turtles","sum [ps] of blgu-players","sum [ps] of mplgu-players","sum [ps] of bd-players","sum [ps] of academe-players","sum [ps] of business-players","sum [ps] of nga-players","sum [ps] of turtles","sum [lb] of blgu-players","sum [lb] of mplgu-players","sum [lb] of bd-players","sum [lb] of academe-players","sum [lb] of business-players","sum [lb] of nga-players","sum [lb] of turtles","sum [pf] of blgu-players","sum [pf] of mplgu-players","sum [pf] of bd-players","sum [pf] of academe-players","sum [pf] of business-players","sum [pf] of nga-players","sum [pf] of turtles","sum [nf] of blgu-players","sum [nf] of mplgu-players","sum [nf] of bd-players","sum [nf] of academe-players","sum [nf] of business-players","sum [nf] of nga-players","sum [nf] of turtles","sum [g] of blgu-players","sum [g] of mplgu-players","sum [g] of bd-players","sum [g] of academe-players","sum [g] of business-players","sum [g] of nga-players","sum [g] of turtles","sum [cw] of blgu-players","sum [cw] of mplgu-players","sum [cw] of bd-players","sum [cw] of academe-players","sum [cw] of business-players","sum [cw] of nga-players","sum [cw] of turtles","sum [ps] of blgu-players","sum [ps] of mplgu-players","sum [ps] of bd-players","sum [ps] of academe-players","sum [ps] of business-players","sum [ps] of nga-players","sum [ps] of turtles","sum [lb] of blgu-players","sum [lb] of mplgu-players","sum [lb] of bd-players","sum [lb] of academe-players","sum [lb] of business-players","sum [lb] of nga-players","sum [lb] of turtles","sum [pf] of blgu-players","sum [pf] of mplgu-players","sum [pf] of bd-players","sum [pf] of academe-players","sum [pf] of business-players","sum [pf] of nga-players","sum [pf] of turtles","sum [nf] of blgu-players","sum [nf] of mplgu-players","sum [nf] of bd-players","sum [nf] of academe-players","sum [nf] of business-players","sum [nf] of nga-players","sum [nf] of turtles","sum [g] of blgu-players","sum [g] of mplgu-players","sum [g] of bd-players","sum [g] of academe-players","sum [g] of business-players","sum [g] of nga-players","sum [g] of turtles","sum [cw] of blgu-players","sum [cw] of mplgu-players","sum [cw] of bd-players","sum [cw] of academe-players","sum [cw] of business-players","sum [cw] of nga-players","sum [cw] of turtles","sum [ps] of blgu-players","sum [ps] of mplgu-players","sum [ps] of bd-players","sum [ps] of academe-players","sum [ps] of business-players","sum [ps] of nga-players","sum [ps] of turtles","sum [lb] of blgu-players","sum [lb] of mplgu-players","sum [lb] of bd-players","sum [lb] of academe-players","sum [lb] of business-players","sum [lb] of nga-players","sum [lb] of turtles","sum [pf] of blgu-players","sum [pf] of mplgu-players","sum [pf] of bd-players","sum [pf] of academe-players","sum [pf] of business-players","sum [pf] of nga-players","sum [pf] of turtles","sum [nf] of blgu-players","sum [nf] of mplgu-players","sum [nf] of bd-players","sum [nf] of academe-players","sum [nf] of business-players","sum [nf] of nga-players","sum [nf] of turtles","sum [g] of blgu-players","sum [g] of mplgu-players","sum [g] of bd-players","sum [g] of academe-players","sum [g] of business-players","sum [g] of nga-players","sum [g] of turtles","sum [cw] of blgu-players","sum [cw] of mplgu-players","sum [cw] of bd-players","sum [cw] of academe-players","sum [cw] of business-players","sum [cw] of nga-players","sum [cw] of turtles","sum [ps] of blgu-players","sum [ps] of mplgu-players","sum [ps] of bd-players","sum [ps] of academe-players","sum [ps] of business-players","sum [ps] of nga-players","sum [ps] of turtles","sum [lb] of blgu-players","sum [lb] of mplgu-players","sum [lb] of bd-players","sum [lb] of academe-players","sum [lb] of business-players","sum [lb] of nga-players","sum [lb] of turtles","sum [pf] of blgu-players","sum [pf] of mplgu-players","sum [pf] of bd-players","sum [pf] of academe-players","sum [pf] of business-players","sum [pf] of nga-players","sum [pf] of turtles","sum [nf] of blgu-players","sum [nf] of mplgu-players","sum [nf] of bd-players","sum [nf] of academe-players","sum [nf] of business-players","sum [nf] of nga-players","sum [nf] of turtles","sum [g] of blgu-players","sum [g] of mplgu-players","sum [g] of bd-players","sum [g] of academe-players","sum [g] of business-players","sum [g] of nga-players","sum [g] of turtles","sum [cw] of blgu-players","sum [cw] of mplgu-players","sum [cw] of bd-players","sum [cw] of academe-players","sum [cw] of business-players","sum [cw] of nga-players","sum [cw] of turtles","sum [ps] of blgu-players","sum [ps] of mplgu-players","sum [ps] of bd-players","sum [ps] of academe-players","sum [ps] of business-players","sum [ps] of nga-players","sum [ps] of turtles","sum [lb] of blgu-players","sum [lb] of mplgu-players","sum [lb] of bd-players","sum [lb] of academe-players","sum [lb] of business-players","sum [lb] of nga-players","sum [lb] of turtles","sum [pf] of blgu-players","sum [pf] of mplgu-players","sum [pf] of bd-players","sum [pf] of academe-players","sum [pf] of business-players","sum [pf] of nga-players","sum [pf] of turtles","sum [nf] of blgu-players","sum [nf] of mplgu-players","sum [nf] of bd-players","sum [nf] of academe-players","sum [nf] of business-players","sum [nf] of nga-players","sum [nf] of turtles","sum [g] of blgu-players","sum [g] of mplgu-players","sum [g] of bd-players","sum [g] of academe-players","sum [g] of business-players","sum [g] of nga-players","sum [g] of turtles","sum [cw] of blgu-players","sum [cw] of mplgu-players","sum [cw] of bd-players","sum [cw] of academe-players","sum [cw] of business-players","sum [cw] of nga-players","sum [cw] of turtles","sum [ps] of blgu-players","sum [ps] of mplgu-players","sum [ps] of bd-players","sum [ps] of academe-players","sum [ps] of business-players","sum [ps] of nga-players","sum [ps] of turtles","sum [lb] of blgu-players","sum [lb] of mplgu-players","sum [lb] of bd-players","sum [lb] of academe-players","sum [lb] of business-players","sum [lb] of nga-players","sum [lb] of turtles","sum [pf] of blgu-players","sum [pf] of mplgu-players","sum [pf] of bd-players","sum [pf] of academe-players","sum [pf] of business-players","sum [pf] of nga-players","sum [pf] of turtles","sum [nf] of blgu-players","sum [nf] of mplgu-players","sum [nf] of bd-players","sum [nf] of academe-players","sum [nf] of business-players","sum [nf] of nga-players","sum [nf] of turtles","sum [g] of blgu-players","sum [g] of mplgu-players","sum [g] of bd-players","sum [g] of academe-players","sum [g] of business-players","sum [g] of nga-players","sum [g] of turtles","sum [cw] of blgu-players","sum [cw] of mplgu-players","sum [cw] of bd-players","sum [cw] of academe-players","sum [cw] of business-players","sum [cw] of nga-players","sum [cw] of turtles","sum [ps] of blgu-players","sum [ps] of mplgu-players","sum [ps] of bd-players","sum [ps] of academe-players","sum [ps] of business-players","sum [ps] of nga-players","sum [ps] of turtles","sum [lb] of blgu-players","sum [lb] of mplgu-players","sum [lb] of bd-players","sum [lb] of academe-players","sum [lb] of business-players","sum [lb] of nga-players","sum [lb] of turtles","sum [pf] of blgu-players","sum [pf] of mplgu-players","sum [pf] of bd-players","sum [pf] of academe-players","sum [pf] of business-players","sum [pf] of nga-players","sum [pf] of turtles","sum [nf] of blgu-players","sum [nf] of mplgu-players","sum [nf] of bd-players","sum [nf] of academe-players","sum [nf] of business-players","sum [nf] of nga-players","sum [nf] of turtles","sum [g] of blgu-players","sum [g] of mplgu-players","sum [g] of bd-players","sum [g] of academe-players","sum [g] of business-players","sum [g] of nga-players","sum [g] of turtles","sum [cw] of blgu-players","sum [cw] of mplgu-players","sum [cw] of bd-players","sum [cw] of academe-players","sum [cw] of business-players","sum [cw] of nga-players","sum [cw] of turtles","sum [ps] of blgu-players","sum [ps] of mplgu-players","sum [ps] of bd-players","sum [ps] of academe-players","sum [ps] of business-players","sum [ps] of nga-players","sum [ps] of turtles","sum [lb] of blgu-players","sum [lb] of mplgu-players","sum [lb] of bd-players","sum [lb] of academe-players","sum [lb] of business-players","sum [lb] of nga-players","sum [lb] of turtles","sum [pf] of blgu-players","sum [pf] of mplgu-players","sum [pf] of bd-players","sum [pf] of academe-players","sum [pf] of business-players","sum [pf] of nga-players","sum [pf] of turtles","sum [nf] of blgu-players","sum [nf] of mplgu-players","sum [nf] of bd-players","sum [nf] of academe-players","sum [nf] of business-players","sum [nf] of nga-players","sum [nf] of turtles","sum [g] of blgu-players","sum [g] of mplgu-players","sum [g] of bd-players","sum [g] of academe-players","sum [g] of business-players","sum [g] of nga-players","sum [g] of turtles","sum [cw] of blgu-players","sum [cw] of mplgu-players","sum [cw] of bd-players","sum [cw] of academe-players","sum [cw] of business-players","sum [cw] of nga-players","sum [cw] of turtles","sum [ps] of blgu-players","sum [ps] of mplgu-players","sum [ps] of bd-players","sum [ps] of academe-players","sum [ps] of business-players","sum [ps] of nga-players","sum [ps] of turtles","sum [lb] of blgu-players","sum [lb] of mplgu-players","sum [lb] of bd-players","sum [lb] of academe-players","sum [lb] of business-players","sum [lb] of nga-players","sum [lb] of turtles","sum [pf] of blgu-players","sum [pf] of mplgu-players","sum [pf] of bd-players","sum [pf] of academe-players","sum [pf] of business-players","sum [pf] of nga-players","sum [pf] of turtles","sum [nf] of blgu-players","sum [nf] of mplgu-players","sum [nf] of bd-players","sum [nf] of academe-players","sum [nf] of business-players","sum [nf] of nga-players","sum [nf] of turtles","sum [g] of blgu-players","sum [g] of mplgu-players","sum [g] of bd-players","sum [g] of academe-players","sum [g] of business-players","sum [g] of nga-players","sum [g] of turtles","sum [cw] of blgu-players","sum [cw] of mplgu-players","sum [cw] of bd-players","sum [cw] of academe-players","sum [cw] of business-players","sum [cw] of nga-players","sum [cw] of turtles","sum [ps] of blgu-players","sum [ps] of mplgu-players","sum [ps] of bd-players","sum [ps] of academe-players","sum [ps] of business-players","sum [ps] of nga-players","sum [ps] of turtles","sum [lb] of blgu-players","sum [lb] of mplgu-players","sum [lb] of bd-players","sum [lb] of academe-players","sum [lb] of business-players","sum [lb] of nga-players","sum [lb] of turtles","sum [pf] of blgu-players","sum [pf] of mplgu-players","sum [pf] of bd-players","sum [pf] of academe-players","sum [pf] of business-players","sum [pf] of nga-players","sum [pf] of turtles","sum [nf] of blgu-players","sum [nf] of mplgu-players","sum [nf] of bd-players","sum [nf] of academe-players","sum [nf] of business-players","sum [nf] of nga-players","sum [nf] of turtles","sum [g] of blgu-players","sum [g] of mplgu-players","sum [g] of bd-players","sum [g] of academe-players","sum [g] of business-players","sum [g] of nga-players","sum [g] of turtles","sum [cw] of blgu-players","sum [cw] of mplgu-players","sum [cw] of bd-players","sum [cw] of academe-players","sum [cw] of business-players","sum [cw] of nga-players","sum [cw] of turtles","sum [ps] of blgu-players","sum [ps] of mplgu-players","sum [ps] of bd-players","sum [ps] of academe-players","sum [ps] of business-players","sum [ps] of nga-players","sum [ps] of turtles","sum [lb] of blgu-players","sum [lb] of mplgu-players","sum [lb] of bd-players","sum [lb] of academe-players","sum [lb] of business-players","sum [lb] of nga-players","sum [lb] of turtles","sum [pf] of blgu-players","sum [pf] of mplgu-players","sum [pf] of bd-players","sum [pf] of academe-players","sum [pf] of business-players","sum [pf] of nga-players","sum [pf] of turtles","sum [nf] of blgu-players","sum [nf] of mplgu-players","sum [nf] of bd-players","sum [nf] of academe-players","sum [nf] of business-players","sum [nf] of nga-players","sum [nf] of turtles","sum [g] of blgu-players","sum [g] of mplgu-players","sum [g] of bd-players","sum [g] of academe-players","sum [g] of business-players","sum [g] of nga-players","sum [g] of turtles","sum [cw] of blgu-players","sum [cw] of mplgu-players","sum [cw] of bd-players","sum [cw] of academe-players","sum [cw] of business-players","sum [cw] of nga-players","sum [cw] of turtles","sum [ps] of blgu-players","sum [ps] of mplgu-players","sum [ps] of bd-players","sum [ps] of academe-players","sum [ps] of business-players","sum [ps] of nga-players","sum [ps] of turtles","sum [lb] of blgu-players","sum [lb] of mplgu-players","sum [lb] of bd-players","sum [lb] of academe-players","sum [lb] of business-players","sum [lb] of nga-players","sum [lb] of turtles","sum [pf] of blgu-players","sum [pf] of mplgu-players","sum [pf] of bd-players","sum [pf] of academe-players","sum [pf] of business-players","sum [pf] of nga-players","sum [pf] of turtles","sum [nf] of blgu-players","sum [nf] of mplgu-players","sum [nf] of bd-players","sum [nf] of academe-players","sum [nf] of business-players","sum [nf] of nga-players","sum [nf] of turtles","sum [g] of blgu-players","sum [g] of mplgu-players","sum [g] of bd-players","sum [g] of academe-players","sum [g] of business-players","sum [g] of nga-players","sum [g] of turtles","sum [cw] of blgu-players","sum [cw] of mplgu-players","sum [cw] of bd-players","sum [cw] of academe-players","sum [cw] of business-players","sum [cw] of nga-players","sum [cw] of turtles","sum [ps] of blgu-players","sum [ps] of mplgu-players","sum [ps] of bd-players","sum [ps] of academe-players","sum [ps] of business-players","sum [ps] of nga-players","sum [ps] of turtles","sum [lb] of blgu-players","sum [lb] of mplgu-players","sum [lb] of bd-players","sum [lb] of academe-players","sum [lb] of business-players","sum [lb] of nga-players","sum [lb] of turtles","sum [pf] of blgu-players","sum [pf] of mplgu-players","sum [pf] of bd-players","sum [pf] of academe-players","sum [pf] of business-players","sum [pf] of nga-players","sum [pf] of turtles","sum [nf] of blgu-players","sum [nf] of mplgu-players","sum [nf] of bd-players","sum [nf] of academe-players","sum [nf] of business-players","sum [nf] of nga-players","sum [nf] of turtles","sum [g] of blgu-players","sum [g] of mplgu-players","sum [g] of bd-players","sum [g] of academe-players","sum [g] of business-players","sum [g] of nga-players","sum [g] of turtles","sum [cw] of blgu-players","sum [cw] of mplgu-players","sum [cw] of bd-players","sum [cw] of academe-players","sum [cw] of business-players","sum [cw] of nga-players","sum [cw] of turtles","sum [ps] of blgu-players","sum [ps] of mplgu-players","sum [ps] of bd-players","sum [ps] of academe-players","sum [ps] of business-players","sum [ps] of nga-players","sum [ps] of turtles","sum [lb] of blgu-players","sum [lb] of mplgu-players","sum [lb] of bd-players","sum [lb] of academe-players","sum [lb] of business-players","sum [lb] of nga-players","sum [lb] of turtles"
"[final]","10821.633749999999","11347.443750000002","1747.5449999999998","0","726.855","1268.1299999999999","25911.60750000001","10550.996250000002","11312.647500000003","1681.8187500000001","0","916.30125","1248.79875","25710.56250000001","10435.00875","10728.84375","1221.735","0","854.4412499999999","989.76","24229.788750000003","0","0","0","0","0","0","0","0","0","0","0","0","0","0","0","0","0","0","0","0","0","10914.42375","11362.908749999999","1786.2075","0","719.1225","1229.4675","26012.129999999994","10423.410000000002","11714.737500000003","1592.895","0","974.295","1179.20625","25884.543750000015","10674.716250000001","10833.232499999998","1318.39125","0","769.38375","1016.82375","24612.54750000001","0","0","0","0","0","0","0","0","0","0","0","0","0","0","0","0","0","0","0","0","0","10922.156250000004","11389.9725","1863.5324999999998","0","773.25","1225.6012499999997","26174.512499999993","10353.8175","11498.2275","1654.7549999999999","0","904.7025000000001","1248.79875","25660.301250000026","11007.21375","11042.01","1318.39125","0","777.11625","877.6387500000001","25022.37000000001","0","0","0","0","0","0","0","0","0","0","0","0","0","0","0","0","0","0","0","0","0","10527.798750000002","11324.246250000002","1909.9275","0","757.785","1152.1425","25671.899999999994","10744.308749999995","11571.686249999999","1658.62125","0","962.6962500000001","1299.06","26236.3725","10597.391249999997","11007.213749999999","1364.7862499999999","0","835.1100000000001","838.9762499999999","24643.477499999994","0","0","0","0","0","0","0","0","0","0","0","0","0","0","0","0","0","0","0","0","0","10446.6075","11908.049999999997","1848.0675","0","773.25","1163.74125","26139.71624999999","10926.0225","11239.188750000001","1589.02875","0","943.365","1163.74125","25861.34625","10782.971249999999","10608.99","1329.99","0","784.8487500000001","978.1612500000001","24484.961250000004","0","0","0","0","0","0","0","0","0","0","0","0","0","0","0","0","0","0","0","0","0","10481.403749999998","11436.367500000002","1801.6725000000001","0","719.1225","1175.3400000000001","25613.906249999996","11042.009999999998","11908.05","1608.36","0","900.83625","1229.4675000000002","26688.723749999997","10462.072499999997","10624.454999999998","1337.7224999999999","0","800.31375","1063.21875","24287.782499999998","0","0","0","0","0","0","0","0","0","0","0","0","0","0","0","0","0","0","0","0","0","10821.633750000003","11343.5775","1906.0612499999997","0","788.7149999999999","1136.6775","25996.665000000008","10458.20625","11509.82625","1531.035","0","885.3712499999999","1295.1937500000001","25679.632499999992","10864.162499999997","10690.18125","1337.7224999999999","0","784.84875","1012.9575","24689.872500000005","0","0","0","0","0","0","0","0","0","0","0","0","0","0","0","0","0","0","0","0","0","10454.34","10833.2325","1898.3287500000001","0","742.3199999999999","1148.27625","25076.497499999994","10902.824999999999","11223.72375","1712.74875","0","885.3712499999999","1241.0662499999999","25965.735000000004","10462.0725","11181.195","1271.99625","0","777.11625","958.83","24651.21","0","0","0","0","0","0","0","0","0","0","0","0","0","0","0","0","0","0","0","0","0","10879.627500000004","12058.833750000002","1832.6024999999997","0","726.855","1156.00875","26653.927499999998","10775.238750000002","11552.355","1782.34125","0","924.03375","1353.1875","26387.15624999999","10636.053749999997","11347.44375","1287.46125","0","854.44125","869.90625","24995.30625","0","0","0","0","0","0","0","0","0","0","0","0","0","0","0","0","0","0","0","0","0","10342.21875","11505.960000000003","1890.59625","0","757.785","1202.40375","25698.963749999995","10817.767499999998","11374.507499999998","1585.1625","0","947.2312499999999","1341.58875","26066.257500000003","10821.633749999999","10840.965","1329.99","0","707.5237500000001","819.6450000000001","24519.75749999999","0","0","0","0","0","0","0","0","0","0","0","0","0","0","0","0","0","0","0","0","0","10554.862500000003","11908.05","1790.07375","0","750.0525","1244.9325","26247.971249999995","10616.7225","10926.022500000001","1685.685","0","966.5625","1221.7350000000001","25416.7275","10775.238750000002","11150.265","1310.65875","0","742.32","1136.6775","25115.159999999993","0","0","0","0","0","0","0","0","0","0","0","0","0","0","0","0","0","0","0","0","0","10666.983750000001","11900.317500000001","1813.2712500000002","0","719.1225","1140.5437499999998","26240.238750000022","10895.0925","11687.673750000002","1577.43","0","912.4350000000001","1364.78625","26437.417499999992","10705.64625","11138.666249999995","1337.7224999999999","0","869.90625","1055.48625","25107.427499999998","0","0","0","0","0","0","0","0","0","0","0","0","0","0","0","0","0","0","0","0","0","10813.901249999999","10991.748750000004","1786.2075","0","765.5174999999999","1190.8049999999998","25548.180000000004","10643.786249999997","12012.43875","1763.01","0","927.9","1202.40375","26549.538750000003","10489.136249999998","10713.378749999996","1310.65875","0","777.11625","924.0337499999999","24214.32375","0","0","0","0","0","0","0","0","0","0","0","0","0","0","0","0","0","0","0","0","0","10288.091250000003","11258.520000000002","1766.8762499999998","0","734.5875","1256.53125","25304.606249999997","11088.404999999999","11575.552500000003","1619.95875","0","931.7662499999999","1241.0662499999999","26456.748749999995","10547.129999999997","11092.27125","1310.65875","0","835.1100000000001","966.5625","24751.7325","0","0","0","0","0","0","0","0","0","0","0","0","0","0","0","0","0","0","0","0","0","10438.875","11486.628750000002","1824.87","0","773.25","1094.1487499999998","25617.77249999999","10871.894999999999","11799.794999999998","1589.02875","0","962.69625","1078.68375","26302.09875","10435.008749999997","10929.88875","1299.06","0","827.3775","1144.4099999999999","24635.745000000003","0","0","0","0","0","0","0","0","0","0","0","0","0","0","0","0","0","0","0","0","0","10485.269999999999","11517.558750000002","1828.7362499999997","0","726.855","1152.1425","25710.5625","11011.079999999998","11289.450000000004","1581.29625","0","966.5625","1244.9325","26093.321249999994","10446.607499999996","10956.952500000003","1341.58875","0","780.9825","1070.95125","24597.082499999986","0","0","0","0","0","0","0","0","0","0","0","0","0","0","0","0","0","0","0","0","0","10616.722499999998","11049.742500000002","1878.9974999999997","0","719.1225","1070.95125","25335.536249999997","10960.818750000004","12341.069999999998","1527.16875","0","931.7662500000001","1384.1175","27144.941250000003","10442.741250000001","10964.685000000001","1248.7987500000002","0","835.11","1055.48625","24546.821250000008","0","0","0","0","0","0","0","0","0","0","0","0","0","0","0","0","0","0","0","0","0","10380.881249999997","11583.285000000003","1844.2012499999996","0","750.0525","1229.4675","25787.887499999993","11459.564999999997","11478.896249999996","1662.4875","0","947.23125","1283.595","26831.774999999994","10840.965000000002","11308.78125","1337.7224999999999","0","924.03375","978.1612500000001","25389.663749999996","0","0","0","0","0","0","0","0","0","0","0","0","0","0","0","0","0","0","0","0","0","10581.926249999995","11614.215000000002","1732.0799999999997","0","742.3199999999999","1186.93875","25857.480000000007","11042.009999999998","11904.183749999998","1534.90125","0","931.76625","1310.65875","26723.51999999999","10779.105000000003","11413.170000000002","1202.4037500000002","0","784.8487500000001","943.365","25122.8925","0","0","0","0","0","0","0","0","0","0","0","0","0","0","0","0","0","0","0","0","0","10597.391250000002","11494.36125","1921.52625","0","726.855","1302.92625","26043.059999999994","11273.984999999999","11343.5775","1616.0925000000002","0","920.1675","1202.40375","26356.226250000007","10628.32125","10771.372500000003","1256.5312499999998","0","854.4412500000001","939.49875","24450.165","0","0","0","0","0","0","0","0","0","0","0","0","0","0","0","0","0","0","0","0","0","10585.792500000001","11451.832499999995","1774.6087499999999","0","765.5174999999999","1206.27","25784.02125","11289.449999999997","11362.908749999997","1701.1499999999999","0","893.10375","1299.06","26545.672499999993","10469.804999999997","11076.806249999998","1221.735","0","703.6575","978.1612500000001","24450.164999999997","0","0","0","0","0","0","0","0","0","0","0","0","0","0","0","0","0","0","0","0","0","10620.588750000003","11432.50125","1708.8825000000002","0","703.6575","1105.7475","25571.37749999999","10713.37875","12082.03125","1674.08625","0","943.365","1341.58875","26754.45000000001","10984.016249999997","11154.13125","1349.32125","0","784.84875","889.2375","25161.555","0","0","0","0","0","0","0","0","0","0","0","0","0","0","0","0","0","0","0","0","0","10682.44875","11328.112500000003","1956.3224999999998","0","773.25","1128.945","25869.078750000008","10284.224999999999","11096.1375","1666.35375","0","951.0975000000001","1368.6525","25366.46625000001","10860.296250000003","11061.34125","1248.7987500000002","0","746.1862500000001","1152.1425","25068.765","0","0","0","0","0","0","0","0","0","0","0","0","0","0","0","0","0","0","0","0","0","10288.091250000001","11335.845","1867.3987499999998","0","750.0525","1024.5562499999999","25265.943750000006","10728.843749999996","11853.9225","1639.29","0","970.42875","1109.61375","26302.09875000001","10984.016249999997","10566.46125","1136.6775","0","850.575","947.23125","24484.961249999997","0","0","0","0","0","0","0","0","0","0","0","0","0","0","0","0","0","0","0","0","0","10701.78","11393.838749999999","1766.87625","0","742.3199999999999","1125.07875","25729.893749999996","11447.96625","12155.490000000002","1635.42375","0","920.1675","1279.72875","27438.776250000003","10852.563749999998","10717.244999999997","1241.06625","0","738.45375","873.7724999999999","24423.101249999996","0","0","0","0","0","0","0","0","0","0","0","0","0","0","0","0","0","0","0","0","0","10628.321249999999","11378.37375","1832.6025","0","750.0525","1109.61375","25698.96375","10860.296250000003","11525.29125","1662.4875","0","873.7725","1252.665","26174.512499999997","10191.434999999998","10829.366249999997","1337.7224999999999","0","889.2375","1001.35875","24249.12","0","0","0","0","0","0","0","0","0","0","0","0","0","0","0","0","0","0","0","0","0","11011.079999999998","11610.348750000001","1797.80625","0","726.855","1121.2125","26267.30250000001","11111.602499999994","11154.131249999999","1639.29","0","920.1674999999999","1310.65875","26135.850000000013","11127.0675","10837.098750000001","1264.26375","0","854.4412500000001","1059.3525","25142.22375","0","0","0","0","0","0","0","0","0","0","0","0","0","0","0","0","0","0","0","0","0","10589.658750000004","11660.609999999999","1743.6787499999998","0","742.3199999999999","1248.79875","25985.066249999996","10891.226249999996","11749.53375","1662.4875","0","985.89375","1318.3912500000001","26607.532500000012","10786.837499999998","11389.9725","1310.6587499999998","0","904.7025000000001","985.89375","25378.065000000002","0","0","0","0","0","0","0","0","0","0","0","0","0","0","0","0","0","0","0","0","0","10009.721250000002","11981.508749999999","1755.2775","0","734.5875","1225.6012500000002","25706.696250000005","10922.156250000002","11633.54625","1712.74875","0","951.0974999999999","1291.3275","26510.87625","10868.02875","11161.863750000002","1183.0725","0","823.51125","1020.69","25057.16625","0","0","0","0","0","0","0","0","0","0","0","0","0","0","0","0","0","0","0","0","0","10465.93875","11707.005000000001","1720.48125","0","734.5875","1260.3975","25888.409999999993","10941.487500000001","11417.036250000001","1662.4875","0","939.49875","1310.65875","26271.168750000008","10821.63375","11219.857499999998","1268.13","0","715.25625","1020.6899999999999","25045.567500000016","0","0","0","0","0","0","0","0","0","0","0","0","0","0","0","0","0","0","0","0","0","10512.333749999998","11200.526249999995","1840.335","0","742.3199999999999","1094.1487499999998","25389.66375","10794.570000000003","11625.813750000003","1658.62125","0","916.30125","1190.805","26186.111250000013","10523.932499999997","11100.003749999996","1291.3274999999999","0","881.5050000000001","877.63875","24674.407499999976","0","0","0","0","0","0","0","0","0","0","0","0","0","0","0","0","0","0","0","0","0","10454.34","12024.037499999999","1882.86375","0","742.3199999999999","1190.8049999999998","26294.36625","10953.08625","10918.290000000003","1720.4812499999998","0","935.6324999999999","1140.54375","25668.03374999999","10465.93875","11324.246249999998","1372.51875","0","815.77875","1086.41625","25064.898750000008","0","0","0","0","0","0","0","0","0","0","0","0","0","0","0","0","0","0","0","0","0","10616.722500000002","11018.812500000002","1836.4687499999998","0","742.3199999999999","1210.13625","25424.460000000006","10840.965000000002","11973.776250000003","1728.21375","0","924.0337499999999","1283.595","26750.583749999998","10813.901250000004","11161.863749999997","1268.13","0","726.855","1094.1487499999998","25064.898750000004","0","0","0","0","0","0","0","0","0","0","0","0","0","0","0","0","0","0","0","0","0","10338.3525","10883.493750000001","1782.3412499999997","0","742.3199999999999","1256.53125","25003.03875","11134.8","11618.081249999996","1647.0224999999998","0","881.505","1210.13625","26491.545000000006","10365.416250000002","10840.965","1264.2637499999998","0","780.9825","815.7787500000001","24067.406249999996","0","0","0","0","0","0","0","0","0","0","0","0","0","0","0","0","0","0","0","0","0","10694.047499999995","11030.411250000003","1755.2774999999997","0","750.0525","1194.6712499999999","25424.460000000014","10674.71625","12116.827499999998","1639.2900000000002","0","896.97","1194.67125","26522.474999999995","10574.19375","10771.3725","1252.665","0","827.3775","935.6325","24361.241250000003","0","0","0","0","0","0","0","0","0","0","0","0","0","0","0","0","0","0","0","0","0","10199.167500000003","11308.781250000004","1875.13125","0","757.785","1098.0149999999999","25238.88","11107.736250000002","11544.622499999998","1643.15625","0","1012.9575","1329.9899999999998","26638.462500000012","10856.430000000002","11923.515000000001","1291.3274999999999","0","780.9825","831.2437500000001","25683.49875","0","0","0","0","0","0","0","0","0","0","0","0","0","0","0","0","0","0","0","0","0","10755.907500000003","11134.8","1747.545","0","734.5875","1183.0725","25555.9125","10705.646250000002","11386.106250000003","1596.76125","0","869.90625","1113.48","25671.900000000005","10775.23875","10999.481250000004","1264.2637499999998","0","804.1800000000001","1086.41625","24929.580000000005","0","0","0","0","0","0","0","0","0","0","0","0","0","0","0","0","0","0","0","0","0","10624.455000000004","11560.0875","1797.8062499999999","0","750.0525","1283.595","26015.99624999999","10782.971250000002","11830.725000000002","1600.6274999999998","0","954.9637499999999","1237.1999999999998","26406.487499999996","10496.86875","10717.244999999997","1318.39125","0","904.7025000000001","1202.40375","24639.611249999998","0","0","0","0","0","0","0","0","0","0","0","0","0","0","0","0","0","0","0","0","0","10825.5","11757.26625","1766.87625","0","773.25","1241.0662499999999","26363.95875","10891.22625","11811.393749999996","1705.01625","0","962.69625","1229.4675","26599.800000000003","10593.525000000001","11111.602500000003","1156.00875","0","777.11625","1086.41625","24724.66875","0","0","0","0","0","0","0","0","0","0","0","0","0","0","0","0","0","0","0","0","0","10539.3975","11359.042500000003","1786.2075","0","750.0525","1202.40375","25637.10375","10875.76125","11598.750000000002","1720.4812499999998","0","900.8362500000001","1299.06","26394.888750000006","10295.82375","11243.054999999998","1302.92625","0","908.5687499999999","958.83","24709.20375","0","0","0","0","0","0","0","0","0","0","0","0","0","0","0","0","0","0","0","0","0","10500.735000000002","11517.55875","1805.5387499999997","0","719.1225","1190.8049999999998","25733.760000000002","11161.863749999999","11761.1325","1643.1562499999998","0","904.7025","1299.06","26769.915","11049.742499999997","10539.397499999997","1214.0025000000003","0","761.65125","1024.5562499999999","24589.350000000006","0","0","0","0","0","0","0","0","0","0","0","0","0","0","0","0","0","0","0","0","0","10608.99","11687.673750000002","1882.86375","0","780.9825","1221.7350000000001","26182.245","10806.168750000003","12016.305","1569.6975","0","912.435","1275.8625","26580.468750000007","10798.43625","10415.677500000002","1229.4675","0","920.1675","1016.82375","24380.572500000002","0","0","0","0","0","0","0","0","0","0","0","0","0","0","0","0","0","0","0","0","0","10848.697500000004","11444.1","1782.34125","0","750.0525","1152.1425","25977.33375","10585.792500000001","11011.080000000002","1647.0224999999998","0","900.83625","1341.58875","25486.320000000007","10945.35375","11533.023749999998","1291.3274999999999","0","943.365","1051.62","25764.68999999999","0","0","0","0","0","0","0","0","0","0","0","0","0","0","0","0","0","0","0","0","0","10752.041249999997","11266.252500000004","1805.5387500000002","0","726.855","1186.93875","25737.62625","10752.04125","11540.75625","1616.0925","0","908.5687499999999","1256.53125","26073.990000000005","10891.22625","11138.666250000004","1364.78625","0","889.2375","1051.62","25335.536249999994","0","0","0","0","0","0","0","0","0","0","0","0","0","0","0","0","0","0","0","0","0","11007.21375","10999.481250000003","1801.6725","0","734.5875","1132.8112500000002","25675.766249999993","10717.245000000003","11494.361249999998","1708.8825","0","947.2312499999999","1179.20625","26046.926250000008","10910.5575","10790.703749999999","1349.3212500000002","0","835.1100000000001","1012.9575","24898.650000000005","0","0","0","0","0","0","0","0","0","0","0","0","0","0","0","0","0","0","0","0","0","10759.77375","11304.914999999999","1929.2587499999997","0","726.855","1125.0787500000001","25845.88125000001","10709.512500000004","11161.86375","1631.5575000000001","0","1028.4225000000001","1283.595","25814.951249999995","11014.946249999999","11026.545000000002","1302.92625","0","742.3199999999999","1167.6075","25254.345000000005","0","0","0","0","0","0","0","0","0","0","0","0","0","0","0","0","0","0","0","0","0","10450.473749999997","11289.450000000003","1793.94","0","742.3199999999999","1241.0662499999999","25517.250000000015","10535.531249999996","11973.776249999999","1759.14375","0","947.23125","1271.99625","26487.678749999992","10639.92","10810.035","1275.8625","0","854.4412500000001","873.7724999999999","24454.03125000001","0","0","0","0","0","0","0","0","0","0","0","0","0","0","0","0","0","0","0","0","0","10361.549999999997","11273.985","1790.07375","0","773.25","1167.6074999999998","25366.466250000005","10937.62125","11312.647500000001","1589.02875","0","997.4925000000001","1175.34","26012.13000000001","10462.072500000004","10659.25125","1229.4675","0","808.0462500000001","943.365","24102.202499999996","0","0","0","0","0","0","0","0","0","0","0","0","0","0","0","0","0","0","0","0","0","10697.913749999996","11741.801249999999","1817.1374999999998","0","757.785","1136.6774999999998","26151.315000000002","10995.614999999998","12101.3625","1647.0224999999998","0","931.7662499999999","1183.0725","26858.83874999999","11034.277499999998","10535.531249999998","1329.99","0","808.04625","1214.0024999999998","24921.847500000003","0","0","0","0","0","0","0","0","0","0","0","0","0","0","0","0","0","0","0","0","0","10601.257499999998","11343.5775","1836.46875","0","773.25","1183.0725000000002","25737.62625","10585.792500000003","11838.457499999999","1693.4175","0","920.1675","1206.27","26244.105000000003","10547.13","10678.5825","1353.1875","0","804.1800000000001","1040.0212499999998","24423.10124999999","0","0","0","0","0","0","0","0","0","0","0","0","0","0","0","0","0","0","0","0","0","10431.142499999998","11420.9025","1886.73","0","757.785","1221.7350000000001","25718.294999999987","10856.43","12120.693750000002","1604.4937499999999","0","974.295","1461.4424999999999","27017.355000000007","11204.3925","10984.016249999999","1248.79875","0","819.645","1032.2887500000002","25289.14125000001","0","0","0","0","0","0","0","0","0","0","0","0","0","0","0","0","0","0","0","0","0","10666.983749999998","11297.1825","1782.34125","0","773.25","1098.0149999999999","25617.772500000006","11165.730000000001","11884.8525","1643.1562499999998","0","931.7662499999999","1252.665","26878.17","10852.563750000001","11204.3925","1345.455","0","750.0525","966.5625","25119.026249999995","0","0","0","0","0","0","0","0","0","0","0","0","0","0","0","0","0","0","0","0","0","10384.7475","11498.227500000003","1933.125","0","719.1225","1121.2124999999999","25656.43499999999","10840.964999999998","11718.603749999998","1720.4812499999998","0","912.435","1302.92625","26495.41125000001","10844.831250000001","10748.174999999997","1175.3400000000001","0","750.0525","993.62625","24512.024999999994","0","0","0","0","0","0","0","0","0","0","0","0","0","0","0","0","0","0","0","0","0","10427.27625","11726.336250000002","1681.81875","0","719.1225","1086.41625","25640.969999999987","10810.035000000003","11494.361250000002","1705.0162500000001","0","951.0975000000001","1190.805","26151.314999999995","10612.85625","10980.149999999998","1113.48","0","838.9762499999999","958.83","24504.2925","0","0","0","0","0","0","0","0","0","0","0","0","0","0","0","0","0","0","0","0","0","10806.168749999999","11219.8575","1766.87625","0","726.855","1210.13625","25729.89375000001","11123.201250000002","11088.404999999997","1735.94625","0","927.9000000000001","1306.7924999999998","26182.245000000014","10380.881249999999","10887.359999999999","1310.6587499999998","0","831.2437500000001","1117.34625","24527.489999999994","0","0","0","0","0","0","0","0","0","0","0","0","0","0","0","0","0","0","0","0","0","10678.5825","12016.304999999998","1801.6725","0","750.0525","1148.27625","26394.888750000002","10871.894999999999","12051.101249999998","1577.4299999999998","0","931.7662499999999","1190.805","26622.99750000001","10357.68375","10802.3025","1275.8625000000002","0","738.4537499999999","869.90625","24044.208749999998","0","0","0","0","0","0","0","0","0","0","0","0","0","0","0","0","0","0","0","0","0","10404.078749999997","11177.328750000002","1770.7425","0","734.5875","1229.4675","25316.205","11243.055","11834.591250000001","1596.76125","0","927.9","1171.47375","26773.781250000007","10922.156250000002","10844.83125","1179.2062500000002","0","777.1162499999999","1055.48625","24778.796249999996","0","0","0","0","0","0","0","0","0","0","0","0","0","0","0","0","0","0","0","0","0","10237.83","11842.323750000009","1855.8","0","773.25","1295.19375","26004.397500000014","10295.823750000001","11857.788750000002","1616.0925","0","927.9","1345.455","26043.06","10945.35375","10922.156249999998","1229.4674999999997","0","823.51125","1028.4225000000001","24948.911249999994","0","0","0","0","0","0","0","0","0","0","0","0","0","0","0","0","0","0","0","0","0","10620.58875","11084.538749999998","1844.2012499999998","0","780.9825","1098.0149999999999","25428.32625","11614.215","10871.894999999999","1705.01625","0","985.89375","1179.2062500000002","26356.226250000003","10852.563750000001","10956.9525","1256.53125","0","889.2375","1028.4225000000001","24983.707499999993","0","0","0","0","0","0","0","0","0","0","0","0","0","0","0","0","0","0","0","0","0","10655.384999999993","11451.832499999999","1882.86375","0","719.1225","1055.48625","25764.689999999995","11146.39875","11629.679999999997","1550.3662500000003","0","904.7025000000001","1183.0725","26414.22","10980.15","11026.544999999996","1349.32125","0","850.575","1167.6075","25374.198749999992","0","0","0","0","0","0","0","0","0","0","0","0","0","0","0","0","0","0","0","0","0","10458.20625","11587.151250000003","1855.8","0","742.3199999999999","1070.95125","25714.428750000003","10659.251249999998","11529.1575","1589.02875","0","796.4475","1175.34","25749.225","10562.594999999996","11173.462500000003","1291.3275","0","800.31375","900.8362500000001","24728.535000000003","0","0","0","0","0","0","0","0","0","0","0","0","0","0","0","0","0","0","0","0","0","10462.072499999998","11625.81375","1836.46875","0","773.25","1175.34","25872.945000000003","11011.079999999998","11389.9725","1577.43","0","869.90625","1117.34625","25965.735","10678.582499999997","11188.927500000002","1248.79875","0","769.38375","1070.95125","24956.643750000003","0","0","0","0","0","0","0","0","0","0","0","0","0","0","0","0","0","0","0","0","0","10493.002500000002","11587.151250000003","1875.13125","0","773.25","1198.5375","25927.072500000002","10736.57625","11919.648750000002","1743.6787499999998","0","947.23125","1225.60125","26572.736249999994","10806.16875","11556.221249999999","1310.6587499999998","0","777.11625","1070.95125","25521.11625","0","0","0","0","0","0","0","0","0","0","0","0","0","0","0","0","0","0","0","0","0","10755.907500000001","11246.92125","1817.1374999999998","0","765.5174999999999","1268.13","25853.613750000015","10786.8375","11722.470000000001","1573.56375","0","885.3712499999999","1252.665","26220.907499999998","10566.461250000002","10724.977499999995","1221.735","0","637.93125","1012.9575","24164.062499999996","0","0","0","0","0","0","0","0","0","0","0","0","0","0","0","0","0","0","0","0","0","10701.779999999999","11455.698749999998","1832.6025","0","765.5174999999999","1128.945","25884.54375","11200.526249999997","11811.393749999997","1724.3474999999999","0","943.3649999999999","1275.8625000000002","26955.49499999998","10481.403750000001","10810.035000000003","1291.3274999999999","0","792.58125","1032.28875","24407.636250000003","0","0","0","0","0","0","0","0","0","0","0","0","0","0","0","0","0","0","0","0","0","10508.467499999999","10941.487500000001","1917.6599999999999","0","742.3199999999999","1194.6712499999999","25304.60625","11444.1","11432.50125","1639.29","0","916.30125","1233.33375","26665.526250000006","11134.800000000003","10481.403750000001","1264.2637499999998","0","769.38375","943.365","24593.216250000005","0","0","0","0","0","0","0","0","0","0","0","0","0","0","0","0","0","0","0","0","0","10419.54375","11861.655000000004","1863.5325","0","742.3199999999999","1225.60125","26112.652500000007","11107.736250000004","11896.451250000002","1600.6274999999998","0","800.3137499999999","1341.58875","26746.717500000013","10523.932499999999","10898.958749999998","1291.3275","0","850.575","939.49875","24504.2925","0","0","0","0","0","0","0","0","0","0","0","0","0","0","0","0","0","0","0","0","0","10666.983749999996","11741.80125","1882.86375","0","719.1225","1252.665","26263.436250000006","10806.16875","11239.18875","1712.74875","0","916.30125","1202.40375","25876.811249999995","10550.996250000004","10763.640000000003","1268.13","0","858.3075","1016.82375","24457.89749999999","0","0","0","0","0","0","0","0","0","0","0","0","0","0","0","0","0","0","0","0","0","10531.665","11761.1325","1824.87","0","773.25","1214.0025","26104.919999999995","11111.6025","11679.94125","1627.6912499999999","0","873.7724999999999","1357.05375","26650.06125000001","10891.226249999998","11231.45625","1283.5949999999998","0","734.5875000000001","1109.61375","25250.47874999999","0","0","0","0","0","0","0","0","0","0","0","0","0","0","0","0","0","0","0","0","0","10763.640000000003","11788.19625","1824.87","0","765.5174999999999","1125.07875","26267.3025","10353.8175","11679.941250000002","1627.6912499999999","0","866.04","1132.81125","25660.30125000001","10929.888750000002","11281.7175","1364.78625","0","885.3712499999999","869.90625","25331.67","0","0","0","0","0","0","0","0","0","0","0","0","0","0","0","0","0","0","0","0","0","10825.500000000002","11764.998749999999","1859.6662499999998","0","765.5174999999999","1148.27625","26363.958750000013","11378.373749999999","11231.456250000001","1581.29625","0","831.2437500000001","1043.8875","26066.257500000007","10674.71625","10748.175","1202.40375","0","715.25625","827.3775","24167.928749999995","0","0","0","0","0","0","0","0","0","0","0","0","0","0","0","0","0","0","0","0","0","10926.0225","11451.832499999997","1929.25875","0","703.6575","1194.67125","26205.44249999999","10960.818749999999","11803.661250000001","1670.2200000000003","0","908.5687500000001","1275.8625","26619.131250000006","10597.39125","11212.125000000002","1256.53125","0","808.04625","1009.09125","24883.184999999998","0","0","0","0","0","0","0","0","0","0","0","0","0","0","0","0","0","0","0","0","0","10620.588749999999","11602.61625","1836.46875","0","726.855","1198.5375","25985.06625","10837.09875","11718.60375","1693.4174999999998","0","989.76","1217.86875","26456.74875","10868.028750000001","11057.474999999999","1225.60125","0","788.715","1059.3525","24999.172499999993","0","0","0","0","0","0","0","0","0","0","0","0","0","0","0","0","0","0","0","0","0","10500.735","11664.476250000002","1867.3987499999998","0","757.785","1121.2125","25911.607500000002","10879.6275","11018.812499999998","1658.62125","0","1012.9575","1264.26375","25834.282500000005","11034.277500000004","11030.41125","1291.3274999999999","0","881.5050000000001","1098.0149999999999","25335.536249999994","0","0","0","0","0","0","0","0","0","0","0","0","0","0","0","0","0","0","0","0","0","10388.613750000004","11908.050000000001","1848.0675","0","773.25","1070.95125","25988.932500000003","10868.028749999996","11606.482499999998","1619.95875","0","920.1675","1244.9325000000001","26259.56999999999","10276.4925","10829.366250000001","1275.8625","0","688.1925","885.3712500000001","23955.285000000003","0","0","0","0","0","0","0","0","0","0","0","0","0","0","0","0","0","0","0","0","0","10485.269999999997","11594.88375","1894.4625","0","765.5174999999999","1252.665","25992.798749999994","11138.666249999997","11780.463749999997","1778.4749999999997","0","962.69625","1268.13","26928.43125","10608.99","10752.041249999998","1210.1362499999998","0","692.05875","1113.48","24376.706249999996","0","0","0","0","0","0","0","0","0","0","0","0","0","0","0","0","0","0","0","0","0","10705.646250000003","11471.16375","1867.3987499999998","0","757.785","1179.20625","25981.200000000004","10709.5125","12136.158749999997","1608.36","0","939.4987500000001","1360.92","26754.449999999997","10500.734999999999","10697.913750000002","1275.8625","0","889.2375","978.1612499999999","24341.91000000001","0","0","0","0","0","0","0","0","0","0","0","0","0","0","0","0","0","0","0","0","0","10786.837500000001","11273.985000000002","1732.08","0","750.0525","1113.48","25656.435000000005","10651.518750000003","11455.69875","1654.755","0","935.6324999999999","1241.0662499999999","25938.67125000001","10891.226250000003","10810.035000000002","1310.65875","0","753.9187499999999","939.49875","24705.337499999994","0","0","0","0","0","0","0","0","0","0","0","0","0","0","0","0","0","0","0","0","0","10759.773749999998","11328.112499999997","1886.73","0","750.0525","1183.0725","25907.741250000003","10910.557499999999","11328.112500000001","1732.08","0","978.1612499999999","1221.7350000000001","26170.646249999998","11003.3475","11478.896249999996","1329.99","0","784.84875","800.31375","25397.396249999987","0","0","0","0","0","0","0","0","0","0","0","0","0","0","0","0","0","0","0","0","0","10462.072499999998","11451.8325","1774.6087499999999","0","742.3199999999999","1376.385","25807.218749999996","10396.346249999999","12167.088749999997","1654.755","0","966.5625000000001","1299.06","26483.812500000007","10670.849999999999","10875.761249999998","1186.93875","0","780.9825","900.83625","24415.36875000001","0","0","0","0","0","0","0","0","0","0","0","0","0","0","0","0","0","0","0","0","0","11034.277499999995","11842.32375","1793.9399999999998","0","726.855","1214.0025","26611.398749999993","11146.398749999998","11652.877499999999","1747.5449999999998","0","935.6325","1244.9325","26727.386249999992","10462.0725","10953.086249999997","1202.4037500000002","0","893.10375","1198.5375000000001","24709.203749999986","0","0","0","0","0","0","0","0","0","0","0","0","0","0","0","0","0","0","0","0","0","10744.30875","11382.240000000005","1770.7424999999998","0","750.0525","1206.2699999999998","25853.613749999997","10562.594999999998","11687.673749999998","1677.9524999999999","0","858.3075000000001","1128.945","25915.473750000005","10852.563750000003","10458.206249999997","1329.9899999999998","0","773.25","989.76","24403.77","0","0","0","0","0","0","0","0","0","0","0","0","0","0","0","0","0","0","0","0","0","10566.461249999998","11509.82625","1813.2712499999998","0","765.5174999999999","1237.2","25892.276250000006","10829.36625","11517.558750000004","1554.2325","0","951.0975000000001","1411.1812499999999","26263.43625000001","10717.244999999999","10790.70375","1275.8625","0","788.715","947.23125","24519.757500000003","0","0","0","0","0","0","0","0","0","0","0","0","0","0","0","0","0","0","0","0","0","10636.053750000003","11018.812499999996","1936.9912499999998","0","726.855","1183.0725","25501.784999999996","10817.767499999996","11691.539999999999","1639.29","0","935.6324999999999","1256.53125","26340.761250000007","10489.136250000003","10748.175","1202.4037500000002","0","908.5687500000001","958.8299999999999","24307.11375","0","0","0","0","0","0","0","0","0","0","0","0","0","0","0","0","0","0","0","0","0","10554.862500000001","11185.06125","1817.1375","0","750.0525","1252.665","25559.778750000005","11045.876250000001","11328.1125","1589.02875","0","916.30125","1202.40375","26081.7225","10694.047499999999","10949.220000000001","1148.27625","0","707.5237500000001","1040.02125","24539.088749999995","0","0","0","0","0","0","0","0","0","0","0","0","0","0","0","0","0","0","0","0","0","10550.99625","11641.278750000001","1782.3412499999997","0","711.39","1268.1299999999999","25954.13625","10817.7675","11560.087500000001","1708.8825","0","927.9","1156.00875","26170.646249999987","10987.882499999998","11227.59","1148.27625","0","815.77875","788.715","24968.242499999997","0","0","0","0","0","0","0","0","0","0","0","0","0","0","0","0","0","0","0","0","0","10639.920000000002","11475.03","1913.7937499999998","0","726.855","1121.2125","25876.811250000013","10589.658749999999","11784.330000000002","1739.8124999999998","0","904.7025000000001","1078.68375","26097.1875","10976.283750000002","11227.590000000002","1283.5949999999998","0","819.645","927.9","25235.013749999987","0","0","0","0","0","0","0","0","0","0","0","0","0","0","0","0","0","0","0","0","0","10794.570000000002","11865.521249999998","1662.4875","0","765.5174999999999","1241.0662499999999","26329.162500000002","11297.182499999999","11246.921249999998","1701.1499999999999","0","908.5687500000001","1067.085","26220.90749999999","10574.19375","11320.380000000006","1291.3274999999999","0","823.51125","908.5687499999999","24917.98124999999","0","0","0","0","0","0","0","0","0","0","0","0","0","0","0","0","0","0","0","0","0","11096.137499999997","11691.54","1844.2012499999998","0","773.25","1202.40375","26607.532499999998","10547.130000000001","11529.157499999998","1693.4175","0","989.76","1078.68375","25838.14875","10786.837500000001","11208.258749999997","1283.5949999999998","0","808.04625","985.89375","25072.63125000001","0","0","0","0","0","0","0","0","0","0","0","0","0","0","0","0","0","0","0","0","0","10605.123749999995","11540.75625","1739.8125","0","773.25","1186.93875","25845.881250000002","11362.90875","12016.305","1542.63375","0","916.30125","1326.1237499999997","27164.2725","10848.697500000002","11579.418749999997","1337.7224999999999","0","788.715","823.5112499999999","25378.065000000002","0","0","0","0","0","0","0","0","0","0","0","0","0","0","0","0","0","0","0","0","0","10868.028750000001","11409.303749999997","1739.8124999999998","0","750.0525","1241.06625","26008.26374999999","10794.57","11830.724999999999","1577.4299999999998","0","943.365","1156.00875","26302.09875000001","11088.404999999999","11289.449999999995","1310.65875","0","827.3774999999999","985.89375","25501.78500000001","0","0","0","0","0","0","0","0","0","0","0","0","0","0","0","0","0","0","0","0","0","10454.339999999998","11208.25875","1836.4687499999998","0","711.39","1144.4099999999999","25354.867499999997","10705.64625","11954.445","1790.0737499999998","0","1012.9575","1214.0025","26677.125","10690.181249999998","10956.952500000001","1210.13625","0","761.6512500000001","877.6387500000001","24496.56000000001","0","0","0","0","0","0","0","0","0","0","0","0","0","0","0","0","0","0","0","0","0","10322.887499999999","11880.98625","1774.6087499999996","0","750.0525","1063.21875","25791.753750000014","10984.016249999997","11714.737500000001","1650.88875","0","924.03375","1171.47375","26445.149999999994","10288.091249999998","10941.487499999997","1391.85","0","800.31375","1043.8875","24465.62999999999","0","0","0","0","0","0","0","0","0","0","0","0","0","0","0","0","0","0","0","0","0","10334.48625","11413.17","1828.7362500000002","0","719.1225","1140.5437499999998","25436.05874999999","10860.296250000003","10875.76125","1631.5575","0","935.6324999999999","1125.0787500000001","25428.326250000013","10794.570000000003","10257.16125","1283.5949999999998","0","777.11625","1001.3587500000001","24113.801249999993","0","0","0","0","0","0","0","0","0","0","0","0","0","0","0","0","0","0","0","0","0","10690.18125","11451.832499999997","1859.6662499999998","0","773.25","1256.53125","26031.46125","10910.557499999997","11262.38625","1693.4175","0","939.49875","1202.40375","26008.26374999999","10786.8375","11227.59","1337.7224999999999","0","765.5174999999999","951.0975","25068.765","0","0","0","0","0","0","0","0","0","0","0","0","0","0","0","0","0","0","0","0","0","10500.734999999999","11455.698750000001","1821.0037499999999","0","765.5174999999999","1252.6650000000002","25795.62","10690.181250000001","11560.087499999998","1608.3600000000001","0","893.10375","1206.27","25958.00250000001","10790.703749999997","10717.245","1171.47375","0","896.97","916.30125","24492.693750000002","0","0","0","0","0","0","0","0","0","0","0","0","0","0","0","0","0","0","0","0","0","10485.269999999997","11482.762500000003","1906.0612499999997","0","742.3199999999999","1206.27","25822.683750000007","10775.23875","11320.38","1712.74875","0","1024.55625","1291.3274999999999","26124.25124999999","10717.244999999999","11297.1825","1322.2575","0","792.58125","982.0274999999999","25111.293749999997","0","0","0","0","0","0","0","0","0","0","0","0","0","0","0","0","0","0","0","0","0","10601.2575","11718.60375","1763.01","0","750.0525","1163.74125","25996.665000000005","11227.59","11737.935","1589.02875","0","893.10375","1306.7925","26754.449999999997","10868.028749999996","10829.36625","1376.385","0","792.58125","862.1737499999999","24728.534999999985","0","0","0","0","0","0","0","0","0","0","0","0","0","0","0","0","0","0","0","0","0","10690.181249999998","10914.423749999998","1650.8887499999998","0","757.785","1148.27625","25161.555000000004","11127.067499999997","10937.621249999998","1670.22","0","912.435","1179.20625","25826.550000000003","10798.436249999999","11614.215000000002","1329.9899999999998","0","765.5174999999999","958.8299999999999","25466.988749999997","0","0","0","0","0","0","0","0","0","0","0","0","0","0","0","0","0","0","0","0","0","10678.582500000002","11618.081250000003","1793.94","0","742.3199999999999","1175.34","26008.26375","10578.060000000003","11602.61625","1635.42375","0","862.1737499999999","1283.595","25961.868750000012","11069.073750000003","10686.315","1337.7224999999999","0","873.7725","1024.55625","24991.43999999999","0","0","0","0","0","0","0","0","0","0","0","0","0","0","0","0","0","0","0","0","0"
"[min]","0","0","0","0","0","0","0","0","0","0","0","0","0","0","0","0","0","0","0","0","0","0","0","0","0","0","0","0","0","0","0","0","0","0","0","0","0","0","0","0","0","0","0","0","0","0","0","0","0","0","0","0","0","0","0","0","0","0","0","0","0","0","0","0","0","0","0","0","0","0","0","0","0","0","0","0","0","0","0","0","0","0","0","0","0","0","0","0","0","0","0","0","0","0","0","0","0","0","0","0","0","0","0","0","0","0","0","0","0","0","0","0","0","0","0","0","0","0","0","0","0","0","0","0","0","0","0","0","0","0","0","0","0","0","0","0","0","0","0","0","0","0","0","0","0","0","0","0","0","0","0","0","0","0","0","0","0","0","0","0","0","0","0","0","0","0","0","0","0","0","0","0","0","0","0","0","0","0","0","0","0","0","0","0","0","0","0","0","0","0","0","0","0","0","0","0","0","0","0","0","0","0","0","0","0","0","0","0","0","0","0","0","0","0","0","0","0","0","0","0","0","0","0","0","0","0","0","0","0","0","0","0","0","0","0","0","0","0","0","0","0","0","0","0","0","0","0","0","0","0","0","0","0","0","0","0","0","0","0","0","0","0","0","0","0","0","0","0","0","0","0","0","0","0","0","0","0","0","0","0","0","0","0","0","0","0","0","0","0","0","0","0","0","0","0","0","0","0","0","0","0","0","0","0","0","0","0","0","0","0","0","0","0","0","0","0","0","0","0","0","0","0","0","0","0","0","0","0","0","0","0","0","0","0","0","0","0","0","0","0","0","0","0","0","0","0","0","0","0","0","0","0","0","0","0","0","0","0","0","0","0","0","0","0","0","0","0","0","0","0","0","0","0","0","0","0","0","0","0","0","0","0","0","0","0","0","0","0","0","0","0","0","0","0","0","0","0","0","0","0","0","0","0","0","0","0","0","0","0","0","0","0","0","0","0","0","0","0","0","0","0","0","0","0","0","0","0","0","0","0","0","0","0","0","0","0","0","0","0","0","0","0","0","0","0","0","0","0","0","0","0","0","0","0","0","0","0","0","0","0","0","0","0","0","0","0","0","0","0","0","0","0","0","0","0","0","0","0","0","0","0","0","0","0","0","0","0","0","0","0","0","0","0","0","0","0","0","0","0","0","0","0","0","0","0","0","0","0","0","0","0","0","0","0","0","0","0","0","0","0","0","0","0","0","0","0","0","0","0","0","0","0","0","0","0","0","0","0","0","0","0","0","0","0","0","0","0","0","0","0","0","0","0","0","0","0","0","0","0","0","0","0","0","0","0","0","0","0","0","0","0","0","0","0","0","0","0","0","0","0","0","0","0","0","0","0","0","0","0","0","0","0","0","0","0","0","0","0","0","0","0","0","0","0","0","0","0","0","0","0","0","0","0","0","0","0","0","0","0","0","0","0","0","0","0","0","0","0","0","0","0","0","0","0","0","0","0","0","0","0","0","0","0","0","0","0","0","0","0","0","0","0","0","0","0","0","0","0","0","0","0","0","0","0","0","0","0","0","0","0","0","0","0","0","0","0","0","0","0","0","0","0","0","0","0","0","0","0","0","0","0","0","0","0","0","0","0","0","0","0","0","0","0","0","0","0","0","0","0","0","0","0","0","0","0","0","0","0","0","0","0","0","0","0","0","0","0","0","0","0","0","0","0","0","0","0","0","0","0","0","0","0","0","0","0","0","0","0","0","0","0","0","0","0","0","0","0","0","0","0","0","0","0","0","0","0","0","0","0","0","0","0","0","0","0","0","0","0","0","0","0","0","0","0","0","0","0","0","0","0","0","0","0","0","0","0","0","0","0","0","0","0","0","0","0","0","0","0","0","0","0","0","0","0","0","0","0","0","0","0","0","0","0","0","0","0","0","0","0","0","0","0","0","0","0","0","0","0","0","0","0","0","0","0","0","0","0","0","0","0","0","0","0","0","0","0","0","0","0","0","0","0","0","0","0","0","0","0","0","0","0","0","0","0","0","0","0","0","0","0","0","0","0","0","0","0","0","0","0","0","0","0","0","0","0","0","0","0","0","0","0","0","0","0","0","0","0","0","0","0","0","0","0","0","0","0","0","0","0","0","0","0","0","0","0","0","0","0","0","0","0","0","0","0","0","0","0","0","0","0","0","0","0","0","0","0","0","0","0","0","0","0","0","0","0","0","0","0","0","0","0","0","0","0","0","0","0","0","0","0","0","0","0","0","0","0","0","0","0","0","0","0","0","0","0","0","0","0","0","0","0","0","0","0","0","0","0","0","0","0","0","0","0","0","0","0","0","0","0","0","0","0","0","0","0","0","0","0","0","0","0","0","0","0","0","0","0","0","0","0","0","0","0","0","0","0","0","0","0","0","0","0","0","0","0","0","0","0","0","0","0","0","0","0","0","0","0","0","0","0","0","0","0","0","0","0","0","0","0","0","0","0","0","0","0","0","0","0","0","0","0","0","0","0","0","0","0","0","0","0","0","0","0","0","0","0","0","0","0","0","0","0","0","0","0","0","0","0","0","0","0","0","0","0","0","0","0","0","0","0","0","0","0","0","0","0","0","0","0","0","0","0","0","0","0","0","0","0","0","0","0","0","0","0","0","0","0","0","0","0","0","0","0","0","0","0","0","0","0","0","0","0","0","0","0","0","0","0","0","0","0","0","0","0","0","0","0","0","0","0","0","0","0","0","0","0","0","0","0","0","0","0","0","0","0","0","0","0","0","0","0","0","0","0","0","0","0","0","0","0","0","0","0","0","0","0","0","0","0","0","0","0","0","0","0","0","0","0","0","0","0","0","0","0","0","0","0","0","0","0","0","0","0","0","0","0","0","0","0","0","0","0","0","0","0","0","0","0","0","0","0","0","0","0","0","0","0","0","0","0","0","0","0","0","0","0","0","0","0","0","0","0","0","0","0","0","0","0","0","0","0","0","0","0","0","0","0","0","0","0","0","0","0","0","0","0","0","0","0","0","0","0","0","0","0","0","0","0","0","0","0","0","0","0","0","0","0","0","0","0","0","0","0","0","0","0","0","0","0","0","0","0","0","0","0","0","0","0","0","0","0","0","0","0","0","0","0","0","0","0","0","0","0","0","0","0","0","0","0","0","0","0","0","0","0","0","0","0","0","0","0","0","0","0","0","0","0","0","0","0","0","0","0","0","0","0","0","0","0","0","0","0","0","0","0","0","0","0","0","0","0","0","0","0","0","0","0","0","0","0","0","0","0","0","0","0","0","0","0","0","0","0","0","0","0","0","0","0","0","0","0","0","0","0","0","0","0","0","0","0","0","0","0","0","0","0","0","0","0","0","0","0","0","0","0","0","0","0","0","0","0","0","0","0","0","0","0","0","0","0","0","0","0","0","0","0","0","0","0","0","0","0","0","0","0","0","0","0","0","0","0","0","0","0","0","0","0","0","0","0","0","0","0","0","0","0","0","0","0","0","0","0","0","0","0","0","0","0","0","0","0","0","0","0","0","0","0","0","0","0","0","0","0","0","0","0","0","0","0","0","0","0","0","0","0","0","0","0","0","0","0","0","0","0","0","0","0","0","0","0","0","0","0","0","0","0","0","0","0","0","0","0","0","0","0","0","0","0","0","0","0","0","0","0","0","0","0","0","0","0","0","0","0","0","0","0","0","0","0","0","0","0","0","0","0","0","0","0","0","0","0","0","0","0","0","0","0","0","0","0","0","0","0","0","0","0","0","0","0","0","0","0","0","0","0","0","0","0","0","0","0","0","0","0","0","0","0","0","0","0","0","0","0","0","0","0","0","0","0","0","0","0","0","0","0","0","0","0","0","0","0","0","0","0","0","0","0","0","0","0","0","0","0","0","0","0","0","0","0","0","0","0","0","0","0","0","0","0","0","0","0","0","0","0","0","0","0","0","0","0","0","0","0","0","0","0","0","0","0","0","0","0","0","0","0","0","0","0","0","0","0","0","0","0","0","0","0","0","0","0","0","0","0","0","0","0","0","0","0","0","0","0","0","0","0","0","0","0","0","0","0","0","0","0","0","0","0","0","0","0","0","0","0","0","0","0","0","0","0","0","0","0","0","0","0","0","0","0","0","0","0","0","0","0","0","0","0","0","0","0","0","0","0","0","0","0","0","0","0","0","0","0","0","0","0","0","0","0","0","0","0","0","0","0","0","0","0","0","0","0","0","0","0","0","0","0","0","0","0","0","0","0","0","0","0","0","0","0","0","0","0","0","0","0","0","0","0","0","0","0","0","0","0","0","0","0","0","0","0","0","0","0","0","0","0","0","0","0","0","0","0","0","0","0","0","0","0","0","0","0","0","0","0","0","0","0","0","0","0","0","0","0","0","0","0","0","0","0","0","0","0","0","0","0","0","0","0","0","0","0","0","0","0","0","0","0","0","0","0","0","0","0","0","0","0","0","0","0","0","0","0","0","0","0","0","0","0","0","0","0","0","0","0","0","0","0","0","0","0","0","0","0","0","0","0","0","0","0","0","0","0","0","0","0","0","0","0","0","0","0","0","0","0","0","0","0","0","0","0","0","0","0","0","0","0","0","0","0","0","0","0","0","0","0","0","0","0","0","0","0","0","0","0","0","0","0","0","0","0","0","0","0","0","0","0","0","0","0","0","0","0","0","0","0","0","0","0","0","0","0","0","0","0","0","0","0","0","0","0","0","0","0","0","0","0","0","0","0","0","0","0","0","0","0","0","0","0","0","0","0","0","0","0","0","0","0","0","0","0","0","0","0","0","0","0","0","0","0","0","0","0","0","0","0","0","0","0","0","0","0","0","0","0","0","0","0","0","0","0","0","0","0","0","0","0","0","0","0","0","0","0","0","0","0","0","0","0","0","0","0","0","0","0","0","0","0","0","0","0","0","0","0","0","0","0","0","0","0","0","0","0","0","0","0","0","0","0","0","0","0","0","0","0","0","0","0","0","0","0","0","0","0","0","0","0","0","0","0","0","0","0","0","0","0","0","0","0","0","0","0","0","0","0","0","0","0","0","0","0","0","0","0","0","0","0","0","0","0","0","0","0","0","0","0","0","0","0","0","0","0","0","0","0","0","0","0","0","0","0","0","0","0","0","0","0","0","0","0","0","0","0","0","0","0","0","0","0","0","0","0","0","0","0","0","0","0","0","0","0","0","0","0","0","0","0","0","0","0","0","0","0","0","0","0","0","0","0","0","0","0","0","0","0","0","0","0","0","0","0","0","0","0","0","0","0","0","0","0","0","0","0","0","0","0","0","0","0","0","0","0","0","0","0","0","0","0","0","0","0","0","0","0","0","0","0","0","0","0","0","0","0","0","0","0","0","0","0","0","0","0","0","0","0","0","0","0","0","0","0","0","0","0","0","0","0","0","0","0","0","0","0","0","0","0","0","0","0","0","0","0","0","0","0","0","0","0","0","0","0","0","0","0","0","0","0","0","0","0","0","0","0","0","0","0","0","0","0","0","0","0","0","0","0","0","0","0","0","0","0","0","0","0","0","0","0","0","0","0","0","0","0","0","0","0","0","0","0","0","0","0","0","0","0","0","0","0","0","0","0","0","0","0","0","0","0","0","0","0","0","0","0","0","0","0","0","0","0","0","0","0","0","0","0","0","0","0","0","0","0","0","0","0","0","0","0","0","0","0","0","0","0","0","0","0","0","0","0","0","0","0","0","0","0","0","0","0","0","0","0","0","0","0","0","0","0","0","0","0","0","0","0","0","0","0","0","0","0","0","0","0","0","0","0","0","0","0","0","0","0","0","0","0","0","0","0","0","0","0","0","0","0","0","0","0","0","0","0","0","0","0","0","0","0","0","0","0","0","0","0","0","0","0","0","0","0","0","0","0","0","0","0","0","0","0","0","0","0","0","0","0","0","0","0","0","0","0","0","0","0","0","0","0","0","0","0","0","0","0","0","0","0","0","0","0","0","0","0","0","0","0","0","0","0","0","0","0","0","0","0","0","0","0","0","0","0","0","0","0","0","0","0","0","0","0","0","0","0","0","0","0","0","0","0","0","0","0","0","0","0","0","0","0","0","0","0","0","0","0","0","0","0","0","0","0","0","0","0","0","0","0","0","0","0","0","0","0","0","0","0","0","0","0","0","0","0","0","0","0","0","0","0","0","0","0","0","0","0","0","0","0","0","0","0","0","0","0","0","0","0","0","0","0","0","0","0","0","0","0","0","0","0","0","0","0","0","0","0","0","0","0","0","0","0","0","0","0","0","0","0","0","0","0","0","0","0","0","0","0","0","0","0","0","0","0","0","0","0","0","0","0","0","0","0","0","0","0","0","0","0","0","0","0","0","0","0","0","0","0","0","0","0","0","0","0","0","0","0","0","0","0","0","0","0","0","0","0","0","0","0","0","0","0","0","0","0","0","0","0","0","0","0","0","0","0","0","0","0","0","0","0","0","0","0","0","0","0","0","0","0","0","0","0","0","0","0","0","0","0","0","0","0","0","0","0","0","0","0","0","0","0","0","0","0","0","0","0","0","0","0","0","0","0","0","0","0","0","0","0","0","0","0","0","0","0","0","0","0","0","0","0","0","0","0","0","0","0","0","0","0","0","0","0","0","0","0","0","0","0","0","0","0","0","0","0","0","0","0","0","0","0","0","0","0","0","0","0","0","0","0","0","0","0","0","0","0","0","0","0","0","0","0","0","0","0","0","0","0","0","0","0","0","0","0","0","0","0","0","0","0","0","0","0","0","0","0","0","0","0","0","0","0","0","0","0","0","0","0","0","0","0","0","0","0","0","0","0","0","0","0","0","0","0","0","0","0","0","0","0","0","0","0","0","0","0","0","0","0","0","0","0","0","0","0","0","0","0","0","0","0","0","0","0","0","0","0","0","0","0","0","0","0","0","0","0","0","0","0","0","0","0","0","0","0","0","0","0","0","0","0","0","0","0","0","0","0","0","0","0","0","0","0","0","0","0","0","0","0","0","0","0","0","0","0","0","0","0","0","0","0","0","0","0","0","0","0","0","0","0","0","0","0","0","0","0","0","0","0","0","0","0","0","0","0","0","0","0","0","0","0","0","0","0","0","0","0","0","0","0","0","0","0","0","0","0","0","0","0","0","0","0","0","0","0","0","0","0","0","0","0","0","0","0","0","0","0","0","0","0","0","0","0","0","0","0","0","0","0","0","0","0","0","0","0","0","0","0","0","0","0","0","0","0","0","0","0","0","0","0","0","0","0","0","0","0","0","0","0","0","0","0","0","0","0","0","0","0","0","0","0","0","0","0","0","0","0","0","0","0","0","0","0","0","0","0","0","0","0","0","0","0","0","0","0","0","0","0","0","0","0","0","0","0","0","0","0","0","0","0","0","0","0","0","0","0","0","0","0","0","0","0","0","0","0","0","0","0","0","0","0","0","0","0","0","0","0","0","0","0","0","0","0","0","0","0","0","0","0","0","0","0","0","0","0","0","0","0","0","0","0","0","0","0","0","0","0","0","0","0","0","0","0","0","0","0","0","0","0","0","0","0","0","0","0","0","0","0","0","0","0","0","0","0","0","0","0","0","0","0","0","0","0","0","0","0","0","0","0","0","0","0","0","0","0","0","0","0","0","0","0","0","0","0","0","0","0","0","0","0","0","0","0","0","0","0","0","0","0","0","0","0","0","0","0","0","0","0","0","0","0","0","0","0","0","0","0","0","0","0","0","0","0","0","0","0","0","0","0","0","0","0","0","0","0","0","0","0","0","0","0","0","0","0","0","0","0","0","0","0","0","0","0","0","0","0","0","0","0","0","0","0","0","0","0","0","0","0","0","0","0","0","0","0","0","0","0","0","0","0","0","0","0","0","0","0","0","0","0","0","0","0","0","0","0","0","0","0","0","0","0","0","0","0","0","0","0","0","0","0","0","0","0","0","0","0","0","0","0","0","0","0","0","0","0","0","0","0","0","0","0","0","0","0","0","0","0","0","0","0","0","0","0","0","0","0","0","0","0","0","0","0","0","0","0","0","0","0","0","0","0","0","0","0","0","0","0","0","0","0","0","0","0","0","0","0","0","0","0","0","0","0","0","0","0","0","0","0","0","0","0","0","0","0","0","0","0","0","0","0","0","0","0","0","0","0","0","0","0","0","0","0","0","0","0","0","0","0","0","0","0","0","0","0","0","0","0","0","0","0","0","0","0","0","0","0","0","0","0","0","0","0","0","0","0","0","0","0","0","0","0","0","0","0","0","0","0","0","0","0","0","0","0","0","0","0","0","0","0","0","0","0","0","0","0","0","0","0","0","0","0","0","0","0","0","0","0","0","0","0","0","0","0","0","0","0","0","0","0","0","0","0","0","0","0","0","0","0","0","0","0","0","0","0","0","0","0","0","0","0","0","0","0","0","0","0","0","0","0","0","0","0","0","0","0","0","0","0","0","0","0","0","0","0","0","0","0","0","0","0","0","0","0","0","0","0","0","0","0","0","0","0","0","0","0","0","0","0","0","0","0","0","0","0","0","0","0","0","0","0","0","0","0","0","0","0","0","0","0","0","0","0","0","0","0","0","0","0","0","0","0","0","0","0","0","0","0","0","0","0","0","0","0","0","0","0","0","0","0","0","0","0","0","0","0","0","0","0","0","0","0","0","0","0","0","0","0","0","0","0","0","0","0","0","0","0","0","0","0","0","0","0","0","0","0","0","0","0","0","0","0","0","0","0","0","0","0","0","0","0","0","0","0","0","0","0","0","0","0","0","0","0","0","0","0","0","0","0","0","0","0","0","0","0","0","0","0","0","0","0","0","0","0","0","0","0","0","0","0","0","0","0","0","0","0","0","0","0","0","0","0","0","0","0","0","0","0","0","0","0","0","0","0","0","0","0","0","0","0","0","0","0","0","0","0","0","0","0","0","0","0","0","0","0","0","0","0","0","0","0","0","0","0","0","0","0","0","0","0","0","0","0","0","0","0","0","0","0","0","0","0","0","0","0","0","0","0","0","0","0","0","0","0","0","0","0","0","0","0","0","0","0","0","0","0","0","0","0","0","0","0","0","0","0","0","0","0","0","0","0","0","0","0","0","0","0","0","0","0","0","0","0","0","0","0","0","0","0","0","0","0","0","0","0","0","0","0","0","0","0","0","0","0","0","0","0","0","0","0","0","0","0","0","0","0","0","0","0","0","0","0","0","0","0","0","0","0","0","0","0","0","0","0","0","0","0","0","0","0","0","0","0","0","0","0","0","0","0","0","0","0","0","0","0","0","0","0","0","0","0","0","0","0","0","0","0","0","0","0","0","0","0","0","0","0","0","0","0","0","0","0","0","0","0","0","0","0","0","0","0","0","0","0","0","0","0","0","0","0","0","0","0","0","0","0","0","0","0","0","0","0","0","0","0","0","0","0","0","0","0","0","0","0","0","0","0","0","0","0","0","0","0","0","0","0","0","0","0","0","0","0","0","0","0","0","0","0","0","0","0","0","0","0","0","0","0","0","0","0","0","0","0","0","0","0","0","0","0","0","0","0","0","0","0","0","0","0","0","0","0","0","0"
"[max]","10964.685","12070.4325","1929.2587500000002","0","788.7149999999999","1268.1299999999999","26449.016250000008","11563.95375","12402.929999999995","1778.475","0","962.69625","1411.1812499999999","27056.0175","11215.991250000003","11471.163749999996","1384.1174999999998","0","924.03375","1140.54375","25463.122500000005","0","0","0","0","0","0","0","0","0","0","0","0","0","0","0","0","0","0","0","0","0","10999.481250000003","11931.247500000001","1917.6599999999999","0","780.9825","1295.19375","26553.405000000017","11270.118750000001","12414.528750000001","1763.0100000000002","0","993.62625","1430.5125","27276.393750000014","11057.475000000002","11521.425","1372.51875","0","920.1675","1140.54375","25327.80375","0","0","0","0","0","0","0","0","0","0","0","0","0","0","0","0","0","0","0","0","0","10922.156250000004","11996.973750000001","1936.99125","0","773.25","1275.8625","26476.08","11413.170000000002","12317.8725","1728.21375","0","1028.4225000000001","1360.92","26901.36750000001","11397.705","11428.634999999998","1345.455","0","908.56875","1113.48","25617.772499999995","0","0","0","0","0","0","0","0","0","0","0","0","0","0","0","0","0","0","0","0","0","11014.946249999999","11923.515000000003","1929.25875","0","780.9825","1264.26375","26487.678750000006","11188.9275","12089.763750000002","1793.9399999999998","0","993.62625","1364.7862499999999","27141.074999999997","11061.341249999998","11366.775","1364.7862499999999","0","939.49875","1144.4099999999999","25231.1475","0","0","0","0","0","0","0","0","0","0","0","0","0","0","0","0","0","0","0","0","0","11161.863750000002","11908.049999999997","1898.3287500000001","0","788.7149999999999","1260.3975","26433.55124999999","11459.565","12093.630000000001","1763.0099999999998","0","989.76","1453.71","26812.443750000002","11161.863750000002","11544.622499999998","1372.51875","0","900.8362500000001","1113.48","25439.925000000007","0","0","0","0","0","0","0","0","0","0","0","0","0","0","0","0","0","0","0","0","0","11254.653749999996","12039.5025","1906.06125","0","773.25","1295.19375","26704.188750000005","11370.641249999999","12341.07","1755.2774999999997","0","1020.69","1380.2512499999998","27133.342499999995","11239.188750000001","11308.781249999998","1364.78625","0","916.30125","1156.00875","25509.5175","0","0","0","0","0","0","0","0","0","0","0","0","0","0","0","0","0","0","0","0","0","11080.672499999999","12066.566250000002","1952.4562499999997","0","788.7149999999999","1268.13","26561.13749999999","11219.8575","12012.438749999996","1724.3474999999999","0","989.76","1380.25125","26839.507500000014","11150.265000000003","11366.775","1391.85","0","908.56875","1202.40375","25443.791249999984","0","0","0","0","0","0","0","0","0","0","0","0","0","0","0","0","0","0","0","0","0","11014.94625","11842.323750000005","1933.125","0","780.9825","1295.19375","26445.150000000005","11679.941249999996","12449.325000000003","1786.2074999999998","0","985.89375","1411.1812499999999","27245.46375000001","11042.01","11594.88375","1357.05375","0","904.7025000000001","1210.13625","25354.867499999997","0","0","0","0","0","0","0","0","0","0","0","0","0","0","0","0","0","0","0","0","0","11246.92125","12058.833750000002","1940.8574999999998","0","780.9825","1256.53125","26653.927499999998","11335.845000000001","11954.445000000003","1782.34125","0","1024.55625","1353.1875","26839.507500000003","11231.45625","11737.934999999998","1391.85","0","900.8362500000001","1225.60125","25938.67124999999","0","0","0","0","0","0","0","0","0","0","0","0","0","0","0","0","0","0","0","0","0","11011.080000000002","12066.566250000002","1936.9912499999998","0","780.9825","1329.99","26495.411249999997","11185.061249999999","11977.642499999998","1774.6087499999999","0","1001.35875","1403.44875","27048.285000000007","10964.685","11525.29125","1364.7862499999999","0","900.8362500000001","1132.81125","25204.083750000005","0","0","0","0","0","0","0","0","0","0","0","0","0","0","0","0","0","0","0","0","0","10898.95875","11954.445000000003","1948.5899999999997","0","780.9825","1271.9962500000001","26479.946249999994","11447.96625","12232.815","1793.9399999999998","0","1016.82375","1329.99","27299.591249999994","11246.921250000001","11328.1125","1364.78625","0","924.0337499999999","1136.6775","25339.402500000004","0","0","0","0","0","0","0","0","0","0","0","0","0","0","0","0","0","0","0","0","0","10898.95875","12031.769999999999","1987.2525","0","780.9825","1275.8625","26325.296249999992","11896.451249999998","12066.566250000005","1832.6025","0","1012.9575","1372.5187500000002","27226.132500000003","11169.59625","11370.641249999999","1364.7862499999999","0","924.03375","1132.8112500000002","25428.32625","0","0","0","0","0","0","0","0","0","0","0","0","0","0","0","0","0","0","0","0","0","10968.55125","12070.4325","1936.99125","0","780.9825","1302.92625","26325.29625000001","11799.794999999998","12194.152500000002","1763.01","0","993.62625","1411.1812499999999","26978.692499999994","11053.608750000001","11475.029999999999","1391.85","0","900.83625","1136.6775","25683.498750000013","0","0","0","0","0","0","0","0","0","0","0","0","0","0","0","0","0","0","0","0","0","11072.939999999999","12062.7","1925.3925","0","780.9825","1299.06","26862.705000000013","11355.17625","12464.789999999997","1778.4750000000001","0","1012.9575","1353.1875","27067.616250000006","11370.64125","11324.24625","1372.51875","0","916.30125","1070.95125","25289.141249999982","0","0","0","0","0","0","0","0","0","0","0","0","0","0","0","0","0","0","0","0","0","10910.5575","12000.84","1967.9212499999999","0","773.25","1260.3975","26680.991249999995","11432.50125","12545.98125","1743.67875","0","997.4925000000001","1318.39125","26959.361249999994","11157.997499999998","11710.871250000004","1364.7862499999999","0","943.365","1144.4099999999999","25559.778749999994","0","0","0","0","0","0","0","0","0","0","0","0","0","0","0","0","0","0","0","0","0","10991.748750000002","11919.648750000004","1936.99125","0","780.9825","1268.1299999999999","26352.359999999997","11277.851250000002","12078.165","1728.21375","0","1024.55625","1360.9199999999998","26824.042500000014","11378.373749999999","11811.39375","1364.7862499999999","0","896.97","1156.00875","25532.715000000004","0","0","0","0","0","0","0","0","0","0","0","0","0","0","0","0","0","0","0","0","0","11007.213750000003","11904.183749999997","1964.055","0","780.9825","1256.53125","26607.532499999998","11316.513749999996","12341.069999999998","1786.2075","0","1012.9575","1384.1175","27144.941250000003","11451.832499999999","11424.768749999997","1364.78625","0","951.0975","1117.34625","25563.644999999993","0","0","0","0","0","0","0","0","0","0","0","0","0","0","0","0","0","0","0","0","0","10806.168750000003","12093.629999999997","1944.7237499999999","0","788.7149999999999","1275.8625000000002","26379.42375000001","11459.564999999997","11946.7125","1759.1437500000002","0","1028.4225000000001","1438.245","26839.507499999992","11312.647500000001","11308.78125","1384.1174999999998","0","927.9","1117.34625","25389.663749999996","0","0","0","0","0","0","0","0","0","0","0","0","0","0","0","0","0","0","0","0","0","10860.296249999996","11734.068750000002","1952.45625","0","780.9825","1299.06","26147.44874999998","11482.7625","12078.165","1809.405","0","1009.09125","1333.85625","27183.603750000002","11324.246250000002","11413.170000000002","1391.85","0","885.3712499999999","1152.1425","25683.49875","0","0","0","0","0","0","0","0","0","0","0","0","0","0","0","0","0","0","0","0","0","11123.20125","12027.903750000005","1921.52625","0","780.9825","1302.92625","26514.7425","11393.83875","12058.833749999994","1809.405","0","970.42875","1384.1175","26998.02374999999","11312.6475","11215.991250000003","1391.85","0","912.435","1074.8175","25320.071250000008","0","0","0","0","0","0","0","0","0","0","0","0","0","0","0","0","0","0","0","0","0","11007.213750000003","11865.521250000002","1940.8575","0","788.7149999999999","1291.3274999999999","26472.21375000001","11289.449999999997","12344.93625","1743.67875","0","1005.2249999999999","1407.315","26793.112499999996","10929.88875","11556.221249999997","1345.455","0","947.23125","1167.6075","25660.30125","0","0","0","0","0","0","0","0","0","0","0","0","0","0","0","0","0","0","0","0","0","10887.359999999995","11896.451250000002","1944.72375","0","780.9825","1337.7224999999999","26201.57625000001","11420.902499999995","12325.605000000001","1797.8062499999999","0","997.4925","1345.455","27744.21","11254.65375","11536.89","1372.51875","0","881.5050000000001","1241.06625","25660.301250000004","0","0","0","0","0","0","0","0","0","0","0","0","0","0","0","0","0","0","0","0","0","11057.475","11795.928750000003","1956.3224999999998","0","773.25","1299.06","26267.302499999998","11432.50125","12078.165","1770.7424999999998","0","985.89375","1368.6525","27044.418749999986","11177.328749999999","11587.151249999997","1376.385","0","904.7025000000001","1244.9325","25571.377499999995","0","0","0","0","0","0","0","0","0","0","0","0","0","0","0","0","0","0","0","0","0","10949.220000000003","12031.769999999995","1940.8574999999998","0","788.7149999999999","1279.7287500000002","26584.335000000006","11389.972500000002","12147.7575","1759.14375","0","985.8937500000001","1376.385","27179.7375","11451.8325","11432.501250000001","1372.51875","0","924.0337499999999","1140.54375","25795.619999999995","0","0","0","0","0","0","0","0","0","0","0","0","0","0","0","0","0","0","0","0","0","10918.290000000003","11888.718750000004","1909.9274999999998","0","780.9825","1291.3274999999999","26085.588750000006","11447.96625","12155.490000000002","1763.0099999999998","0","985.89375","1407.315","27438.776250000003","11045.87625","11347.443749999997","1391.85","0","877.63875","1225.6012500000002","25300.73999999999","0","0","0","0","0","0","0","0","0","0","0","0","0","0","0","0","0","0","0","0","0","10875.76125","11915.782500000005","1909.9274999999998","0","780.9825","1275.8625","26313.6975","11428.634999999998","12151.62375","1763.01","0","1051.62","1364.7862499999999","27450.37500000001","11285.583750000002","11428.634999999998","1337.7224999999999","0","924.03375","1190.805","25265.943750000006","0","0","0","0","0","0","0","0","0","0","0","0","0","0","0","0","0","0","0","0","0","11034.277500000002","11927.381249999999","1948.5900000000001","0","780.9825","1283.5949999999998","26267.30250000001","11289.449999999997","12101.362500000001","1732.08","0","1005.2250000000001","1368.6525","26796.978750000002","11188.9275","11424.768750000001","1384.1174999999998","0","954.96375","1113.48","25231.147499999992","0","0","0","0","0","0","0","0","0","0","0","0","0","0","0","0","0","0","0","0","0","11053.608750000005","11861.655000000004","1960.1887499999998","0","765.5174999999999","1329.99","26313.697499999995","11602.61625","12112.961250000002","1743.67875","0","985.89375","1395.71625","27117.8775","11173.462500000001","11389.9725","1364.7862499999999","0","954.96375","1179.20625","25408.994999999995","0","0","0","0","0","0","0","0","0","0","0","0","0","0","0","0","0","0","0","0","0","10883.49375","11981.508749999999","1925.3925","0","788.7149999999999","1244.9325","26530.207500000008","11533.023750000002","12128.42625","1755.2775","0","1005.2249999999999","1426.6462499999998","27361.45125000001","11351.310000000003","11668.342499999995","1357.05375","0","924.03375","1117.34625","26008.263750000006","0","0","0","0","0","0","0","0","0","0","0","0","0","0","0","0","0","0","0","0","0","11018.8125","11853.922500000002","1894.4625","0","788.7149999999999","1283.595","26437.417499999996","11359.042499999998","12232.815","1755.2775","0","1012.9575","1357.05375","26793.112500000014","11219.8575","11347.443750000002","1391.85","0","900.83625","1144.41","25308.4725","0","0","0","0","0","0","0","0","0","0","0","0","0","0","0","0","0","0","0","0","0","10868.02875","12020.171250000001","1913.79375","0","780.9825","1322.2575000000002","26503.143750000003","11560.087499999996","12259.878749999998","1732.0799999999997","0","1024.55625","1326.12375","27172.004999999997","11324.246249999998","11343.5775","1364.78625","0","943.365","1163.74125","25378.065000000002","0","0","0","0","0","0","0","0","0","0","0","0","0","0","0","0","0","0","0","0","0","11007.213749999999","12039.5025","1944.7237499999999","0","780.9825","1306.7925","26653.927499999998","11455.69875","12136.15875","1778.4750000000001","0","1009.09125","1399.5825","27025.087500000012","11440.233749999998","11768.865000000002","1372.51875","0","869.90625","1156.00875","25617.772500000017","0","0","0","0","0","0","0","0","0","0","0","0","0","0","0","0","0","0","0","0","0","11161.863749999999","12004.70625","1929.25875","0","788.7149999999999","1333.85625","26889.768750000003","11401.571249999999","12163.222500000002","1759.14375","0","997.4925","1407.315","27075.34875","11188.9275","11455.69875","1372.51875","0","900.8362500000001","1237.1999999999998","25262.077499999992","0","0","0","0","0","0","0","0","0","0","0","0","0","0","0","0","0","0","0","0","0","10960.818749999999","12244.413750000002","1913.7937499999998","0","788.7149999999999","1291.3275","26499.27749999999","11606.4825","12116.827499999996","1801.6725","0","1012.9575","1403.44875","27226.132499999996","11103.869999999999","11463.431249999998","1364.7862499999999","0","939.49875","1179.2062500000002","25323.937500000007","0","0","0","0","0","0","0","0","0","0","0","0","0","0","0","0","0","0","0","0","0","10922.15625","12136.15875","1909.9275","0","773.25","1291.3274999999999","26576.6025","11861.655000000006","12147.7575","1766.87625","0","1001.35875","1426.6462499999998","27465.840000000007","11463.43125","11536.89","1391.85","0","924.0337499999999","1140.54375","25644.836250000008","0","0","0","0","0","0","0","0","0","0","0","0","0","0","0","0","0","0","0","0","0","11069.073749999998","12043.368750000001","1936.99125","0","788.7149999999999","1268.1299999999999","26762.182500000006","11463.431249999996","12128.42625","1712.74875","0","1020.6899999999999","1345.455","27117.877499999995","11007.21375","11923.515000000001","1372.51875","0","912.4350000000001","1055.4862500000002","25683.49875","0","0","0","0","0","0","0","0","0","0","0","0","0","0","0","0","0","0","0","0","0","10968.55125","11838.457499999999","1944.72375","0","780.9825","1252.665","26348.49375","11397.705000000004","12429.99375","1712.74875","0","1005.2249999999999","1376.3850000000002","27172.005","11185.061249999995","11525.291249999998","1364.78625","0","939.49875","1113.48","25320.071250000008","0","0","0","0","0","0","0","0","0","0","0","0","0","0","0","0","0","0","0","0","0","10895.092500000004","11850.056250000001","1909.9274999999998","0","788.7149999999999","1329.99","26255.703750000004","11397.704999999998","12031.769999999997","1778.4750000000001","0","982.0274999999999","1384.1174999999998","27052.151250000003","11142.532499999998","11691.54","1391.85","0","935.6324999999999","1202.40375","25548.179999999993","0","0","0","0","0","0","0","0","0","0","0","0","0","0","0","0","0","0","0","0","0","10837.09875","11996.973749999997","1975.65375","0","780.9825","1306.7925","26460.61500000001","11447.966250000003","12360.401249999999","1751.4112499999997","0","1001.35875","1449.84375","27218.399999999998","11053.60875","11304.915000000003","1357.0537499999998","0","908.5687499999999","1090.2825","25200.2175","0","0","0","0","0","0","0","0","0","0","0","0","0","0","0","0","0","0","0","0","0","11042.009999999998","12120.69375","1909.9275","0","780.9825","1271.99625","26510.876250000005","11188.927499999998","12085.897500000001","1778.475","0","1009.0912500000001","1360.92","26754.45","11312.647500000003","11359.042499999998","1391.85","0","908.5687499999999","1136.6775","25497.918749999997","0","0","0","0","0","0","0","0","0","0","0","0","0","0","0","0","0","0","0","0","0","10968.55125","12020.17125","1909.9274999999998","0","780.9825","1275.8625","26630.73000000001","11316.513750000002","12074.298749999994","1763.01","0","1001.35875","1364.7862499999999","27249.33","11208.258749999999","11370.64125","1364.7862499999999","0","904.7025","1179.20625","25532.715000000015","0","0","0","0","0","0","0","0","0","0","0","0","0","0","0","0","0","0","0","0","0","10980.150000000001","11954.445000000002","1967.9212499999999","0","788.7149999999999","1299.06","26495.41125","11285.583749999996","12151.623749999999","1840.335","0","985.89375","1372.51875","26912.966250000012","11169.596249999997","11629.679999999998","1357.05375","0","920.1675","1194.6712499999999","25296.87375","0","0","0","0","0","0","0","0","0","0","0","0","0","0","0","0","0","0","0","0","0","10860.29625","12016.305","1913.7937499999998","0","780.9825","1260.3974999999998","26398.755000000005","11285.583750000002","12433.859999999999","1778.4750000000001","0","982.0275","1399.5825","27434.909999999985","11277.851249999998","11552.355000000003","1384.1175","0","947.2312499999999","1194.6712499999999","25764.68999999999","0","0","0","0","0","0","0","0","0","0","0","0","0","0","0","0","0","0","0","0","0","10906.691250000003","12120.693750000002","1921.5262499999997","0","773.25","1322.2575","26491.545000000002","11258.520000000002","12085.897500000001","1793.9399999999998","0","958.83","1418.9137500000002","26943.896249999994","11328.112499999997","11447.966250000001","1376.385","0","927.9","1113.48","25640.97","0","0","0","0","0","0","0","0","0","0","0","0","0","0","0","0","0","0","0","0","0","11007.21375","12054.9675","2010.4499999999998","0","780.9825","1299.0600000000002","26340.761250000014","11324.246249999998","11981.50875","1751.4112499999999","0","1012.9575","1422.7799999999997","26970.96000000001","11335.845","11575.552499999996","1391.85","0","924.03375","1206.27","25424.460000000006","0","0","0","0","0","0","0","0","0","0","0","0","0","0","0","0","0","0","0","0","0","10802.302499999998","12008.572500000002","1944.7237499999999","0","788.7149999999999","1271.99625","26333.02875","11424.76875","12159.356249999999","1763.01","0","1028.4225000000001","1395.71625","27245.46375","11258.520000000002","11304.914999999999","1364.7862499999999","0","920.1675","1202.40375","25521.116250000017","0","0","0","0","0","0","0","0","0","0","0","0","0","0","0","0","0","0","0","0","0","11038.14375","11803.661250000005","1952.4562500000002","0","780.9825","1299.06","26557.27125","11223.723750000001","12341.07","1759.14375","0","982.0274999999999","1326.12375","27338.25374999999","11212.125","11389.972500000002","1384.1175","0","908.56875","1090.2825","25192.485000000004","0","0","0","0","0","0","0","0","0","0","0","0","0","0","0","0","0","0","0","0","0","10922.15625","12066.566250000003","1929.25875","0","780.9825","1283.5949999999998","26479.946250000005","11455.69875","12275.343749999998","1793.94","0","997.4925000000001","1403.44875","26874.303750000006","11459.565000000002","11505.960000000001","1364.7862499999999","0","873.7725","1186.9387499999998","25950.270000000004","0","0","0","0","0","0","0","0","0","0","0","0","0","0","0","0","0","0","0","0","0","10837.09875","11950.578750000002","1917.6600000000003","0","780.9825","1306.7925","26213.175000000003","11513.692500000001","12112.961250000004","1743.67875","0","993.62625","1357.05375","27121.743749999994","11289.450000000004","11436.367499999997","1376.385","0","908.5687500000001","1221.735","25606.17375","0","0","0","0","0","0","0","0","0","0","0","0","0","0","0","0","0","0","0","0","0","11018.812500000004","12402.930000000004","1975.65375","0","780.9825","1306.7925","26526.341250000012","11401.57125","12027.90375","1824.8700000000001","0","1012.9575","1387.9837499999999","27048.284999999993","11103.869999999997","11436.367499999997","1376.385","0","927.9000000000001","1109.61375","25509.51749999999","0","0","0","0","0","0","0","0","0","0","0","0","0","0","0","0","0","0","0","0","0","11022.678749999997","12016.304999999998","1929.25875","0","788.7149999999999","1291.3274999999999","26510.876250000005","11687.67375","12120.693750000002","1793.94","0","1001.3587500000001","1461.4424999999999","27017.355000000007","11273.984999999995","11676.075000000003","1364.7862499999999","0","908.5687499999999","1121.2125","25351.001249999994","0","0","0","0","0","0","0","0","0","0","0","0","0","0","0","0","0","0","0","0","0","11053.608750000001","12217.349999999999","1967.9212499999999","0","780.9825","1244.9325000000001","26391.0225","11304.915000000003","12054.9675","1763.01","0","982.0274999999999","1418.91375","27079.215000000004","11165.729999999998","11533.023750000004","1349.3212500000002","0","931.7662500000001","1140.54375","25447.657499999998","0","0","0","0","0","0","0","0","0","0","0","0","0","0","0","0","0","0","0","0","0","10933.755000000001","11904.183750000006","1933.125","0","780.9825","1260.3974999999998","26429.684999999987","11301.048750000002","12368.133749999999","1790.0737500000002","0","1016.82375","1407.315","27550.897499999995","11173.4625","11838.457500000002","1376.3849999999998","0","966.5625","1144.4099999999999","25354.867500000004","0","0","0","0","0","0","0","0","0","0","0","0","0","0","0","0","0","0","0","0","0","10953.08625","11873.253750000003","1987.2525","0","780.9825","1279.72875","26557.271250000005","11533.023749999998","12078.165","1747.545","0","1028.4225","1438.245","27141.074999999997","11281.717500000002","11591.017499999998","1326.12375","0","920.1675","1117.34625","25617.7725","0","0","0","0","0","0","0","0","0","0","0","0","0","0","0","0","0","0","0","0","0","10887.36","12031.769999999999","1917.6600000000003","0","773.25","1314.525","26507.010000000002","11347.44375","12093.629999999997","1782.34125","0","1009.0912500000001","1399.5825","27264.795000000006","11262.386250000005","11536.89","1364.78625","0","900.8362500000001","1117.34625","25683.49875","0","0","0","0","0","0","0","0","0","0","0","0","0","0","0","0","0","0","0","0","0","11003.3475","12201.885000000002","1917.6600000000003","0","780.9825","1241.0662499999999","26665.526250000003","11243.054999999997","12170.955","1751.4112499999999","0","1016.82375","1384.1175000000003","27025.08749999999","11243.055","11602.616250000001","1384.1174999999998","0","943.365","1136.6775","25478.587500000005","0","0","0","0","0","0","0","0","0","0","0","0","0","0","0","0","0","0","0","0","0","11084.538750000002","12124.559999999998","1917.6599999999999","0","788.7149999999999","1244.9325","26688.723750000005","11687.673750000002","12306.273749999998","1732.0800000000002","0","997.4925000000001","1360.92","27802.20375","11092.27125","11293.31625","1391.85","0","908.56875","1256.53125","25424.460000000006","0","0","0","0","0","0","0","0","0","0","0","0","0","0","0","0","0","0","0","0","0","10953.08625","12174.821249999999","1913.7937499999998","0","788.7149999999999","1295.19375","26680.99124999999","11382.240000000002","12283.076249999998","1770.7424999999998","0","1009.0912500000001","1403.44875","27318.9225","11177.32875","11486.62875","1345.455","0","908.56875","1117.34625","25358.733749999996","0","0","0","0","0","0","0","0","0","0","0","0","0","0","0","0","0","0","0","0","0","11045.87625","11958.31125","1929.25875","0","780.9825","1291.3274999999999","26402.621250000004","11656.743749999998","12201.885000000002","1708.8825","0","1012.9575","1387.9837499999999","27280.26","11208.258749999999","11567.819999999998","1322.2575000000002","0","920.1675","1125.0787500000001","25323.937499999996","0","0","0","0","0","0","0","0","0","0","0","0","0","0","0","0","0","0","0","0","0","10945.35375","11908.050000000001","1929.25875","0","780.9825","1349.32125","26588.201249999995","11181.194999999998","12143.891249999999","1766.8762499999998","0","993.62625","1368.6525","26882.03624999999","11683.807500000003","11544.622499999996","1391.85","0","939.49875","1206.27","25977.333749999998","0","0","0","0","0","0","0","0","0","0","0","0","0","0","0","0","0","0","0","0","0","11103.87","11927.38125","1948.5900000000001","0","788.7149999999999","1299.06","26746.7175","11641.27875","12213.483749999998","1778.4749999999997","0","1009.09125","1438.245","27044.418749999997","11366.775","11556.22125","1372.51875","0","920.1675","1113.48","25872.944999999996","0","0","0","0","0","0","0","0","0","0","0","0","0","0","0","0","0","0","0","0","0","10933.755000000001","12341.069999999996","1917.6599999999999","0","788.7149999999999","1299.06","26735.118750000005","11227.59","12329.471250000002","1759.14375","0","1028.4225","1368.6525000000001","26634.596250000013","11103.869999999999","11583.285000000002","1372.51875","0","924.03375","1125.0787500000001","25648.7025","0","0","0","0","0","0","0","0","0","0","0","0","0","0","0","0","0","0","0","0","0","10960.818750000004","11919.64875","1948.59","0","788.7149999999999","1275.8625","26213.175","11714.737500000003","12221.216250000001","1774.6087499999999","0","1024.55625","1376.3849999999998","27349.852500000005","11393.838749999999","11556.221249999999","1364.78625","0","916.30125","1233.33375","25610.039999999986","0","0","0","0","0","0","0","0","0","0","0","0","0","0","0","0","0","0","0","0","0","11003.3475","12093.630000000001","1886.73","0","780.9825","1268.13","26526.341250000016","11304.915","12027.903749999998","1732.08","0","958.8299999999999","1422.7799999999997","26858.838750000006","11092.271250000002","11455.698750000001","1391.85","0","900.83625","1128.945","25235.013750000002","0","0","0","0","0","0","0","0","0","0","0","0","0","0","0","0","0","0","0","0","0","10871.894999999999","11884.8525","1929.25875","0","780.9825","1302.92625","26309.831250000003","11436.367500000002","12391.331249999996","1774.6087499999999","0","982.0274999999999","1372.51875","27168.13875","11169.596250000002","11629.679999999998","1384.1174999999998","0","908.5687499999999","1291.3274999999999","25474.721250000006","0","0","0","0","0","0","0","0","0","0","0","0","0","0","0","0","0","0","0","0","0","11130.93375","11803.66125","1944.7237499999999","0","780.9825","1329.99","26464.48125","11444.1","12240.547499999999","1801.6725","0","1005.225","1368.6525000000001","27098.54625","11134.800000000003","11641.278750000001","1337.7224999999999","0","900.8362500000001","1221.7350000000001","25567.511250000007","0","0","0","0","0","0","0","0","0","0","0","0","0","0","0","0","0","0","0","0","0","10910.557499999997","12008.572500000002","1925.3925","0","780.9825","1275.8625000000002","26657.793750000004","11459.564999999999","11993.1075","1778.475","0","1005.2250000000001","1426.6462500000002","27075.34875000001","11127.067500000001","11312.647500000001","1391.85","0","916.30125","1229.4675000000002","25579.11","0","0","0","0","0","0","0","0","0","0","0","0","0","0","0","0","0","0","0","0","0","11053.608750000001","11927.38125","1975.65375","0","788.7149999999999","1260.3975","26696.456249999985","11409.30375","12484.121249999998","1766.8762499999998","0","1016.82375","1422.78","27102.4125","11107.736249999998","11486.628750000002","1372.5187499999997","0","908.56875","1229.4675","25393.530000000006","0","0","0","0","0","0","0","0","0","0","0","0","0","0","0","0","0","0","0","0","0","10906.69125","11985.374999999998","1902.1950000000002","0","780.9825","1271.99625","26503.143750000003","11498.227499999997","12070.432500000004","1739.8124999999998","0","1016.82375","1430.5124999999998","27183.603750000002","11389.972500000003","11444.099999999997","1353.1875","0","927.9","1167.6075","25389.66375","0","0","0","0","0","0","0","0","0","0","0","0","0","0","0","0","0","0","0","0","0","10860.29625","11973.776250000003","1964.0549999999998","0","788.7149999999999","1295.1937500000001","26267.3025","11409.30375","12116.8275","1778.475","0","989.76","1391.85","27001.890000000003","11293.31625","11328.1125","1384.1174999999998","0","900.8362500000001","1128.9450000000002","25331.67","0","0","0","0","0","0","0","0","0","0","0","0","0","0","0","0","0","0","0","0","0","11003.3475","11869.387500000004","1921.52625","0","773.25","1260.3975","26363.958750000013","11389.972499999996","11942.84625","1763.01","0","1016.82375","1469.175","26974.826249999995","11200.526249999999","11641.27875","1376.385","0","893.10375","1136.6775","25726.027499999997","0","0","0","0","0","0","0","0","0","0","0","0","0","0","0","0","0","0","0","0","0","10984.01625","11838.457500000002","1948.5900000000001","0","788.7149999999999","1268.1299999999999","26410.353749999987","11366.775000000003","11915.782499999996","1786.2075","0","1009.09125","1442.11125","26924.564999999995","11146.398750000002","11459.565000000002","1376.385","0","908.5687499999999","1163.74125","25540.4475","0","0","0","0","0","0","0","0","0","0","0","0","0","0","0","0","0","0","0","0","0","11003.347500000002","12283.076249999998","1898.3287500000001","0","780.9825","1291.3275","26677.125000000004","11447.966250000001","12047.235","1766.87625","0","997.4925000000001","1415.0475000000001","26827.90875","11583.285","11788.196250000003","1364.7862499999999","0","947.23125","1214.0025","25374.198749999992","0","0","0","0","0","0","0","0","0","0","0","0","0","0","0","0","0","0","0","0","0","10937.621250000002","11892.585000000001","1921.52625","0","780.9825","1244.9325000000001","26429.685","11563.953750000002","12283.07625","1786.2075","0","1012.9575","1403.44875","26905.23375","11119.334999999997","11432.501250000003","1372.51875","0","920.1675","1098.0149999999999","25780.155000000002","0","0","0","0","0","0","0","0","0","0","0","0","0","0","0","0","0","0","0","0","0","11045.876249999998","12314.006250000002","1964.0550000000003","0","780.9825","1252.665","26588.201250000016","11467.2975","12136.158749999999","1793.94","0","989.76","1403.44875","27268.661249999994","11146.398750000002","11455.698750000003","1391.85","0","924.03375","1206.27","25443.79125000001","0","0","0","0","0","0","0","0","0","0","0","0","0","0","0","0","0","0","0","0","0","10999.481250000003","12078.164999999997","1894.4625","0","773.25","1252.665","26541.80625","11254.653750000001","11911.916249999997","1778.4749999999997","0","989.76","1434.3787499999999","26928.43125","10980.15","11548.488749999997","1364.7862499999999","0","889.2375000000001","1152.1425","25505.651250000006","0","0","0","0","0","0","0","0","0","0","0","0","0","0","0","0","0","0","0","0","0","10999.48125","11954.445","1944.7237499999999","0","780.9825","1314.5249999999999","26336.89499999999","11285.583750000002","12348.802499999998","1743.67875","0","1012.9575","1372.51875","27403.979999999996","11374.507500000002","11707.005","1391.85","0","920.1675","1144.41","25640.970000000005","0","0","0","0","0","0","0","0","0","0","0","0","0","0","0","0","0","0","0","0","0","11092.27125","12341.07","1909.9275000000002","0","788.7149999999999","1291.3274999999999","26708.054999999993","11270.118750000003","12062.699999999995","1728.21375","0","1001.35875","1418.9137500000002","27110.144999999997","11621.9475","11444.1","1384.1175","0","943.365","1078.6837500000001","25625.505","0","0","0","0","0","0","0","0","0","0","0","0","0","0","0","0","0","0","0","0","0","10968.55125","12201.884999999998","1936.9912499999998","0","780.9825","1252.665","26456.74875","11200.52625","11969.910000000002","1739.8125","0","997.4925","1387.9837499999999","26963.227500000005","11188.9275","11478.896249999996","1364.7862499999999","0","970.42875","1183.0724999999998","25528.84874999999","0","0","0","0","0","0","0","0","0","0","0","0","0","0","0","0","0","0","0","0","0","11092.27125","12321.73875","1964.0549999999998","0","780.9825","1376.385","26704.18874999999","11355.17625","12167.088749999997","1778.475","0","1051.62","1465.3087500000001","27110.145000000008","11231.456250000003","11436.367500000002","1384.1174999999998","0","896.97","1159.875","25412.86125","0","0","0","0","0","0","0","0","0","0","0","0","0","0","0","0","0","0","0","0","0","11115.468749999998","11981.508749999997","1944.72375","0","788.7149999999999","1252.665","26611.398749999993","11486.628750000003","12263.744999999999","1747.5449999999998","0","1005.2250000000001","1434.3787499999999","27280.259999999995","11119.335000000001","11463.43125","1357.05375","0","908.5687499999999","1198.5375000000001","25621.638750000006","0","0","0","0","0","0","0","0","0","0","0","0","0","0","0","0","0","0","0","0","0","10956.952500000001","11880.986249999998","1921.52625","0","780.9825","1295.19375","26541.806249999998","11428.635000000002","12275.343750000002","1770.7424999999998","0","1005.2249999999999","1380.2512499999998","27647.553750000003","11123.201250000002","11478.896249999998","1372.51875","0","920.1675","1214.0025","25153.82249999999","0","0","0","0","0","0","0","0","0","0","0","0","0","0","0","0","0","0","0","0","0","10968.55125","11935.113749999997","1948.5900000000001","0","788.7149999999999","1252.6650000000002","26437.417500000003","11277.851250000003","12024.037500000004","1763.01","0","1016.82375","1415.0475","26905.233749999996","11304.915000000005","11764.99875","1357.0537499999998","0","970.42875","1144.41","25698.963749999995","0","0","0","0","0","0","0","0","0","0","0","0","0","0","0","0","0","0","0","0","0","10910.557500000003","11799.794999999998","1936.9912499999998","0","780.9825","1306.7925","26333.02875000002","11084.538750000002","12236.68125","1739.8125","0","989.76","1384.1174999999998","26738.985","11297.1825","11525.291249999998","1384.1174999999998","0","908.5687500000001","1183.0725","25505.651249999995","0","0","0","0","0","0","0","0","0","0","0","0","0","0","0","0","0","0","0","0","0","10895.0925","12101.362500000001","1902.195","0","780.9825","1275.8625","26545.672500000015","11281.7175","12256.012499999997","1782.34125","0","1016.82375","1376.385","26870.437500000004","11289.45","11645.144999999995","1349.32125","0","931.76625","1202.40375","25640.97","0","0","0","0","0","0","0","0","0","0","0","0","0","0","0","0","0","0","0","0","0","10844.83125","12116.827500000001","1929.25875","0","780.9825","1268.1299999999999","26742.85125","11154.13125","12174.821249999999","1755.2775","0","1028.4225000000001","1453.71","27241.5975","10991.748750000002","11463.431250000003","1384.1174999999998","0","908.5687500000001","1156.00875","25486.320000000003","0","0","0","0","0","0","0","0","0","0","0","0","0","0","0","0","0","0","0","0","0","10956.952500000003","11788.19625","1913.7937499999998","0","780.9825","1306.7925","26286.63375","11417.036250000001","12348.802499999998","1801.6725","0","1009.09125","1434.3787499999999","27183.603750000002","11409.303750000003","11355.17625","1357.05375","0","896.9699999999999","1101.88125","25501.784999999996","0","0","0","0","0","0","0","0","0","0","0","0","0","0","0","0","0","0","0","0","0","11030.411249999997","12147.757499999996","1929.25875","0","780.9825","1291.3274999999999","26503.143750000007","11482.762499999995","12143.891250000004","1743.67875","0","978.1612500000001","1376.3850000000002","27056.01749999999","11045.87625","11803.66125","1372.51875","0","939.49875","1101.8812500000001","25521.116249999995","0","0","0","0","0","0","0","0","0","0","0","0","0","0","0","0","0","0","0","0","0","11096.137499999997","12066.566250000003","1933.125","0","788.7149999999999","1244.9325","26607.532499999998","11393.838750000003","12170.955000000002","1770.7425","0","1012.9575000000001","1360.92","27094.68000000002","11169.596250000004","11362.908749999999","1345.455","0","900.8362500000001","1082.55","25161.555000000004","0","0","0","0","0","0","0","0","0","0","0","0","0","0","0","0","0","0","0","0","0","10918.290000000003","12058.833750000002","1933.125","0","780.9825","1244.9325","26360.092500000002","11362.90875","12116.827500000001","1778.475","0","1005.2249999999999","1349.32125","27253.196250000005","11204.392500000002","11579.418749999997","1384.1174999999998","0","916.30125","1167.6075","25513.383749999994","0","0","0","0","0","0","0","0","0","0","0","0","0","0","0","0","0","0","0","0","0","11026.545","12136.158750000004","1909.9275","0","788.7149999999999","1241.06625","26727.386250000003","11366.775","12097.496249999995","1759.1437499999997","0","1016.82375","1341.58875","26990.291249999995","11498.227499999999","11552.355","1376.385","0","893.10375","1167.6075","25807.21875","0","0","0","0","0","0","0","0","0","0","0","0","0","0","0","0","0","0","0","0","0","10953.086249999997","12035.636250000003","1882.86375","0","780.9825","1256.53125","26398.755","11351.31","12263.745000000003","1790.0737499999998","0","1016.82375","1391.85","27063.75","11525.291249999997","11393.838749999997","1372.51875","0","881.5050000000001","1113.48","25509.5175","0","0","0","0","0","0","0","0","0","0","0","0","0","0","0","0","0","0","0","0","0","10829.366249999997","11977.6425","1913.79375","0","788.7149999999999","1275.8625","26418.086249999997","11335.845000000001","12163.222499999998","1751.4112499999999","0","1020.6899999999999","1353.1875","26692.589999999997","11235.322500000002","11262.386249999996","1391.85","0","920.1675","1125.07875","25246.612499999996","0","0","0","0","0","0","0","0","0","0","0","0","0","0","0","0","0","0","0","0","0","10999.481249999999","11931.247500000001","1929.25875","0","780.9825","1287.46125","26441.28375","11351.310000000001","12283.076250000002","1759.14375","0","1036.155","1384.1174999999998","27164.272500000003","11034.2775","11548.48875","1364.7862499999999","0","904.7025","1171.47375","25219.548749999998","0","0","0","0","0","0","0","0","0","0","0","0","0","0","0","0","0","0","0","0","0","10987.882500000002","11973.776250000003","1913.7937500000003","0","788.7149999999999","1279.72875","26568.870000000006","11428.634999999997","12317.872500000001","1739.8125","0","1009.0912500000001","1353.1875","27098.54625000001","11038.143750000001","11625.813749999998","1337.7225","0","893.10375","1225.6012500000002","25323.937500000015","0","0","0","0","0","0","0","0","0","0","0","0","0","0","0","0","0","0","0","0","0","10817.7675","12020.17125","1929.25875","0","788.7149999999999","1310.65875","26406.487499999996","11482.762499999999","12105.22875","1786.2075","0","989.76","1387.98375","27110.14499999999","11243.055000000002","11649.011250000003","1368.6525000000001","0","896.97","1132.81125","25683.49875","0","0","0","0","0","0","0","0","0","0","0","0","0","0","0","0","0","0","0","0","0","11150.265","11938.980000000003","1913.7937499999998","0","788.7149999999999","1275.8625","26503.143749999992","11571.686249999999","12244.41375","1793.9399999999998","0","1024.55625","1380.25125","26955.495000000006","11285.583750000002","11544.622500000001","1384.1175","0","947.23125","1198.5375","25347.135","0","0","0","0","0","0","0","0","0","0","0","0","0","0","0","0","0","0","0","0","0","10902.824999999997","11865.521250000002","1875.13125","0","780.9825","1248.7987500000002","26220.9075","11339.71125","12078.165000000003","1790.07375","0","985.89375","1442.11125","27013.48875","11246.921250000001","11877.120000000006","1391.85","0","904.7025000000001","1171.47375","25942.537499999995","0","0","0","0","0","0","0","0","0","0","0","0","0","0","0","0","0","0","0","0","0","11130.93375","11877.120000000003","1933.125","0","788.7149999999999","1268.13","26387.15625","11455.69875","12136.158750000002","1712.7487500000002","0","997.4925","1376.3849999999998","27245.463750000003","11436.367499999995","11614.215000000002","1391.85","0","900.8362500000001","1144.41","25466.988749999997","0","0","0","0","0","0","0","0","0","0","0","0","0","0","0","0","0","0","0","0","0","10868.028750000001","12024.0375","1952.4562499999997","0","780.9825","1252.665","26684.8575","11347.44375","12244.41375","1716.615","0","1005.2249999999999","1360.92","27040.552499999994","11192.793749999999","11444.1","1391.85","0","881.505","1109.61375","25470.854999999996","0","0","0","0","0","0","0","0","0","0","0","0","0","0","0","0","0","0","0","0","0"
"[mean]","10214.781201923079","10970.930480769232","1766.87625","0","713.7692307692306","1120.915096153846","24787.272259615384","10371.364326923078","11209.448365384615","1585.3112019230769","0","883.8842307692308","1188.723173076923","25238.731298076927","10312.329663461538","10503.709038461539","1236.6051923076923","0","772.5064903846153","919.4239903846151","23744.574375000004","0","0","0","0","0","0","0","0","0","0","0","0","0","0","0","0","0","0","0","0","0","10237.235192307691","11018.812500000002","1734.9053365384611","0","716.7432692307692","1138.9080288461537","24846.60432692308","10373.000048076925","11180.005384615386","1592.746298076923","0","867.8244230769232","1199.8758173076924","25213.45197115385","10310.247836538461","10511.441538461535","1240.0253365384617","0","777.1162499999999","940.8370673076926","23779.66802884615","0","0","0","0","0","0","0","0","0","0","0","0","0","0","0","0","0","0","0","0","0","10169.129711538462","11002.603990384618","1736.6897596153844","0","718.5276923076921","1137.7184134615384","24764.66956730769","10455.827019230772","11176.882644230769","1585.0137980769225","0","888.3452884615385","1185.749134615385","25291.81788461539","10270.395721153847","10592.03798076923","1212.9615865384617","0","779.9415865384616","927.8999999999997","23783.236875","0","0","0","0","0","0","0","0","0","0","0","0","0","0","0","0","0","0","0","0","0","10144.742596153847","10870.259278846157","1749.180721153846","0","722.0965384615384","1139.6515384615386","24625.930673076924","10367.646778846152","11119.335","1596.017740384615","0","882.2485096153848","1198.2400961538463","25163.488124999996","10220.283173076925","10513.969471153843","1246.716923076923","0","796.0013942307692","913.7733173076922","23690.744278846156","0","0","0","0","0","0","0","0","0","0","0","0","0","0","0","0","0","0","0","0","0","10155.15173076923","11000.670865384616","1748.1398076923074","0","719.1225","1138.7593269230767","24761.844230769235","10460.585480769234","11113.238221153846","1574.455961538461","0","893.4011538461538","1191.251105769231","25232.93192307692","10231.435817307693","10572.260624999999","1244.0402884615385","0","763.1382692307693","941.8779807692309","23752.75298076923","0","0","0","0","0","0","0","0","0","0","0","0","0","0","0","0","0","0","0","0","0","10231.435817307694","11000.522163461541","1750.2216346153848","0","717.338076923077","1139.502836538462","24839.02052884615","10523.48639423077","11314.878028846151","1592.0027884615386","0","884.6277403846154","1197.1991826923074","25512.19413461538","10340.434326923078","10534.341634615384","1239.5792307692304","0","792.8786538461538","930.7253365384616","23837.959182692306","0","0","0","0","0","0","0","0","0","0","0","0","0","0","0","0","0","0","0","0","0","10224.595528846152","11072.493894230769","1749.329423076923","0","718.2302884615383","1129.3911057692305","24894.040240384613","10377.461105769231","11202.459374999999","1574.4559615384617","0","892.9550480769232","1197.4965865384615","25244.828076923084","10293.295817307691","10495.233028846156","1240.1740384615382","0","774.7370192307693","950.6513942307696","23754.091298076924","0","0","0","0","0","0","0","0","0","0","0","0","0","0","0","0","0","0","0","0","0","10234.558557692311","10960.223942307694","1744.1248557692306","0","722.9887499999999","1135.0417788461539","24796.93788461538","10496.422644230768","11189.52230769231","1599.5865865384612","0","882.2485096153845","1172.0685576923076","25339.84860576924","10299.392596153846","10498.058365384615","1238.984423076923","0","774.885721153846","953.3280288461539","23764.649134615378","0","0","0","0","0","0","0","0","0","0","0","0","0","0","0","0","0","0","0","0","0","10187.568750000004","11007.213749999997","1765.6866346153843","0","720.0147115384613","1138.1645192307692","24818.648365384615","10452.852980769232","11155.766971153846","1604.6424519230766","0","891.616730769231","1192.440721153846","25297.31985576923","10259.391778846153","10552.037163461539","1256.3825480769228","0","774.8857211538462","999.4256250000001","23842.122836538456","0","0","0","0","0","0","0","0","0","0","0","0","0","0","0","0","0","0","0","0","0","10163.776442307691","11061.489951923082","1743.8274519230772","0","720.3121153846153","1157.4957692307694","24846.901730769234","10330.025192307696","11137.625336538465","1601.3710096153845","0","888.6426923076923","1195.2660576923076","25152.93028846154","10265.488557692308","10511.590240384616","1232.4415384615384","0","775.1831249999998","929.9818269230769","23714.68528846153","0","0","0","0","0","0","0","0","0","0","0","0","0","0","0","0","0","0","0","0","0","10113.515192307694","11045.727548076926","1758.995048076923","0","712.8770192307692","1137.2723076923075","24768.387115384612","10466.682259615383","11177.77485576923","1607.7651923076921","0","898.0109134615385","1194.9686538461538","25345.201875000002","10298.054278846153","10461.03158653846","1241.512355769231","0","768.1941346153847","936.9708173076926","23705.76317307692","0","0","0","0","0","0","0","0","0","0","0","0","0","0","0","0","0","0","0","0","0","10197.234375","11096.732307692308","1753.9391826923072","0","712.8770192307692","1121.9560096153843","24882.73889423077","10577.167788461542","11211.232788461535","1609.1035096153848","0","889.5349038461537","1198.388798076923","25485.42778846154","10319.021250000002","10553.821586538463","1242.701971153846","0","780.685096153846","947.5286538461543","23843.75855769231","0","0","0","0","0","0","0","0","0","0","0","0","0","0","0","0","0","0","0","0","0","10183.405096153847","11025.206682692311","1746.6527884615384","0","721.5017307692307","1141.4359615384617","24818.20225961539","10512.33375","11135.692211538459","1590.0696634615383","0","887.453076923077","1164.6334615384617","25290.18216346154","10330.471298076924","10447.351009615384","1245.8247115384613","0","760.6103365384616","942.1753846153848","23726.432740384615","0","0","0","0","0","0","0","0","0","0","0","0","0","0","0","0","0","0","0","0","0","10156.490048076921","10984.611057692307","1732.6748076923077","0","723.8809615384615","1125.6735576923077","24723.330432692313","10392.331298076924","11182.830721153841","1592.3001923076922","0","895.185576923077","1187.3848557692309","25250.03264423077","10291.957499999999","10464.005625","1243.4454807692305","0","793.7708653846154","904.1076923076924","23697.28716346154","0","0","0","0","0","0","0","0","0","0","0","0","0","0","0","0","0","0","0","0","0","10232.030625000001","11029.072932692306","1752.006057692308","0","717.3380769230766","1127.160576923077","24857.60826923076","10352.627884615385","11137.476634615385","1577.1325961538457","0","891.9141346153848","1166.1204807692307","25125.271730769233","10353.520096153843","10710.702115384616","1227.9804807692306","0","799.7189423076923","938.0117307692308","24029.93336538462","0","0","0","0","0","0","0","0","0","0","0","0","0","0","0","0","0","0","0","0","0","10106.377500000002","10942.231009615385","1759.1437499999995","0","714.6614423076921","1141.4359615384615","24663.849663461544","10421.030769230769","11069.668557692308","1581.2962499999999","0","892.3602403846155","1190.9537019230768","25155.309519230777","10224.000721153849","10550.252740384614","1243.148076923077","0","782.0234134615384","950.3539903846157","23749.77894230769","0","0","0","0","0","0","0","0","0","0","0","0","0","0","0","0","0","0","0","0","0","10177.754423076925","11080.969903846155","1759.5898557692308","0","720.6095192307693","1123.2943269230768","24862.218028846153","10343.408365384614","11218.221778846155","1595.7203365384614","0","889.2375000000001","1173.7042788461538","25220.292259615395","10361.847403846155","10426.532740384615","1229.9136057692306","0","807.6001442307692","940.8370673076922","23766.730961538466","0","0","0","0","0","0","0","0","0","0","0","0","0","0","0","0","0","0","0","0","0","10132.846442307691","11037.995048076922","1757.210625","0","725.0705769230769","1132.959951923077","24786.08264423077","10397.833269230769","11141.342884615386","1577.5787019230766","0","892.2115384615385","1213.2589903846156","25222.225384615387","10329.281682692306","10379.989038461537","1261.1410096153845","0","796.2987980769229","918.234375","23684.944903846146","0","0","0","0","0","0","0","0","0","0","0","0","0","0","0","0","0","0","0","0","0","10155.59783653846","10971.227884615386","1744.1248557692306","0","714.6614423076921","1143.6664903846154","24729.278509615382","10577.762596153842","11116.658365384617","1584.7163942307695","0","881.653701923077","1170.5815384615382","25331.372596153848","10348.91033653846","10529.880576923078","1233.185048076923","0","765.0713942307694","907.3791346153846","23784.426490384616","0","0","0","0","0","0","0","0","0","0","0","0","0","0","0","0","0","0","0","0","0","10205.264278846154","10990.261730769233","1742.6378365384617","0","713.7692307692306","1141.2872596153845","24793.220336538463","10446.904903846153","11068.925048076922","1602.7093269230768","0","880.6127884615387","1178.1653365384618","25177.31740384615","10324.671923076921","10444.079567307694","1226.7908653846157","0","802.9903846153848","919.870096153846","23718.40283653846","0","0","0","0","0","0","0","0","0","0","0","0","0","0","0","0","0","0","0","0","0","10158.423173076922","10946.84076923077","1739.961201923077","0","727.7472115384614","1151.6963942307693","24724.668749999997","10350.992163461537","11272.051875000001","1596.1664423076923","0","893.4011538461539","1198.5374999999997","25311.14913461538","10172.54985576923","10555.30860576923","1217.2739423076923","0","786.3357692307693","955.112451923077","23686.580625","0","0","0","0","0","0","0","0","0","0","0","0","0","0","0","0","0","0","0","0","0","10191.435","11054.20355769231","1732.2287019230769","0","719.4199038461537","1124.4839423076921","24821.771105769225","10524.527307692308","11215.991250000001","1580.1066346153846","0","890.1297115384617","1159.5775961538461","25370.3325","10353.668798076922","10477.09139423077","1246.865625","0","757.6362980769233","951.5436057692308","23786.805721153847","0","0","0","0","0","0","0","0","0","0","0","0","0","0","0","0","0","0","0","0","0","10158.125769230768","10979.852596153843","1743.3813461538462","0","720.3121153846153","1121.063798076923","24722.735625000005","10360.062980769231","11112.792115384618","1580.8501442307693","0","886.1147596153847","1190.8050000000003","25130.625000000004","10279.91264423077","10554.8625","1235.415576923077","0","764.9226923076924","948.8669711538462","23783.980384615388","0","0","0","0","0","0","0","0","0","0","0","0","0","0","0","0","0","0","0","0","0","10201.69543269231","11022.827451923074","1749.924230769231","0","720.9069230769231","1126.4170673076924","24821.771105769232","10501.478509615383","11250.490096153846","1578.6196153846154","0","897.8622115384613","1177.124423076923","25405.57485576923","10328.538173076926","10561.256682692303","1234.2259615384614","0","791.2429326923077","938.1604326923078","23853.42418269231","0","0","0","0","0","0","0","0","0","0","0","0","0","0","0","0","0","0","0","0","0","10087.789759615389","10939.256971153845","1742.6378365384612","0","722.3939423076922","1120.7663942307693","24612.84490384616","10493.0025","11164.689086538461","1594.0846153846155","0","883.289423076923","1193.7790384615384","25328.84466346154","10310.545240384614","10497.760961538463","1219.801875","0","754.3648557692309","930.4279326923079","23712.900865384618","0","0","0","0","0","0","0","0","0","0","0","0","0","0","0","0","0","0","0","0","0","10185.04081730769","11048.106778846155","1719.737740384615","0","719.7173076923077","1134.1495673076925","24806.75221153846","10466.830961538462","11122.457740384616","1580.9988461538462","0","902.7693750000001","1207.1622115384616","25280.219134615385","10318.575144230768","10453.447788461539","1214.2999038461537","0","783.6591346153847","928.0487019230773","23698.03067307692","0","0","0","0","0","0","0","0","0","0","0","0","0","0","0","0","0","0","0","0","0","10211.21235576923","11015.541057692308","1748.2885096153843","0","721.7991346153843","1138.0158173076923","24834.856874999998","10432.034711538461","11106.546634615383","1592.746298076923","0","880.1666826923077","1174.1503846153844","25185.644711538465","10358.12985576923","10449.284134615384","1226.7908653846157","0","798.9754326923079","938.6065384615383","23771.78682692308","0","0","0","0","0","0","0","0","0","0","0","0","0","0","0","0","0","0","0","0","0","10169.427115384617","11032.49307692308","1728.6598557692305","0","716.7432692307691","1137.1236057692308","24784.44692307693","10426.38403846154","11238.891346153845","1588.2852403846157","0","891.9141346153847","1226.1960576923075","25371.670817307684","10333.891442307695","10465.046538461536","1227.683076923077","0","777.5623557692307","914.3681250000001","23718.551538461532","0","0","0","0","0","0","0","0","0","0","0","0","0","0","0","0","0","0","0","0","0","10209.27923076923","11099.557644230768","1751.5599519230768","0","722.3939423076922","1135.4878846153845","24918.278653846155","10404.673557692307","11091.676442307695","1583.080673076923","0","893.2524519230768","1191.9946153846154","25164.67774038461","10339.244711538458","10485.864807692307","1227.8317788461536","0","773.9935096153845","946.4877403846151","23773.422548076916","0","0","0","0","0","0","0","0","0","0","0","0","0","0","0","0","0","0","0","0","0","10178.497932692308","10995.763701923079","1720.4812499999996","0","722.0965384615384","1146.9379326923079","24763.777355769234","10345.638894230768","11166.324807692306","1588.1365384615385","0","896.6725961538463","1200.9167307692308","25197.68956730769","10268.165192307692","10446.310096153846","1236.7538942307694","0","775.4805288461538","925.2233653846152","23651.933076923073","0","0","0","0","0","0","0","0","0","0","0","0","0","0","0","0","0","0","0","0","0","10145.04","11115.914855769233","1732.8235096153844","0","722.9887499999999","1134.0008653846157","24850.767980769233","10440.659423076924","11142.978605769233","1571.3332211538461","0","888.9400961538463","1175.7861057692307","25219.69745192308","10233.51764423077","10530.475384615384","1251.6240865384616","0","789.6072115384615","959.127403846154","23764.351730769227","0","0","0","0","0","0","0","0","0","0","0","0","0","0","0","0","0","0","0","0","0","10200.05971153846","11073.534807692304","1765.2405288461532","0","715.8510576923074","1128.6475961538463","24883.33370192308","10447.499711538461","11082.01081730769","1582.1884615384615","0","890.4271153846153","1160.4698076923078","25162.59591346154","10340.880432692305","10586.982115384617","1230.5084134615386","0","780.3876923076922","933.9967788461537","23872.755432692313","0","0","0","0","0","0","0","0","0","0","0","0","0","0","0","0","0","0","0","0","0","10217.60653846154","11026.693701923077","1732.2287019230766","0","721.2043269230768","1136.231394230769","24833.964663461542","10401.402115384615","11239.337451923078","1602.2632211538462","0","889.3862019230767","1175.9348076923077","25308.323798076926","10285.414615384614","10407.49889423077","1249.9883653846152","0","777.4136538461537","958.978701923077","23679.294230769232","0","0","0","0","0","0","0","0","0","0","0","0","0","0","0","0","0","0","0","0","0","10167.345288461538","11048.998990384616","1740.1099038461534","0","724.773173076923","1145.4509134615384","24826.678269230768","10415.380096153847","11147.142259615384","1584.5676923076921","0","896.0777884615384","1183.221201923077","25226.389038461533","10298.649086538462","10550.99625","1241.6610576923076","0","802.9903846153846","947.3799519230771","23841.676730769235","0","0","0","0","0","0","0","0","0","0","0","0","0","0","0","0","0","0","0","0","0","10163.776442307691","11076.954951923077","1738.3254807692306","0","722.6913461538461","1147.978846153846","24849.72706730769","10402.294326923078","11275.174615384614","1612.6723557692303","0","896.3751923076924","1205.0803846153847","25391.596875000003","10320.359567307694","10501.478509615386","1242.8506730769232","0","770.2759615384614","940.8370673076926","23775.801778846155","0","0","0","0","0","0","0","0","0","0","0","0","0","0","0","0","0","0","0","0","0","10121.693798076923","11061.638653846154","1751.5599519230768","0","728.3420192307692","1123.8891346153846","24787.12355769231","10378.799423076922","11116.509663461537","1591.4079807692303","0","883.1407211538462","1169.391923076923","25139.249711538465","10223.554615384612","10500.437596153846","1236.1590865384615","0","787.3766826923074","916.5986538461541","23664.126634615382","0","0","0","0","0","0","0","0","0","0","0","0","0","0","0","0","0","0","0","0","0","10184.29730769231","11030.113846153847","1723.455288461538","0","722.6913461538462","1142.9229807692307","24803.48076923077","10419.395048076924","11242.311490384618","1583.378076923077","0","887.006971153846","1184.2621153846155","25316.353701923083","10326.010240384612","10461.18028846154","1215.638221153846","0","791.8377403846155","942.7701923076924","23737.436682692303","0","0","0","0","0","0","0","0","0","0","0","0","0","0","0","0","0","0","0","0","0","10143.255576923078","11031.303461538462","1729.1059615384618","0","722.3939423076922","1157.793173076923","24783.852115384616","10462.964711538461","11145.95264423077","1600.478798076923","0","888.6426923076923","1196.0095673076924","25294.04841346154","10263.852836538463","10617.317307692309","1245.0812019230768","0","788.566298076923","954.0715384615385","23868.8891826923","0","0","0","0","0","0","0","0","0","0","0","0","0","0","0","0","0","0","0","0","0","10157.233557692309","10993.384471153844","1764.6457211538468","0","729.8290384615385","1142.476875","24787.569663461538","10527.352644230772","11168.406634615381","1569.1026923076922","0","900.3901442307694","1206.418701923077","25371.670817307702","10228.907884615386","10510.698028846151","1231.1032211538459","0","785.2948557692308","915.4090384615382","23671.413028846146","0","0","0","0","0","0","0","0","0","0","0","0","0","0","0","0","0","0","0","0","0","10179.53884615385","11129.298028846157","1752.8982692307688","0","720.906923076923","1146.3431249999999","24928.985192307693","10292.254903846155","11175.246923076924","1589.9209615384611","0","865.5938942307693","1178.6114423076924","25101.628125000007","10254.930721153847","10546.237788461538","1244.4863942307693","0","797.3397115384615","951.9897115384616","23794.984326923077","0","0","0","0","0","0","0","0","0","0","0","0","0","0","0","0","0","0","0","0","0","10173.293365384616","11005.429326923078","1753.939182692308","0","719.4199038461537","1133.2573557692306","24785.339134615395","10482.890769230768","11172.124182692305","1589.326153846154","0","889.0887980769231","1192.4407211538464","25325.870625000003","10269.057403846156","10438.577596153847","1240.0253365384613","0","767.0045192307691","944.5546153846154","23659.219471153843","0","0","0","0","0","0","0","0","0","0","0","0","0","0","0","0","0","0","0","0","0","10237.086490384616","11036.805432692308","1754.3852884615383","0","718.8250961538462","1138.1645192307692","24885.266826923078","10392.628701923075","11167.365721153843","1594.2333173076925","0","876.8952403846155","1194.2251442307693","25225.348125000004","10292.998413461539","10506.831778846154","1230.2110096153845","0","786.1870673076925","948.7182692307692","23764.946538461543","0","0","0","0","0","0","0","0","0","0","0","0","0","0","0","0","0","0","0","0","0","10213.14548076923","10995.466298076924","1736.2436538461536","0","718.5276923076924","1114.5209134615382","24777.904038461533","10395.156634615385","11218.073076923078","1612.6723557692308","0","883.1407211538461","1181.5854807692308","25290.628269230776","10350.992163461538","10632.633605769232","1237.051298076923","0","795.1091826923076","920.4649038461539","23936.25115384615","0","0","0","0","0","0","0","0","0","0","0","0","0","0","0","0","0","0","0","0","0","10194.40903846154","10996.358509615386","1764.9431250000005","0","717.3380769230769","1144.1125961538462","24817.161346153847","10441.254230769231","11108.628461538461","1608.8061057692307","0","877.6387500000001","1185.005625","25221.33317307692","10351.140865384614","10546.535192307692","1236.1590865384612","0","797.0423076923078","915.4090384615384","23846.286490384613","0","0","0","0","0","0","0","0","0","0","0","0","0","0","0","0","0","0","0","0","0","10153.069903846153","11022.381346153848","1749.7755288461535","0","722.691346153846","1130.7294230769232","24778.647548076933","10417.313221153849","11125.134375000001","1573.712451923077","0","901.4310576923077","1187.2361538461537","25204.827259615387","10375.230576923079","10442.889951923076","1227.980480769231","0","796.0013942307692","956.4507692307693","23798.55317307693","0","0","0","0","0","0","0","0","0","0","0","0","0","0","0","0","0","0","0","0","0","10163.776442307691","11047.958076923078","1744.8683653846156","0","726.2601923076921","1116.7514423076923","24799.614519230767","10424.153509615386","11131.528557692305","1572.9689423076923","0","885.0738461538463","1163.889951923077","25177.614807692305","10345.787596153845","10513.077259615384","1244.1889903846154","0","777.4136538461537","960.6144230769233","23841.081923076927","0","0","0","0","0","0","0","0","0","0","0","0","0","0","0","0","0","0","0","0","0","10167.345288461538","10923.048461538461","1736.8384615384618","0","721.7991346153844","1150.6554807692305","24699.68682692308","10496.273942307693","11140.004567307691","1589.7722596153847","0","875.2595192307695","1182.1802884615386","25283.490576923075","10270.841826923075","10459.247163461538","1240.1740384615384","0","774.2909134615385","912.5837019230769","23657.137644230763","0","0","0","0","0","0","0","0","0","0","0","0","0","0","0","0","0","0","0","0","0","10193.665528846152","11058.813317307691","1723.6039903846151","0","720.3121153846151","1147.2353365384613","24843.63028846154","10453.89389423077","11159.930625","1582.7832692307695","0","881.356298076923","1198.6862019230766","25276.65028846154","10357.981153846154","10432.183413461538","1247.7578365384616","0","757.3388942307691","936.2273076923077","23731.48860576923","0","0","0","0","0","0","0","0","0","0","0","0","0","0","0","0","0","0","0","0","0","10158.869278846156","11080.672500000004","1734.756634615384","0","721.5017307692306","1141.4359615384615","24837.236105769236","10480.51153846154","11210.63798076923","1580.8501442307693","0","884.9251442307693","1155.4139423076922","25312.33875","10292.403605769232","10529.731875","1251.6240865384614","0","792.7299519230771","975.0385096153846","23841.528028846154","0","0","0","0","0","0","0","0","0","0","0","0","0","0","0","0","0","0","0","0","0","10172.10375","11056.434086538464","1760.1846634615383","0","724.4757692307692","1142.179471153846","24855.377740384618","10352.77658653846","11172.272884615386","1592.0027884615388","0","883.2894230769232","1195.4147596153848","25195.75644230769","10354.263605769229","10522.148076923078","1236.4564903846153","0","805.2209134615385","934.1454807692305","23852.234567307692","0","0","0","0","0","0","0","0","0","0","0","0","0","0","0","0","0","0","0","0","0","10173.888173076924","11057.772403846155","1745.611875","0","732.2082692307692","1128.796298076923","24838.277019230765","10348.315528846155","11131.974663461537","1598.6943750000003","0","878.8283653846154","1212.2180769230768","25170.03100961538","10284.968509615383","10468.912788461541","1231.4006250000004","0","771.4655769230769","926.1155769230768","23682.863076923073","0","0","0","0","0","0","0","0","0","0","0","0","0","0","0","0","0","0","0","0","0","10190.840192307693","11069.371153846154","1737.135865384615","0","720.0147115384614","1124.930048076923","24842.29197115385","10504.60125","11186.399567307692","1597.8021634615382","0","884.4790384615385","1192.2920192307693","25365.574038461542","10360.657788461538","10484.675192307692","1244.635096153846","0","764.4765865384617","936.9708173076923","23791.415480769225","0","0","0","0","0","0","0","0","0","0","0","0","0","0","0","0","0","0","0","0","0","10207.197403846156","11076.954951923079","1746.2066826923078","0","723.8809615384615","1135.6365865384616","24889.876586538456","10452.704278846155","11192.942451923076","1597.9508653846149","0","889.2374999999998","1185.4517307692308","25318.286826923068","10279.615240384614","10551.44235576923","1230.211009615385","0","796.8936057692309","965.9676923076923","23824.129903846155","0","0","0","0","0","0","0","0","0","0","0","0","0","0","0","0","0","0","0","0","0","10177.605721153846","10997.102019230768","1747.098894230769","0","721.5017307692307","1147.830144230769","24791.138509615386","10427.573653846153","11080.375096153848","1593.4898076923075","0","888.1965865384615","1199.1323076923077","25188.767451923082","10247.941730769231","10529.583173076924","1217.2739423076923","0","777.413653846154","924.4798557692309","23696.692355769228","0","0","0","0","0","0","0","0","0","0","0","0","0","0","0","0","0","0","0","0","0","10192.624615384617","10971.971394230768","1738.6228846153842","0","717.040673076923","1153.4808173076924","24773.74038461539","10459.990673076923","11127.364903846154","1595.2742307692306","0","885.2225480769232","1209.2440384615384","25277.09639423077","10304.448461538464","10566.312548076925","1242.7019711538458","0","780.3876923076924","965.3728846153846","23859.22355769231","0","0","0","0","0","0","0","0","0","0","0","0","0","0","0","0","0","0","0","0","0","10186.379134615385","11071.899086538462","1745.909278846154","0","725.3679807692308","1126.565769230769","24856.12125","10452.555576923074","11217.329567307692","1586.9469230769232","0","897.2674038461536","1164.4847596153845","25318.584230769233","10272.923653846152","10621.332259615385","1221.2888942307688","0","788.4175961538463","913.9220192307694","23817.884423076925","0","0","0","0","0","0","0","0","0","0","0","0","0","0","0","0","0","0","0","0","0","10274.708076923076","11004.537115384617","1730.5929807692312","0","722.6913461538461","1129.391105769231","24861.920625000002","10529.880576923078","11143.127307692308","1572.9689423076923","0","872.1367788461538","1169.9867307692307","25288.100336538468","10314.560192307692","10494.48951923077","1249.9883653846152","0","792.8786538461537","941.2831730769232","23793.199903846144","0","0","0","0","0","0","0","0","0","0","0","0","0","0","0","0","0","0","0","0","0","10259.986586538464","11040.52298076923","1750.6677403846154","0","723.8809615384614","1124.6326442307693","24899.690913461538","10370.026009615385","11218.370480769234","1602.5606249999998","0","894.5907692307694","1178.6114423076926","25264.159326923083","10337.311586538463","10462.369903846153","1222.4785096153846","0","755.1083653846151","956.7481730769231","23734.01653846154","0","0","0","0","0","0","0","0","0","0","0","0","0","0","0","0","0","0","0","0","0","10163.92514423077","10989.220817307692","1743.6787499999996","0","713.7692307692306","1117.4949519230768","24728.088894230772","10546.237788461538","11151.008509615387","1583.2293750000001","0","894.1446634615386","1205.5264903846155","25380.146826923068","10333.742740384612","10528.096153846154","1196.1582692307693","0","787.5253846153846","964.1832692307692","23809.70581730769","0","0","0","0","0","0","0","0","0","0","0","0","0","0","0","0","0","0","0","0","0","10199.911009615385","11040.225576923076","1758.697644230769","0","722.0965384615386","1139.5028365384617","24860.433605769227","10417.313221153849","11125.431778846154","1577.281298076923","0","886.7095673076926","1157.941875","25164.677740384617","10414.933990384614","10567.948269230768","1241.9584615384615","0","770.1272596153847","954.9637500000001","23949.93173076923","0","0","0","0","0","0","0","0","0","0","0","0","0","0","0","0","0","0","0","0","0","10269.503509615384","10943.420625","1752.6008653846159","0","722.3939423076923","1137.8671153846155","24825.786057692305","10507.426586538459","11167.06831730769","1594.5307211538461","0","892.8063461538461","1214.5973076923076","25376.429278846153","10335.378461538461","10615.086778846155","1240.9175480769231","0","779.198076923077","908.5687499999999","23879.149615384616","0","0","0","0","0","0","0","0","0","0","0","0","0","0","0","0","0","0","0","0","0","10188.460961538462","11077.69846153846","1739.8125","0","728.0446153846152","1116.4540384615386","24850.47057692307","10424.004807692309","11205.433413461538","1585.9060096153848","0","880.4640865384615","1159.5775961538461","25255.38591346154","10280.804855769231","10577.316490384615","1224.1142307692307","0","773.5474038461541","939.796153846154","23795.579134615386","0","0","0","0","0","0","0","0","0","0","0","0","0","0","0","0","0","0","0","0","0","10193.368125","10950.260913461538","1743.3813461538462","0","723.5835576923075","1145.4509134615382","24756.044855769233","10459.544567307692","11225.508173076923","1604.3450480769231","0","892.3602403846152","1185.303028846154","25367.06105769231","10341.772644230768","10578.06","1236.1590865384615","0","778.9006730769232","935.7812019230771","23870.673605769225","0","0","0","0","0","0","0","0","0","0","0","0","0","0","0","0","0","0","0","0","0","10214.929903846154","11092.27125","1727.0241346153848","0","726.8549999999998","1137.123605769231","24898.203894230766","10397.387163461543","11119.186298076924","1573.712451923077","0","862.3224519230769","1194.968653846154","25147.57701923076","10266.232067307692","10425.640528846154","1237.348701923077","0","793.3247596153849","939.647451923077","23662.193509615383","0","0","0","0","0","0","0","0","0","0","0","0","0","0","0","0","0","0","0","0","0","10213.294182692309","10968.699951923076","1753.1956730769232","0","721.2043269230769","1145.1535096153846","24801.54764423077","10461.923798076925","11224.913365384613","1594.9768269230772","0","898.6057211538462","1185.3030288461537","25365.722740384615","10365.267548076921","10477.834903846155","1236.902596153846","0","772.2090865384616","955.5585576923074","23807.77269230769","0","0","0","0","0","0","0","0","0","0","0","0","0","0","0","0","0","0","0","0","0","10260.581394230772","10924.089375000001","1741.4482211538461","0","718.5276923076921","1154.8191346153849","24799.46581730769","10428.465865384616","11197.552211538461","1588.880048076923","0","885.0738461538463","1187.8309615384617","25287.802932692306","10340.583028846155","10542.668942307693","1231.8467307692306","0","780.2389903846155","943.513701923077","23838.851394230773","0","0","0","0","0","0","0","0","0","0","0","0","0","0","0","0","0","0","0","0","0","10156.490048076921","11001.414375000002","1758.6976442307694","0","722.6913461538461","1139.502836538462","24778.79625","10456.570528846154","11142.681201923077","1593.787211538461","0","880.4640865384615","1211.6232692307692","25285.126298076924","10254.633317307693","10565.866442307692","1231.4006249999998","0","786.3357692307692","929.5357211538459","23767.771875","0","0","0","0","0","0","0","0","0","0","0","0","0","0","0","0","0","0","0","0","0","10214.781201923075","11000.373461538464","1747.098894230769","0","722.98875","1123.443028846154","24808.68533653846","10439.321105769232","11273.241490384618","1575.050769230769","0","883.1407211538462","1196.3069711538462","25367.06105769231","10243.629375","10415.6775","1249.6909615384616","0","790.9455288461536","930.2792307692307","23630.222596153846","0","0","0","0","0","0","0","0","0","0","0","0","0","0","0","0","0","0","0","0","0","10164.222548076923","11049.89120192308","1734.4592307692305","0","721.7991346153847","1143.9638942307693","24814.336009615392","10469.953701923077","11198.147019230768","1597.504759615384","0","897.8622115384612","1188.871875","25352.33956730769","10211.509759615386","10624.00889423077","1248.5013461538463","0","772.8038942307692","930.8740384615384","23787.69793269231","0","0","0","0","0","0","0","0","0","0","0","0","0","0","0","0","0","0","0","0","0","10174.929086538461","10984.313653846155","1748.4372115384615","0","717.9328846153845","1131.7703365384618","24757.38317307692","10502.073317307691","11229.374423076923","1576.2403846153845","0","887.7504807692306","1191.1024038461537","25386.54100961539","10296.121153846154","10509.211009615385","1250.2857692307696","0","796.150096153846","934.4428846153846","23786.21091346154","0","0","0","0","0","0","0","0","0","0","0","0","0","0","0","0","0","0","0","0","0","10240.655336538466","10940.89269230769","1749.4781249999999","0","724.7731730769231","1107.531923076923","24763.331249999996","10425.937932692306","11143.870817307692","1579.214423076923","0","895.036875","1188.5744711538462","25232.63451923077","10258.499567307694","10502.370721153848","1222.3298076923077","0","777.1162500000002","932.5097596153847","23692.826105769225","0","0","0","0","0","0","0","0","0","0","0","0","0","0","0","0","0","0","0","0","0","10177.010913461538","10859.255336538463","1751.7086538461538","0","716.7432692307691","1134.8930769230767","24639.61125","10447.499711538461","11141.788990384612","1592.448894230769","0","893.2524519230769","1202.7011538461536","25277.69120192308","10246.603413461537","10469.210192307693","1238.984423076923","0","775.7779326923077","962.6962500000002","23693.272211538457","0","0","0","0","0","0","0","0","0","0","0","0","0","0","0","0","0","0","0","0","0","10210.468846153848","11044.984038461542","1749.3294230769227","0","726.5575961538462","1131.4729326923075","24862.812836538462","10429.060673076923","11159.484519230768","1592.3001923076922","0","883.1407211538461","1202.40375","25266.38985576923","10259.391778846155","10515.307788461536","1225.1551442307693","0","779.495480769231","976.6742307692307","23756.024423076924","0","0","0","0","0","0","0","0","0","0","0","0","0","0","0","0","0","0","0","0","0","10117.678846153847","10985.800673076923","1715.5740865384614","0","719.1225","1133.7034615384614","24671.879567307693","10418.502836538462","11063.869182692308","1602.1145192307692","0","884.032932692308","1202.8498557692308","25171.369326923075","10274.410673076924","10531.07019230769","1231.2519230769233","0","791.8377403846155","945.5955288461538","23774.16605769231","0","0","0","0","0","0","0","0","0","0","0","0","0","0","0","0","0","0","0","0","0","10150.393269230768","11061.489951923078","1734.1618269230764","0","717.9328846153845","1126.1196634615383","24790.097596153853","10525.122115384616","11132.272067307691","1603.155432692307","0","888.0478846153848","1201.5115384615385","25350.109038461538","10288.09125","10552.03716346154","1251.3266826923075","0","790.7968269230771","940.9857692307692","23823.237692307695","0","0","0","0","0","0","0","0","0","0","0","0","0","0","0","0","0","0","0","0","0","10227.420865384616","11006.470240384613","1735.3514423076922","0","718.8250961538462","1127.0118750000004","24815.07951923077","10433.521730769231","11134.056490384615","1584.1215865384618","0","885.37125","1181.7341826923077","25218.805240384616","10229.948798076926","10427.871057692308","1224.1142307692307","0","785.2948557692309","934.1454807692305","23601.374423076923","0","0","0","0","0","0","0","0","0","0","0","0","0","0","0","0","0","0","0","0","0","10184.446009615387","10961.41355769231","1751.559951923077","0","722.3939423076922","1122.2534134615382","24742.066874999997","10344.597980769231","11300.156538461539","1600.4787980769229","0","887.6017788461536","1205.3777884615386","25338.212884615383","10256.120336538463","10616.425096153844","1243.7428846153848","0","778.3058653846153","909.1635576923077","23803.75774038461","0","0","0","0","0","0","0","0","0","0","0","0","0","0","0","0","0","0","0","0","0","10186.230432692306","11102.382980769231","1721.6708653846154","0","718.2302884615383","1116.9001442307692","24845.414711538455","10439.915913461537","11093.609567307692","1579.065721153846","0","885.5199519230767","1214.299903846154","25212.411057692312","10306.232884615381","10486.013509615383","1249.0961538461536","0","785.8896634615384","913.7733173076922","23741.00552884615","0","0","0","0","0","0","0","0","0","0","0","0","0","0","0","0","0","0","0","0","0","10170.765432692308","11043.645721153847","1734.4592307692303","0","717.6354807692309","1126.4170673076922","24792.922932692305","10476.496586538464","11055.690576923078","1591.2592788461538","0","888.7913942307691","1197.793990384615","25210.03182692307","10267.124278846151","10492.70509615385","1248.0552403846152","0","777.264951923077","950.2052884615385","23735.354855769223","0","0","0","0","0","0","0","0","0","0","0","0","0","0","0","0","0","0","0","0","0","10202.141538461537","10928.55043269231","1748.2885096153846","0","720.6095192307691","1134.595673076923","24734.185673076918","10334.932355769231","11189.22490384615","1605.2372596153846","0","893.2524519230769","1193.035528846154","25215.682500000003","10300.13610576923","10455.678317307691","1235.7129807692306","0","781.7260096153843","951.692307692308","23724.945721153847","0","0","0","0","0","0","0","0","0","0","0","0","0","0","0","0","0","0","0","0","0","10271.73403846154","10997.102019230766","1750.6677403846154","0","715.5536538461537","1141.4359615384615","24876.493413461543","10399.171586538461","11254.951153846154","1599.8839903846151","0","895.7803846153845","1179.9497596153847","25329.736875000006","10320.50826923077","10502.519423076923","1240.9175480769231","0","778.9006730769231","973.2540865384615","23816.100000000002","0","0","0","0","0","0","0","0","0","0","0","0","0","0","0","0","0","0","0","0","0","10258.945673076922","10987.43639423077","1743.8274519230774","0","718.5276923076922","1117.7923557692307","24826.529567307698","10479.619326923075","11144.019519230771","1599.7352884615384","0","894.5907692307693","1159.5775961538461","25277.5425","10247.495625000001","10434.860048076924","1236.4564903846153","0","759.718125","932.5097596153845","23611.04004807692","0","0","0","0","0","0","0","0","0","0","0","0","0","0","0","0","0","0","0","0","0","10218.052644230771","11011.823509615384","1743.2326442307688","0","730.1264423076923","1115.5618269230772","24818.797067307692","10437.536682692307","11080.077692307694","1611.0366346153846","0","901.4310576923077","1215.4895192307692","25245.57158653847","10179.241442307692","10578.06","1235.2668749999998","0","793.1760576923078","928.7922115384616","23714.53658653846","0","0","0","0","0","0","0","0","0","0","0","0","0","0","0","0","0","0","0","0","0","10174.036875000002","11025.355384615388","1740.2586057692306","0","719.1225","1124.781346153846","24783.554711538465","10350.84346153846","11246.772548076922","1578.173509615385","0","889.8323076923075","1188.4257692307694","25254.047596153843","10299.69","10481.255048076924","1239.8766346153848","0","772.2090865384614","977.5664423076923","23770.597211538465","0","0","0","0","0","0","0","0","0","0","0","0","0","0","0","0","0","0","0","0","0","10150.690673076922","11073.237403846155","1733.2696153846152","0","720.6095192307694","1142.1794711538462","24819.986682692317","10424.004807692309","11227.292596153848","1601.6684134615384","0","891.319326923077","1186.9387499999998","25331.223894230774","10395.454038461537","10619.845240384613","1229.170096153846","0","773.9935096153846","985.5963461538463","24004.05923076923","0","0","0","0","0","0","0","0","0","0","0","0","0","0","0","0","0","0","0","0","0","10213.591586538463","10997.696826923077","1741.894326923077","0","717.3380769230766","1100.8403365384615","24771.36115384616","10341.475240384616","11195.767788461539","1587.2443269230769","0","897.2674038461539","1177.124423076923","25198.879182692304","10292.998413461539","10452.258173076923","1227.385673076923","0","780.6850961538463","943.513701923077","23696.841057692305","0","0","0","0","0","0","0","0","0","0","0","0","0","0","0","0","0","0","0","0","0","10178.646634615387","11032.344375000004","1754.6826923076917","0","721.7991346153843","1131.1755288461538","24818.648365384615","10501.329807692307","11209.002259615383","1610.2931250000001","0","890.8732211538463","1189.9127884615384","25401.411201923078","10250.32096153846","10585.495096153845","1230.8058173076925","0","771.4655769230769","922.9928365384616","23761.08028846154","0","0","0","0","0","0","0","0","0","0","0","0","0","0","0","0","0","0","0","0","0","10196.193461538463","11019.556009615384","1738.1767788461536","0","721.5017307692307","1148.5736538461538","24824.001634615382","10561.107980769231","11153.982548076923","1578.6196153846151","0","888.7913942307695","1196.4556730769232","25378.957211538458","10342.070048076925","10528.988365384614","1235.2668749999998","0","784.1052403846153","940.8370673076922","23831.26759615384","0","0","0","0","0","0","0","0","0","0","0","0","0","0","0","0","0","0","0","0","0","10147.419230769232","11005.87543269231","1745.1657692307692","0","719.1225","1139.2054326923078","24756.78836538462","10424.004807692305","11115.320048076923","1599.7352884615384","0","890.8732211538459","1201.5115384615385","25231.44490384615","10369.579903846154","10537.464374999998","1213.2589903846151","0","762.6921634615384","907.3791346153847","23790.374567307692","0","0","0","0","0","0","0","0","0","0","0","0","0","0","0","0","0","0","0","0","0","10197.085673076923","10974.499326923076","1745.6118749999998","0","717.0406730769229","1108.5728365384614","24742.810384615383","10561.554086538461","11225.359471153846","1574.4559615384615","0","895.036875","1207.1622115384612","25463.568605769226","10277.08730769231","10576.870384615384","1220.8427884615385","0","768.3428365384617","903.3641826923078","23746.507500000003","0","0","0","0","0","0","0","0","0","0","0","0","0","0","0","0","0","0","0","0","0","10217.60653846154","11059.854230769233","1735.0540384615383","0","719.1225","1123.7404326923076","24855.37774038461","10495.827836538463","11183.574230769225","1587.0956250000006","0","883.8842307692308","1186.790048076923","25337.17197115385","10321.103076923078","10521.404567307694","1246.1221153846152","0","762.6921634615384","932.3610576923074","23783.68298076923","0","0","0","0","0","0","0","0","0","0","0","0","0","0","0","0","0","0","0","0","0","10142.363365384615","11020.15081730769","1736.9871634615383","0","718.2302884615383","1135.4878846153845","24753.21951923077","10415.528798076923","11276.06682692308","1593.7872115384619","0","896.821298076923","1194.2251442307693","25376.429278846157","10355.601923076923","10513.225961538461","1214.0025","0","758.9746153846153","922.2493269230769","23764.05432692308","0","0","0","0","0","0","0","0","0","0","0","0","0","0","0","0","0","0","0","0","0","10143.701682692306","11084.092644230766","1747.9911057692302","0","722.0965384615384","1120.4689903846154","24818.350961538465","10387.72153846154","11220.006201923075","1598.0995673076925","0","890.1297115384613","1171.0276442307693","25266.984663461542","10358.575961538461","10526.163028846153","1242.9993749999999","0","762.097355769231","934.7402884615384","23824.576009615383","0","0","0","0","0","0","0","0","0","0","0","0","0","0","0","0","0","0","0","0","0","10192.922019230771","11011.972211538461","1751.2625480769234","0","724.7731730769231","1137.5697115384617","24818.49966346153","10489.433653846152","11208.853557692306","1587.690432692308","0","899.4979326923076","1191.2511057692304","25376.726682692315","10247.198221153845","10504.006442307695","1228.4265865384614","0","766.2610096153846","934.8889903846156","23680.781249999993","0","0","0","0","0","0","0","0","0","0","0","0","0","0","0","0","0","0","0","0","0","10190.096682692309","11005.578028846156","1753.6417788461536","0","720.906923076923","1131.4729326923075","24801.696346153854","10390.695576923077","11182.087211538463","1587.0956250000002","0","880.1666826923077","1184.5595192307694","25224.60461538462","10249.131346153848","10503.411634615386","1217.1252403846152","0","768.1941346153847","918.2343750000001","23656.096730769226","0","0","0","0","0","0","0","0","0","0","0","0","0","0","0","0","0","0","0","0","0","10162.140721153844","11045.43014423077","1746.5040865384615","0","724.7731730769231","1158.3879807692304","24837.236105769232","10472.035528846152","11202.756778846155","1584.418990384615","0","889.386201923077","1170.4328365384615","25319.03033653846","10287.942548076924","10547.130000000001","1228.7239903846153","0","765.6662019230771","937.1195192307694","23766.582259615378","0","0","0","0","0","0","0","0","0","0","0","0","0","0","0","0","0","0","0","0","0","10178.646634615387","11092.866057692308","1747.098894230769","0","720.6095192307691","1125.0787499999997","24864.29985576923","10400.807307692306","11181.641105769233","1600.924903846154","0","882.3972115384615","1184.708221153846","25250.478750000002","10215.67341346154","10571.81451923077","1240.6201442307693","0","782.9156250000001","944.1085096153846","23755.13221153846","0","0","0","0","0","0","0","0","0","0","0","0","0","0","0","0","0","0","0","0","0","10171.657644230769","11019.258605769232","1730.7416826923077","0","720.6095192307691","1109.6137500000002","24751.881201923075","10467.128365384619","11192.050240384615","1586.2034134615387","0","883.4381249999999","1191.5485096153848","25320.36865384615","10255.079423076922","10531.962403846155","1229.170096153846","0","775.9266346153844","953.1793269230768","23745.317884615386","0","0","0","0","0","0","0","0","0","0","0","0","0","0","0","0","0","0","0","0","0","10133.589951923077","10958.736923076924","1743.3813461538462","0","718.8250961538462","1129.2424038461536","24683.77572115385","10389.208557692307","11161.715048076925","1584.5676923076921","0","893.8472596153848","1191.2511057692307","25220.589663461546","10334.634951923079","10556.052115384618","1235.8616826923076","0","791.5403365384616","932.8071634615383","23850.896249999994","0","0","0","0","0","0","0","0","0","0","0","0","0","0","0","0","0","0","0","0","0","10200.505817307694","11079.63158653846","1763.1587019230767","0","725.3679807692308","1120.4689903846154","24889.13307692308","10417.461923076924","11219.41139423077","1567.3182692307694","0","882.6946153846153","1195.4147596153846","25282.300961538465","10404.822259615383","10563.189807692306","1229.170096153846","0","775.480528846154","908.866153846154","23881.528846153848","0","0","0","0","0","0","0","0","0","0","0","0","0","0","0","0","0","0","0","0","0"
"[steps]","25","25","25","25","25","25","25","25","25","25","25","25","25","25","25","25","25","25","25","25","25","25","25","25","25","25","25","25","25","25","25","25","25","25","25","25","25","25","25","25","25","25","25","25","25","25","25","25","25","25","25","25","25","25","25","25","25","25","25","25","25","25","25","25","25","25","25","25","25","25","25","25","25","25","25","25","25","25","25","25","25","25","25","25","25","25","25","25","25","25","25","25","25","25","25","25","25","25","25","25","25","25","25","25","25","25","25","25","25","25","25","25","25","25","25","25","25","25","25","25","25","25","25","25","25","25","25","25","25","25","25","25","25","25","25","25","25","25","25","25","25","25","25","25","25","25","25","25","25","25","25","25","25","25","25","25","25","25","25","25","25","25","25","25","25","25","25","25","25","25","25","25","25","25","25","25","25","25","25","25","25","25","25","25","25","25","25","25","25","25","25","25","25","25","25","25","25","25","25","25","25","25","25","25","25","25","25","25","25","25","25","25","25","25","25","25","25","25","25","25","25","25","25","25","25","25","25","25","25","25","25","25","25","25","25","25","25","25","25","25","25","25","25","25","25","25","25","25","25","25","25","25","25","25","25","25","25","25","25","25","25","25","25","25","25","25","25","25","25","25","25","25","25","25","25","25","25","25","25","25","25","25","25","25","25","25","25","25","25","25","25","25","25","25","25","25","25","25","25","25","25","25","25","25","25","25","25","25","25","25","25","25","25","25","25","25","25","25","25","25","25","25","25","25","25","25","25","25","25","25","25","25","25","25","25","25","25","25","25","25","25","25","25","25","25","25","25","25","25","25","25","25","25","25","25","25","25","25","25","25","25","25","25","25","25","25","25","25","25","25","25","25","25","25","25","25","25","25","25","25","25","25","25","25","25","25","25","25","25","25","25","25","25","25","25","25","25","25","25","25","25","25","25","25","25","25","25","25","25","25","25","25","25","25","25","25","25","25","25","25","25","25","25","25","25","25","25","25","25","25","25","25","25","25","25","25","25","25","25","25","25","25","25","25","25","25","25","25","25","25","25","25","25","25","25","25","25","25","25","25","25","25","25","25","25","25","25","25","25","25","25","25","25","25","25","25","25","25","25","25","25","25","25","25","25","25","25","25","25","25","25","25","25","25","25","25","25","25","25","25","25","25","25","25","25","25","25","25","25","25","25","25","25","25","25","25","25","25","25","25","25","25","25","25","25","25","25","25","25","25","25","25","25","25","25","25","25","25","25","25","25","25","25","25","25","25","25","25","25","25","25","25","25","25","25","25","25","25","25","25","25","25","25","25","25","25","25","25","25","25","25","25","25","25","25","25","25","25","25","25","25","25","25","25","25","25","25","25","25","25","25","25","25","25","25","25","25","25","25","25","25","25","25","25","25","25","25","25","25","25","25","25","25","25","25","25","25","25","25","25","25","25","25","25","25","25","25","25","25","25","25","25","25","25","25","25","25","25","25","25","25","25","25","25","25","25","25","25","25","25","25","25","25","25","25","25","25","25","25","25","25","25","25","25","25","25","25","25","25","25","25","25","25","25","25","25","25","25","25","25","25","25","25","25","25","25","25","25","25","25","25","25","25","25","25","25","25","25","25","25","25","25","25","25","25","25","25","25","25","25","25","25","25","25","25","25","25","25","25","25","25","25","25","25","25","25","25","25","25","25","25","25","25","25","25","25","25","25","25","25","25","25","25","25","25","25","25","25","25","25","25","25","25","25","25","25","25","25","25","25","25","25","25","25","25","25","25","25","25","25","25","25","25","25","25","25","25","25","25","25","25","25","25","25","25","25","25","25","25","25","25","25","25","25","25","25","25","25","25","25","25","25","25","25","25","25","25","25","25","25","25","25","25","25","25","25","25","25","25","25","25","25","25","25","25","25","25","25","25","25","25","25","25","25","25","25","25","25","25","25","25","25","25","25","25","25","25","25","25","25","25","25","25","25","25","25","25","25","25","25","25","25","25","25","25","25","25","25","25","25","25","25","25","25","25","25","25","25","25","25","25","25","25","25","25","25","25","25","25","25","25","25","25","25","25","25","25","25","25","25","25","25","25","25","25","25","25","25","25","25","25","25","25","25","25","25","25","25","25","25","25","25","25","25","25","25","25","25","25","25","25","25","25","25","25","25","25","25","25","25","25","25","25","25","25","25","25","25","25","25","25","25","25","25","25","25","25","25","25","25","25","25","25","25","25","25","25","25","25","25","25","25","25","25","25","25","25","25","25","25","25","25","25","25","25","25","25","25","25","25","25","25","25","25","25","25","25","25","25","25","25","25","25","25","25","25","25","25","25","25","25","25","25","25","25","25","25","25","25","25","25","25","25","25","25","25","25","25","25","25","25","25","25","25","25","25","25","25","25","25","25","25","25","25","25","25","25","25","25","25","25","25","25","25","25","25","25","25","25","25","25","25","25","25","25","25","25","25","25","25","25","25","25","25","25","25","25","25","25","25","25","25","25","25","25","25","25","25","25","25","25","25","25","25","25","25","25","25","25","25","25","25","25","25","25","25","25","25","25","25","25","25","25","25","25","25","25","25","25","25","25","25","25","25","25","25","25","25","25","25","25","25","25","25","25","25","25","25","25","25","25","25","25","25","25","25","25","25","25","25","25","25","25","25","25","25","25","25","25","25","25","25","25","25","25","25","25","25","25","25","25","25","25","25","25","25","25","25","25","25","25","25","25","25","25","25","25","25","25","25","25","25","25","25","25","25","25","25","25","25","25","25","25","25","25","25","25","25","25","25","25","25","25","25","25","25","25","25","25","25","25","25","25","25","25","25","25","25","25","25","25","25","25","25","25","25","25","25","25","25","25","25","25","25","25","25","25","25","25","25","25","25","25","25","25","25","25","25","25","25","25","25","25","25","25","25","25","25","25","25","25","25","25","25","25","25","25","25","25","25","25","25","25","25","25","25","25","25","25","25","25","25","25","25","25","25","25","25","25","25","25","25","25","25","25","25","25","25","25","25","25","25","25","25","25","25","25","25","25","25","25","25","25","25","25","25","25","25","25","25","25","25","25","25","25","25","25","25","25","25","25","25","25","25","25","25","25","25","25","25","25","25","25","25","25","25","25","25","25","25","25","25","25","25","25","25","25","25","25","25","25","25","25","25","25","25","25","25","25","25","25","25","25","25","25","25","25","25","25","25","25","25","25","25","25","25","25","25","25","25","25","25","25","25","25","25","25","25","25","25","25","25","25","25","25","25","25","25","25","25","25","25","25","25","25","25","25","25","25","25","25","25","25","25","25","25","25","25","25","25","25","25","25","25","25","25","25","25","25","25","25","25","25","25","25","25","25","25","25","25","25","25","25","25","25","25","25","25","25","25","25","25","25","25","25","25","25","25","25","25","25","25","25","25","25","25","25","25","25","25","25","25","25","25","25","25","25","25","25","25","25","25","25","25","25","25","25","25","25","25","25","25","25","25","25","25","25","25","25","25","25","25","25","25","25","25","25","25","25","25","25","25","25","25","25","25","25","25","25","25","25","25","25","25","25","25","25","25","25","25","25","25","25","25","25","25","25","25","25","25","25","25","25","25","25","25","25","25","25","25","25","25","25","25","25","25","25","25","25","25","25","25","25","25","25","25","25","25","25","25","25","25","25","25","25","25","25","25","25","25","25","25","25","25","25","25","25","25","25","25","25","25","25","25","25","25","25","25","25","25","25","25","25","25","25","25","25","25","25","25","25","25","25","25","25","25","25","25","25","25","25","25","25","25","25","25","25","25","25","25","25","25","25","25","25","25","25","25","25","25","25","25","25","25","25","25","25","25","25","25","25","25","25","25","25","25","25","25","25","25","25","25","25","25","25","25","25","25","25","25","25","25","25","25","25","25","25","25","25","25","25","25","25","25","25","25","25","25","25","25","25","25","25","25","25","25","25","25","25","25","25","25","25","25","25","25","25","25","25","25","25","25","25","25","25","25","25","25","25","25","25","25","25","25","25","25","25","25","25","25","25","25","25","25","25","25","25","25","25","25","25","25","25","25","25","25","25","25","25","25","25","25","25","25","25","25","25","25","25","25","25","25","25","25","25","25","25","25","25","25","25","25","25","25","25","25","25","25","25","25","25","25","25","25","25","25","25","25","25","25","25","25","25","25","25","25","25","25","25","25","25","25","25","25","25","25","25","25","25","25","25","25","25","25","25","25","25","25","25","25","25","25","25","25","25","25","25","25","25","25","25","25","25","25","25","25","25","25","25","25","25","25","25","25","25","25","25","25","25","25","25","25","25","25","25","25","25","25","25","25","25","25","25","25","25","25","25","25","25","25","25","25","25","25","25","25","25","25","25","25","25","25","25","25","25","25","25","25","25","25","25","25","25","25","25","25","25","25","25","25","25","25","25","25","25","25","25","25","25","25","25","25","25","25","25","25","25","25","25","25","25","25","25","25","25","25","25","25","25","25","25","25","25","25","25","25","25","25","25","25","25","25","25","25","25","25","25","25","25","25","25","25","25","25","25","25","25","25","25","25","25","25","25","25","25","25","25","25","25","25","25","25","25","25","25","25","25","25","25","25","25","25","25","25","25","25","25","25","25","25","25","25","25","25","25","25","25","25","25","25","25","25","25","25","25","25","25","25","25","25","25","25","25","25","25","25","25","25","25","25","25","25","25","25","25","25","25","25","25","25","25","25","25","25","25","25","25","25","25","25","25","25","25","25","25","25","25","25","25","25","25","25","25","25","25","25","25","25","25","25","25","25","25","25","25","25","25","25","25","25","25","25","25","25","25","25","25","25","25","25","25","25","25","25","25","25","25","25","25","25","25","25","25","25","25","25","25","25","25","25","25","25","25","25","25","25","25","25","25","25","25","25","25","25","25","25","25","25","25","25","25","25","25","25","25","25","25","25","25","25","25","25","25","25","25","25","25","25","25","25","25","25","25","25","25","25","25","25","25","25","25","25","25","25","25","25","25","25","25","25","25","25","25","25","25","25","25","25","25","25","25","25","25","25","25","25","25","25","25","25","25","25","25","25","25","25","25","25","25","25","25","25","25","25","25","25","25","25","25","25","25","25","25","25","25","25","25","25","25","25","25","25","25","25","25","25","25","25","25","25","25","25","25","25","25","25","25","25","25","25","25","25","25","25","25","25","25","25","25","25","25","25","25","25","25","25","25","25","25","25","25","25","25","25","25","25","25","25","25","25","25","25","25","25","25","25","25","25","25","25","25","25","25","25","25","25","25","25","25","25","25","25","25","25","25","25","25","25","25","25","25","25","25","25","25","25","25","25","25","25","25","25","25","25","25","25","25","25","25","25","25","25","25","25","25","25","25","25","25","25","25","25","25","25","25","25","25","25","25","25","25","25","25","25","25","25","25","25","25","25","25","25","25","25","25","25","25","25","25","25","25","25","25","25","25","25","25","25","25","25","25","25","25","25","25","25","25","25","25","25","25","25","25","25","25","25","25","25","25","25","25","25","25","25","25","25","25","25","25","25","25","25","25","25","25","25","25","25","25","25","25","25","25","25","25","25","25","25","25","25","25","25","25","25","25","25","25","25","25","25","25","25","25","25","25","25","25","25","25","25","25","25","25","25","25","25","25","25","25","25","25","25","25","25","25","25","25","25","25","25","25","25","25","25","25","25","25","25","25","25","25","25","25","25","25","25","25","25","25","25","25","25","25","25","25","25","25","25","25","25","25","25","25","25","25","25","25","25","25","25","25","25","25","25","25","25","25","25","25","25","25","25","25","25","25","25","25","25","25","25","25","25","25","25","25","25","25","25","25","25","25","25","25","25","25","25","25","25","25","25","25","25","25","25","25","25","25","25","25","25","25","25","25","25","25","25","25","25","25","25","25","25","25","25","25","25","25","25","25","25","25","25","25","25","25","25","25","25","25","25","25","25","25","25","25","25","25","25","25","25","25","25","25","25","25","25","25","25","25","25","25","25","25","25","25","25","25","25","25","25","25","25","25","25","25","25","25","25","25","25","25","25","25","25","25","25","25","25","25","25","25","25","25","25","25","25","25","25","25","25","25","25","25","25","25","25","25","25","25","25","25","25","25","25","25","25","25","25","25","25","25","25","25","25","25","25","25","25","25","25","25","25","25","25","25","25","25","25","25","25","25","25","25","25","25","25","25","25","25","25","25","25","25","25","25","25","25","25","25","25","25","25","25","25","25","25","25","25","25","25","25","25","25","25","25","25","25","25","25","25","25","25","25","25","25","25","25","25","25","25","25","25","25","25","25","25","25","25","25","25","25","25","25","25","25","25","25","25","25","25","25","25","25","25","25","25","25","25","25","25","25","25","25","25","25","25","25","25","25","25","25","25","25","25","25","25","25","25","25","25","25","25","25","25","25","25","25","25","25","25","25","25","25","25","25","25","25","25","25","25","25","25","25","25","25","25","25","25","25","25","25","25","25","25","25","25","25","25","25","25","25","25","25","25","25","25","25","25","25","25","25","25","25","25","25","25","25","25","25","25","25","25","25","25","25","25","25","25","25","25","25","25","25","25","25","25","25","25","25","25","25","25","25","25","25","25","25","25","25","25","25","25","25","25","25","25","25","25","25","25","25","25","25","25","25","25","25","25","25","25","25","25","25","25","25","25","25","25","25","25","25","25","25","25","25","25","25","25","25","25","25","25","25","25","25","25","25","25","25","25","25","25","25","25","25","25","25","25","25","25","25","25","25","25","25","25","25","25","25","25","25","25","25","25","25","25","25","25","25","25","25","25","25","25","25","25","25","25","25","25","25","25","25","25","25","25","25","25","25","25","25","25","25","25","25","25","25","25","25","25","25","25","25","25","25","25","25","25","25","25","25","25","25","25","25","25","25","25","25","25","25","25","25","25","25","25","25","25","25","25","25","25","25","25","25","25","25","25","25","25","25","25","25","25","25","25","25","25","25","25","25","25","25","25","25","25","25","25","25","25","25","25","25","25","25","25","25","25","25","25","25","25","25","25","25","25","25","25","25","25","25","25","25","25","25","25","25","25","25","25","25","25","25","25","25","25","25","25","25","25","25","25","25","25","25","25","25","25","25","25","25","25","25","25","25","25","25","25","25","25","25","25","25","25","25","25","25","25","25","25","25","25","25","25","25","25","25","25","25","25","25","25","25","25","25","25","25","25","25","25","25","25","25","25","25","25","25","25","25","25","25","25","25","25","25","25","25","25","25","25","25","25","25","25","25","25","25","25","25","25","25","25","25","25","25","25","25","25","25","25","25","25","25","25","25","25","25","25","25","25","25","25","25","25","25","25","25","25","25","25","25","25","25","25","25","25","25","25","25","25","25","25","25","25","25","25","25","25","25","25","25","25","25","25","25","25","25","25","25","25","25","25","25","25","25","25","25","25","25","25","25","25","25","25","25","25","25","25","25","25","25","25","25","25","25","25","25","25","25","25","25","25","25","25","25","25","25","25","25","25","25","25","25","25","25","25","25","25","25","25","25","25","25","25","25","25","25","25","25","25","25","25","25","25","25","25","25","25","25","25","25","25","25","25","25","25","25","25","25","25","25","25","25","25","25","25","25","25","25","25","25","25","25","25","25","25","25","25","25","25","25","25","25","25","25","25","25","25","25","25","25","25","25","25","25","25","25","25","25","25","25","25","25","25","25","25","25","25","25","25","25","25","25","25","25","25","25","25","25","25","25","25","25","25","25","25","25","25","25","25","25","25","25","25","25","25","25","25","25","25","25","25","25","25","25","25","25","25","25","25","25","25","25","25","25","25","25","25","25","25","25","25","25","25","25","25","25","25","25","25","25","25","25","25","25","25","25","25","25","25","25","25","25","25","25","25","25","25","25","25","25","25","25","25","25","25","25","25","25","25","25","25","25","25","25","25","25","25","25","25","25","25","25","25","25","25","25","25","25","25","25","25","25","25","25","25","25","25","25","25","25","25","25","25","25","25","25","25","25","25","25","25","25","25","25","25","25","25","25","25","25","25","25","25","25","25","25","25","25","25","25","25","25","25","25","25","25","25","25","25","25","25","25","25","25","25","25","25","25","25","25","25","25","25","25","25","25","25","25","25","25","25","25","25","25","25","25","25","25","25","25","25","25","25","25","25","25","25","25","25","25","25","25","25","25","25","25","25","25","25","25","25","25","25","25","25","25","25","25","25","25","25","25","25","25","25","25","25","25","25","25","25","25","25","25","25","25","25","25","25","25","25","25","25","25","25","25","25","25","25","25","25","25","25","25","25","25","25","25","25","25","25","25","25","25","25","25","25","25","25","25","25","25","25","25","25","25","25","25","25","25","25","25","25","25","25","25","25","25","25","25","25","25","25","25","25","25","25","25","25","25","25","25","25","25","25","25","25","25","25","25","25","25","25","25","25","25","25","25","25","25","25","25","25","25","25","25","25","25","25","25","25","25","25","25","25","25","25","25","25","25","25","25","25","25","25","25","25","25","25","25","25","25","25","25","25","25","25","25","25","25","25","25","25","25","25","25","25","25","25","25","25","25","25","25","25","25","25","25","25","25","25","25","25","25","25","25","25","25","25","25","25","25","25","25","25","25","25","25","25","25","25","25","25","25","25","25","25","25","25","25","25","25","25","25","25","25","25","25","25","25","25","25","25","25","25","25","25","25","25","25","25","25","25","25","25","25","25","25","25","25","25","25","25","25","25","25","25","25","25","25","25","25","25","25","25","25","25","25","25","25","25","25","25","25","25","25","25","25","25","25","25","25","25","25","25","25","25","25","25","25","25","25","25","25","25","25","25","25","25","25","25","25","25","25","25","25","25","25","25","25","25","25","25","25","25","25","25","25","25","25","25","25","25","25","25","25","25","25","25","25","25","25","25","25","25","25","25","25","25","25","25","25","25","25","25","25","25","25","25","25","25","25","25","25","25","25","25","25","25","25","25","25","25","25","25","25","25","25","25","25","25","25","25","25","25","25","25","25","25","25","25","25","25","25","25","25","25","25","25","25","25","25","25","25","25","25","25","25","25","25","25","25","25","25","25","25","25","25","25","25","25","25","25","25","25","25","25","25","25","25","25","25","25","25","25","25","25","25","25","25","25","25","25","25","25","25","25","25","25","25","25","25","25","25","25","25","25","25","25","25","25","25","25","25","25","25","25","25","25","25","25","25","25","25","25","25","25","25","25","25","25","25","25","25","25","25","25","25","25","25","25","25","25","25","25","25","25","25","25","25","25","25","25","25","25","25","25","25","25","25","25","25","25","25","25","25","25","25","25","25","25","25","25","25","25","25","25","25","25","25","25","25","25","25","25","25","25","25","25","25","25","25","25","25","25","25","25","25","25","25","25","25","25","25","25","25","25","25","25","25","25","25","25","25","25","25","25","25","25","25","25","25","25","25","25","25","25","25","25","25","25","25","25","25","25","25","25","25","25","25","25","25","25","25","25","25","25","25","25","25","25","25","25","25","25","25","25","25","25","25","25","25","25","25","25","25","25","25","25","25","25","25","25","25","25","25","25","25","25","25","25","25","25","25","25","25","25","25","25","25","25","25","25","25","25","25","25","25","25","25","25","25","25","25","25","25","25","25","25"

"[all run data]","sum [pf] of blgu-players","sum [pf] of mplgu-players","sum [pf] of bd-players","sum [pf] of academe-players","sum [pf] of business-players","sum [pf] of nga-players","sum [pf] of turtles","sum [nf] of blgu-players","sum [nf] of mplgu-players","sum [nf] of bd-players","sum [nf] of academe-players","sum [nf] of business-players","sum [nf] of nga-players","sum [nf] of turtles","sum [g] of blgu-players","sum [g] of mplgu-players","sum [g] of bd-players","sum [g] of academe-players","sum [g] of business-players","sum [g] of nga-players","sum [g] of turtles","sum [cw] of blgu-players","sum [cw] of mplgu-players","sum [cw] of bd-players","sum [cw] of academe-players","sum [cw] of business-players","sum [cw] of nga-players","sum [cw] of turtles","sum [ps] of blgu-players","sum [ps] of mplgu-players","sum [ps] of bd-players","sum [ps] of academe-players","sum [ps] of business-players","sum [ps] of nga-players","sum [ps] of turtles","sum [lb] of blgu-players","sum [lb] of mplgu-players","sum [lb] of bd-players","sum [lb] of academe-players","sum [lb] of business-players","sum [lb] of nga-players","sum [lb] of turtles","sum [pf] of blgu-players","sum [pf] of mplgu-players","sum [pf] of bd-players","sum [pf] of academe-players","sum [pf] of business-players","sum [pf] of nga-players","sum [pf] of turtles","sum [nf] of blgu-players","sum [nf] of mplgu-players","sum [nf] of bd-players","sum [nf] of academe-players","sum [nf] of business-players","sum [nf] of nga-players","sum [nf] of turtles","sum [g] of blgu-players","sum [g] of mplgu-players","sum [g] of bd-players","sum [g] of academe-players","sum [g] of business-players","sum [g] of nga-players","sum [g] of turtles","sum [cw] of blgu-players","sum [cw] of mplgu-players","sum [cw] of bd-players","sum [cw] of academe-players","sum [cw] of business-players","sum [cw] of nga-players","sum [cw] of turtles","sum [ps] of blgu-players","sum [ps] of mplgu-players","sum [ps] of bd-players","sum [ps] of academe-players","sum [ps] of business-players","sum [ps] of nga-players","sum [ps] of turtles","sum [lb] of blgu-players","sum [lb] of mplgu-players","sum [lb] of bd-players","sum [lb] of academe-players","sum [lb] of business-players","sum [lb] of nga-players","sum [lb] of turtles","sum [pf] of blgu-players","sum [pf] of mplgu-players","sum [pf] of bd-players","sum [pf] of academe-players","sum [pf] of business-players","sum [pf] of nga-players","sum [pf] of turtles","sum [nf] of blgu-players","sum [nf] of mplgu-players","sum [nf] of bd-players","sum [nf] of academe-players","sum [nf] of business-players","sum [nf] of nga-players","sum [nf] of turtles","sum [g] of blgu-players","sum [g] of mplgu-players","sum [g] of bd-players","sum [g] of academe-players","sum [g] of business-players","sum [g] of nga-players","sum [g] of turtles","sum [cw] of blgu-players","sum [cw] of mplgu-players","sum [cw] of bd-players","sum [cw] of academe-players","sum [cw] of business-players","sum [cw] of nga-players","sum [cw] of turtles","sum [ps] of blgu-players","sum [ps] of mplgu-players","sum [ps] of bd-players","sum [ps] of academe-players","sum [ps] of business-players","sum [ps] of nga-players","sum [ps] of turtles","sum [lb] of blgu-players","sum [lb] of mplgu-players","sum [lb] of bd-players","sum [lb] of academe-players","sum [lb] of business-players","sum [lb] of nga-players","sum [lb] of turtles","sum [pf] of blgu-players","sum [pf] of mplgu-players","sum [pf] of bd-players","sum [pf] of academe-players","sum [pf] of business-players","sum [pf] of nga-players","sum [pf] of turtles","sum [nf] of blgu-players","sum [nf] of mplgu-players","sum [nf] of bd-players","sum [nf] of academe-players","sum [nf] of business-players","sum [nf] of nga-players","sum [nf] of turtles","sum [g] of blgu-players","sum [g] of mplgu-players","sum [g] of bd-players","sum [g] of academe-players","sum [g] of business-players","sum [g] of nga-players","sum [g] of turtles","sum [cw] of blgu-players","sum [cw] of mplgu-players","sum [cw] of bd-players","sum [cw] of academe-players","sum [cw] of business-players","sum [cw] of nga-players","sum [cw] of turtles","sum [ps] of blgu-players","sum [ps] of mplgu-players","sum [ps] of bd-players","sum [ps] of academe-players","sum [ps] of business-players","sum [ps] of nga-players","sum [ps] of turtles","sum [lb] of blgu-players","sum [lb] of mplgu-players","sum [lb] of bd-players","sum [lb] of academe-players","sum [lb] of business-players","sum [lb] of nga-players","sum [lb] of turtles","sum [pf] of blgu-players","sum [pf] of mplgu-players","sum [pf] of bd-players","sum [pf] of academe-players","sum [pf] of business-players","sum [pf] of nga-players","sum [pf] of turtles","sum [nf] of blgu-players","sum [nf] of mplgu-players","sum [nf] of bd-players","sum [nf] of academe-players","sum [nf] of business-players","sum [nf] of nga-players","sum [nf] of turtles","sum [g] of blgu-players","sum [g] of mplgu-players","sum [g] of bd-players","sum [g] of academe-players","sum [g] of business-players","sum [g] of nga-players","sum [g] of turtles","sum [cw] of blgu-players","sum [cw] of mplgu-players","sum [cw] of bd-players","sum [cw] of academe-players","sum [cw] of business-players","sum [cw] of nga-players","sum [cw] of turtles","sum [ps] of blgu-players","sum [ps] of mplgu-players","sum [ps] of bd-players","sum [ps] of academe-players","sum [ps] of business-players","sum [ps] of nga-players","sum [ps] of turtles","sum [lb] of blgu-players","sum [lb] of mplgu-players","sum [lb] of bd-players","sum [lb] of academe-players","sum [lb] of business-players","sum [lb] of nga-players","sum [lb] of turtles","sum [pf] of blgu-players","sum [pf] of mplgu-players","sum [pf] of bd-players","sum [pf] of academe-players","sum [pf] of business-players","sum [pf] of nga-players","sum [pf] of turtles","sum [nf] of blgu-players","sum [nf] of mplgu-players","sum [nf] of bd-players","sum [nf] of academe-players","sum [nf] of business-players","sum [nf] of nga-players","sum [nf] of turtles","sum [g] of blgu-players","sum [g] of mplgu-players","sum [g] of bd-players","sum [g] of academe-players","sum [g] of business-players","sum [g] of nga-players","sum [g] of turtles","sum [cw] of blgu-players","sum [cw] of mplgu-players","sum [cw] of bd-players","sum [cw] of academe-players","sum [cw] of business-players","sum [cw] of nga-players","sum [cw] of turtles","sum [ps] of blgu-players","sum [ps] of mplgu-players","sum [ps] of bd-players","sum [ps] of academe-players","sum [ps] of business-players","sum [ps] of nga-players","sum [ps] of turtles","sum [lb] of blgu-players","sum [lb] of mplgu-players","sum [lb] of bd-players","sum [lb] of academe-players","sum [lb] of business-players","sum [lb] of nga-players","sum [lb] of turtles","sum [pf] of blgu-players","sum [pf] of mplgu-players","sum [pf] of bd-players","sum [pf] of academe-players","sum [pf] of business-players","sum [pf] of nga-players","sum [pf] of turtles","sum [nf] of blgu-players","sum [nf] of mplgu-players","sum [nf] of bd-players","sum [nf] of academe-players","sum [nf] of business-players","sum [nf] of nga-players","sum [nf] of turtles","sum [g] of blgu-players","sum [g] of mplgu-players","sum [g] of bd-players","sum [g] of academe-players","sum [g] of business-players","sum [g] of nga-players","sum [g] of turtles","sum [cw] of blgu-players","sum [cw] of mplgu-players","sum [cw] of bd-players","sum [cw] of academe-players","sum [cw] of business-players","sum [cw] of nga-players","sum [cw] of turtles","sum [ps] of blgu-players","sum [ps] of mplgu-players","sum [ps] of bd-players","sum [ps] of academe-players","sum [ps] of business-players","sum [ps] of nga-players","sum [ps] of turtles","sum [lb] of blgu-players","sum [lb] of mplgu-players","sum [lb] of bd-players","sum [lb] of academe-players","sum [lb] of business-players","sum [lb] of nga-players","sum [lb] of turtles","sum [pf] of blgu-players","sum [pf] of mplgu-players","sum [pf] of bd-players","sum [pf] of academe-players","sum [pf] of business-players","sum [pf] of nga-players","sum [pf] of turtles","sum [nf] of blgu-players","sum [nf] of mplgu-players","sum [nf] of bd-players","sum [nf] of academe-players","sum [nf] of business-players","sum [nf] of nga-players","sum [nf] of turtles","sum [g] of blgu-players","sum [g] of mplgu-players","sum [g] of bd-players","sum [g] of academe-players","sum [g] of business-players","sum [g] of nga-players","sum [g] of turtles","sum [cw] of blgu-players","sum [cw] of mplgu-players","sum [cw] of bd-players","sum [cw] of academe-players","sum [cw] of business-players","sum [cw] of nga-players","sum [cw] of turtles","sum [ps] of blgu-players","sum [ps] of mplgu-players","sum [ps] of bd-players","sum [ps] of academe-players","sum [ps] of business-players","sum [ps] of nga-players","sum [ps] of turtles","sum [lb] of blgu-players","sum [lb] of mplgu-players","sum [lb] of bd-players","sum [lb] of academe-players","sum [lb] of business-players","sum [lb] of nga-players","sum [lb] of turtles","sum [pf] of blgu-players","sum [pf] of mplgu-players","sum [pf] of bd-players","sum [pf] of academe-players","sum [pf] of business-players","sum [pf] of nga-players","sum [pf] of turtles","sum [nf] of blgu-players","sum [nf] of mplgu-players","sum [nf] of bd-players","sum [nf] of academe-players","sum [nf] of business-players","sum [nf] of nga-players","sum [nf] of turtles","sum [g] of blgu-players","sum [g] of mplgu-players","sum [g] of bd-players","sum [g] of academe-players","sum [g] of business-players","sum [g] of nga-players","sum [g] of turtles","sum [cw] of blgu-players","sum [cw] of mplgu-players","sum [cw] of bd-players","sum [cw] of academe-players","sum [cw] of business-players","sum [cw] of nga-players","sum [cw] of turtles","sum [ps] of blgu-players","sum [ps] of mplgu-players","sum [ps] of bd-players","sum [ps] of academe-players","sum [ps] of business-players","sum [ps] of nga-players","sum [ps] of turtles","sum [lb] of blgu-players","sum [lb] of mplgu-players","sum [lb] of bd-players","sum [lb] of academe-players","sum [lb] of business-players","sum [lb] of nga-players","sum [lb] of turtles","sum [pf] of blgu-players","sum [pf] of mplgu-players","sum [pf] of bd-players","sum [pf] of academe-players","sum [pf] of business-players","sum [pf] of nga-players","sum [pf] of turtles","sum [nf] of blgu-players","sum [nf] of mplgu-players","sum [nf] of bd-players","sum [nf] of academe-players","sum [nf] of business-players","sum [nf] of nga-players","sum [nf] of turtles","sum [g] of blgu-players","sum [g] of mplgu-players","sum [g] of bd-players","sum [g] of academe-players","sum [g] of business-players","sum [g] of nga-players","sum [g] of turtles","sum [cw] of blgu-players","sum [cw] of mplgu-players","sum [cw] of bd-players","sum [cw] of academe-players","sum [cw] of business-players","sum [cw] of nga-players","sum [cw] of turtles","sum [ps] of blgu-players","sum [ps] of mplgu-players","sum [ps] of bd-players","sum [ps] of academe-players","sum [ps] of business-players","sum [ps] of nga-players","sum [ps] of turtles","sum [lb] of blgu-players","sum [lb] of mplgu-players","sum [lb] of bd-players","sum [lb] of academe-players","sum [lb] of business-players","sum [lb] of nga-players","sum [lb] of turtles","sum [pf] of blgu-players","sum [pf] of mplgu-players","sum [pf] of bd-players","sum [pf] of academe-players","sum [pf] of business-players","sum [pf] of nga-players","sum [pf] of turtles","sum [nf] of blgu-players","sum [nf] of mplgu-players","sum [nf] of bd-players","sum [nf] of academe-players","sum [nf] of business-players","sum [nf] of nga-players","sum [nf] of turtles","sum [g] of blgu-players","sum [g] of mplgu-players","sum [g] of bd-players","sum [g] of academe-players","sum [g] of business-players","sum [g] of nga-players","sum [g] of turtles","sum [cw] of blgu-players","sum [cw] of mplgu-players","sum [cw] of bd-players","sum [cw] of academe-players","sum [cw] of business-players","sum [cw] of nga-players","sum [cw] of turtles","sum [ps] of blgu-players","sum [ps] of mplgu-players","sum [ps] of bd-players","sum [ps] of academe-players","sum [ps] of business-players","sum [ps] of nga-players","sum [ps] of turtles","sum [lb] of blgu-players","sum [lb] of mplgu-players","sum [lb] of bd-players","sum [lb] of academe-players","sum [lb] of business-players","sum [lb] of nga-players","sum [lb] of turtles","sum [pf] of blgu-players","sum [pf] of mplgu-players","sum [pf] of bd-players","sum [pf] of academe-players","sum [pf] of business-players","sum [pf] of nga-players","sum [pf] of turtles","sum [nf] of blgu-players","sum [nf] of mplgu-players","sum [nf] of bd-players","sum [nf] of academe-players","sum [nf] of business-players","sum [nf] of nga-players","sum [nf] of turtles","sum [g] of blgu-players","sum [g] of mplgu-players","sum [g] of bd-players","sum [g] of academe-players","sum [g] of business-players","sum [g] of nga-players","sum [g] of turtles","sum [cw] of blgu-players","sum [cw] of mplgu-players","sum [cw] of bd-players","sum [cw] of academe-players","sum [cw] of business-players","sum [cw] of nga-players","sum [cw] of turtles","sum [ps] of blgu-players","sum [ps] of mplgu-players","sum [ps] of bd-players","sum [ps] of academe-players","sum [ps] of business-players","sum [ps] of nga-players","sum [ps] of turtles","sum [lb] of blgu-players","sum [lb] of mplgu-players","sum [lb] of bd-players","sum [lb] of academe-players","sum [lb] of business-players","sum [lb] of nga-players","sum [lb] of turtles","sum [pf] of blgu-players","sum [pf] of mplgu-players","sum [pf] of bd-players","sum [pf] of academe-players","sum [pf] of business-players","sum [pf] of nga-players","sum [pf] of turtles","sum [nf] of blgu-players","sum [nf] of mplgu-players","sum [nf] of bd-players","sum [nf] of academe-players","sum [nf] of business-players","sum [nf] of nga-players","sum [nf] of turtles","sum [g] of blgu-players","sum [g] of mplgu-players","sum [g] of bd-players","sum [g] of academe-players","sum [g] of business-players","sum [g] of nga-players","sum [g] of turtles","sum [cw] of blgu-players","sum [cw] of mplgu-players","sum [cw] of bd-players","sum [cw] of academe-players","sum [cw] of business-players","sum [cw] of nga-players","sum [cw] of turtles","sum [ps] of blgu-players","sum [ps] of mplgu-players","sum [ps] of bd-players","sum [ps] of academe-players","sum [ps] of business-players","sum [ps] of nga-players","sum [ps] of turtles","sum [lb] of blgu-players","sum [lb] of mplgu-players","sum [lb] of bd-players","sum [lb] of academe-players","sum [lb] of business-players","sum [lb] of nga-players","sum [lb] of turtles","sum [pf] of blgu-players","sum [pf] of mplgu-players","sum [pf] of bd-players","sum [pf] of academe-players","sum [pf] of business-players","sum [pf] of nga-players","sum [pf] of turtles","sum [nf] of blgu-players","sum [nf] of mplgu-players","sum [nf] of bd-players","sum [nf] of academe-players","sum [nf] of business-players","sum [nf] of nga-players","sum [nf] of turtles","sum [g] of blgu-players","sum [g] of mplgu-players","sum [g] of bd-players","sum [g] of academe-players","sum [g] of business-players","sum [g] of nga-players","sum [g] of turtles","sum [cw] of blgu-players","sum [cw] of mplgu-players","sum [cw] of bd-players","sum [cw] of academe-players","sum [cw] of business-players","sum [cw] of nga-players","sum [cw] of turtles","sum [ps] of blgu-players","sum [ps] of mplgu-players","sum [ps] of bd-players","sum [ps] of academe-players","sum [ps] of business-players","sum [ps] of nga-players","sum [ps] of turtles","sum [lb] of blgu-players","sum [lb] of mplgu-players","sum [lb] of bd-players","sum [lb] of academe-players","sum [lb] of business-players","sum [lb] of nga-players","sum [lb] of turtles","sum [pf] of blgu-players","sum [pf] of mplgu-players","sum [pf] of bd-players","sum [pf] of academe-players","sum [pf] of business-players","sum [pf] of nga-players","sum [pf] of turtles","sum [nf] of blgu-players","sum [nf] of mplgu-players","sum [nf] of bd-players","sum [nf] of academe-players","sum [nf] of business-players","sum [nf] of nga-players","sum [nf] of turtles","sum [g] of blgu-players","sum [g] of mplgu-players","sum [g] of bd-players","sum [g] of academe-players","sum [g] of business-players","sum [g] of nga-players","sum [g] of turtles","sum [cw] of blgu-players","sum [cw] of mplgu-players","sum [cw] of bd-players","sum [cw] of academe-players","sum [cw] of business-players","sum [cw] of nga-players","sum [cw] of turtles","sum [ps] of blgu-players","sum [ps] of mplgu-players","sum [ps] of bd-players","sum [ps] of academe-players","sum [ps] of business-players","sum [ps] of nga-players","sum [ps] of turtles","sum [lb] of blgu-players","sum [lb] of mplgu-players","sum [lb] of bd-players","sum [lb] of academe-players","sum [lb] of business-players","sum [lb] of nga-players","sum [lb] of turtles","sum [pf] of blgu-players","sum [pf] of mplgu-players","sum [pf] of bd-players","sum [pf] of academe-players","sum [pf] of business-players","sum [pf] of nga-players","sum [pf] of turtles","sum [nf] of blgu-players","sum [nf] of mplgu-players","sum [nf] of bd-players","sum [nf] of academe-players","sum [nf] of business-players","sum [nf] of nga-players","sum [nf] of turtles","sum [g] of blgu-players","sum [g] of mplgu-players","sum [g] of bd-players","sum [g] of academe-players","sum [g] of business-players","sum [g] of nga-players","sum [g] of turtles","sum [cw] of blgu-players","sum [cw] of mplgu-players","sum [cw] of bd-players","sum [cw] of academe-players","sum [cw] of business-players","sum [cw] of nga-players","sum [cw] of turtles","sum [ps] of blgu-players","sum [ps] of mplgu-players","sum [ps] of bd-players","sum [ps] of academe-players","sum [ps] of business-players","sum [ps] of nga-players","sum [ps] of turtles","sum [lb] of blgu-players","sum [lb] of mplgu-players","sum [lb] of bd-players","sum [lb] of academe-players","sum [lb] of business-players","sum [lb] of nga-players","sum [lb] of turtles","sum [pf] of blgu-players","sum [pf] of mplgu-players","sum [pf] of bd-players","sum [pf] of academe-players","sum [pf] of business-players","sum [pf] of nga-players","sum [pf] of turtles","sum [nf] of blgu-players","sum [nf] of mplgu-players","sum [nf] of bd-players","sum [nf] of academe-players","sum [nf] of business-players","sum [nf] of nga-players","sum [nf] of turtles","sum [g] of blgu-players","sum [g] of mplgu-players","sum [g] of bd-players","sum [g] of academe-players","sum [g] of business-players","sum [g] of nga-players","sum [g] of turtles","sum [cw] of blgu-players","sum [cw] of mplgu-players","sum [cw] of bd-players","sum [cw] of academe-players","sum [cw] of business-players","sum [cw] of nga-players","sum [cw] of turtles","sum [ps] of blgu-players","sum [ps] of mplgu-players","sum [ps] of bd-players","sum [ps] of academe-players","sum [ps] of business-players","sum [ps] of nga-players","sum [ps] of turtles","sum [lb] of blgu-players","sum [lb] of mplgu-players","sum [lb] of bd-players","sum [lb] of academe-players","sum [lb] of business-players","sum [lb] of nga-players","sum [lb] of turtles","sum [pf] of blgu-players","sum [pf] of mplgu-players","sum [pf] of bd-players","sum [pf] of academe-players","sum [pf] of business-players","sum [pf] of nga-players","sum [pf] of turtles","sum [nf] of blgu-players","sum [nf] of mplgu-players","sum [nf] of bd-players","sum [nf] of academe-players","sum [nf] of business-players","sum [nf] of nga-players","sum [nf] of turtles","sum [g] of blgu-players","sum [g] of mplgu-players","sum [g] of bd-players","sum [g] of academe-players","sum [g] of business-players","sum [g] of nga-players","sum [g] of turtles","sum [cw] of blgu-players","sum [cw] of mplgu-players","sum [cw] of bd-players","sum [cw] of academe-players","sum [cw] of business-players","sum [cw] of nga-players","sum [cw] of turtles","sum [ps] of blgu-players","sum [ps] of mplgu-players","sum [ps] of bd-players","sum [ps] of academe-players","sum [ps] of business-players","sum [ps] of nga-players","sum [ps] of turtles","sum [lb] of blgu-players","sum [lb] of mplgu-players","sum [lb] of bd-players","sum [lb] of academe-players","sum [lb] of business-players","sum [lb] of nga-players","sum [lb] of turtles","sum [pf] of blgu-players","sum [pf] of mplgu-players","sum [pf] of bd-players","sum [pf] of academe-players","sum [pf] of business-players","sum [pf] of nga-players","sum [pf] of turtles","sum [nf] of blgu-players","sum [nf] of mplgu-players","sum [nf] of bd-players","sum [nf] of academe-players","sum [nf] of business-players","sum [nf] of nga-players","sum [nf] of turtles","sum [g] of blgu-players","sum [g] of mplgu-players","sum [g] of bd-players","sum [g] of academe-players","sum [g] of business-players","sum [g] of nga-players","sum [g] of turtles","sum [cw] of blgu-players","sum [cw] of mplgu-players","sum [cw] of bd-players","sum [cw] of academe-players","sum [cw] of business-players","sum [cw] of nga-players","sum [cw] of turtles","sum [ps] of blgu-players","sum [ps] of mplgu-players","sum [ps] of bd-players","sum [ps] of academe-players","sum [ps] of business-players","sum [ps] of nga-players","sum [ps] of turtles","sum [lb] of blgu-players","sum [lb] of mplgu-players","sum [lb] of bd-players","sum [lb] of academe-players","sum [lb] of business-players","sum [lb] of nga-players","sum [lb] of turtles","sum [pf] of blgu-players","sum [pf] of mplgu-players","sum [pf] of bd-players","sum [pf] of academe-players","sum [pf] of business-players","sum [pf] of nga-players","sum [pf] of turtles","sum [nf] of blgu-players","sum [nf] of mplgu-players","sum [nf] of bd-players","sum [nf] of academe-players","sum [nf] of business-players","sum [nf] of nga-players","sum [nf] of turtles","sum [g] of blgu-players","sum [g] of mplgu-players","sum [g] of bd-players","sum [g] of academe-players","sum [g] of business-players","sum [g] of nga-players","sum [g] of turtles","sum [cw] of blgu-players","sum [cw] of mplgu-players","sum [cw] of bd-players","sum [cw] of academe-players","sum [cw] of business-players","sum [cw] of nga-players","sum [cw] of turtles","sum [ps] of blgu-players","sum [ps] of mplgu-players","sum [ps] of bd-players","sum [ps] of academe-players","sum [ps] of business-players","sum [ps] of nga-players","sum [ps] of turtles","sum [lb] of blgu-players","sum [lb] of mplgu-players","sum [lb] of bd-players","sum [lb] of academe-players","sum [lb] of business-players","sum [lb] of nga-players","sum [lb] of turtles","sum [pf] of blgu-players","sum [pf] of mplgu-players","sum [pf] of bd-players","sum [pf] of academe-players","sum [pf] of business-players","sum [pf] of nga-players","sum [pf] of turtles","sum [nf] of blgu-players","sum [nf] of mplgu-players","sum [nf] of bd-players","sum [nf] of academe-players","sum [nf] of business-players","sum [nf] of nga-players","sum [nf] of turtles","sum [g] of blgu-players","sum [g] of mplgu-players","sum [g] of bd-players","sum [g] of academe-players","sum [g] of business-players","sum [g] of nga-players","sum [g] of turtles","sum [cw] of blgu-players","sum [cw] of mplgu-players","sum [cw] of bd-players","sum [cw] of academe-players","sum [cw] of business-players","sum [cw] of nga-players","sum [cw] of turtles","sum [ps] of blgu-players","sum [ps] of mplgu-players","sum [ps] of bd-players","sum [ps] of academe-players","sum [ps] of business-players","sum [ps] of nga-players","sum [ps] of turtles","sum [lb] of blgu-players","sum [lb] of mplgu-players","sum [lb] of bd-players","sum [lb] of academe-players","sum [lb] of business-players","sum [lb] of nga-players","sum [lb] of turtles","sum [pf] of blgu-players","sum [pf] of mplgu-players","sum [pf] of bd-players","sum [pf] of academe-players","sum [pf] of business-players","sum [pf] of nga-players","sum [pf] of turtles","sum [nf] of blgu-players","sum [nf] of mplgu-players","sum [nf] of bd-players","sum [nf] of academe-players","sum [nf] of business-players","sum [nf] of nga-players","sum [nf] of turtles","sum [g] of blgu-players","sum [g] of mplgu-players","sum [g] of bd-players","sum [g] of academe-players","sum [g] of business-players","sum [g] of nga-players","sum [g] of turtles","sum [cw] of blgu-players","sum [cw] of mplgu-players","sum [cw] of bd-players","sum [cw] of academe-players","sum [cw] of business-players","sum [cw] of nga-players","sum [cw] of turtles","sum [ps] of blgu-players","sum [ps] of mplgu-players","sum [ps] of bd-players","sum [ps] of academe-players","sum [ps] of business-players","sum [ps] of nga-players","sum [ps] of turtles","sum [lb] of blgu-players","sum [lb] of mplgu-players","sum [lb] of bd-players","sum [lb] of academe-players","sum [lb] of business-players","sum [lb] of nga-players","sum [lb] of turtles","sum [pf] of blgu-players","sum [pf] of mplgu-players","sum [pf] of bd-players","sum [pf] of academe-players","sum [pf] of business-players","sum [pf] of nga-players","sum [pf] of turtles","sum [nf] of blgu-players","sum [nf] of mplgu-players","sum [nf] of bd-players","sum [nf] of academe-players","sum [nf] of business-players","sum [nf] of nga-players","sum [nf] of turtles","sum [g] of blgu-players","sum [g] of mplgu-players","sum [g] of bd-players","sum [g] of academe-players","sum [g] of business-players","sum [g] of nga-players","sum [g] of turtles","sum [cw] of blgu-players","sum [cw] of mplgu-players","sum [cw] of bd-players","sum [cw] of academe-players","sum [cw] of business-players","sum [cw] of nga-players","sum [cw] of turtles","sum [ps] of blgu-players","sum [ps] of mplgu-players","sum [ps] of bd-players","sum [ps] of academe-players","sum [ps] of business-players","sum [ps] of nga-players","sum [ps] of turtles","sum [lb] of blgu-players","sum [lb] of mplgu-players","sum [lb] of bd-players","sum [lb] of academe-players","sum [lb] of business-players","sum [lb] of nga-players","sum [lb] of turtles","sum [pf] of blgu-players","sum [pf] of mplgu-players","sum [pf] of bd-players","sum [pf] of academe-players","sum [pf] of business-players","sum [pf] of nga-players","sum [pf] of turtles","sum [nf] of blgu-players","sum [nf] of mplgu-players","sum [nf] of bd-players","sum [nf] of academe-players","sum [nf] of business-players","sum [nf] of nga-players","sum [nf] of turtles","sum [g] of blgu-players","sum [g] of mplgu-players","sum [g] of bd-players","sum [g] of academe-players","sum [g] of business-players","sum [g] of nga-players","sum [g] of turtles","sum [cw] of blgu-players","sum [cw] of mplgu-players","sum [cw] of bd-players","sum [cw] of academe-players","sum [cw] of business-players","sum [cw] of nga-players","sum [cw] of turtles","sum [ps] of blgu-players","sum [ps] of mplgu-players","sum [ps] of bd-players","sum [ps] of academe-players","sum [ps] of business-players","sum [ps] of nga-players","sum [ps] of turtles","sum [lb] of blgu-players","sum [lb] of mplgu-players","sum [lb] of bd-players","sum [lb] of academe-players","sum [lb] of business-players","sum [lb] of nga-players","sum [lb] of turtles","sum [pf] of blgu-players","sum [pf] of mplgu-players","sum [pf] of bd-players","sum [pf] of academe-players","sum [pf] of business-players","sum [pf] of nga-players","sum [pf] of turtles","sum [nf] of blgu-players","sum [nf] of mplgu-players","sum [nf] of bd-players","sum [nf] of academe-players","sum [nf] of business-players","sum [nf] of nga-players","sum [nf] of turtles","sum [g] of blgu-players","sum [g] of mplgu-players","sum [g] of bd-players","sum [g] of academe-players","sum [g] of business-players","sum [g] of nga-players","sum [g] of turtles","sum [cw] of blgu-players","sum [cw] of mplgu-players","sum [cw] of bd-players","sum [cw] of academe-players","sum [cw] of business-players","sum [cw] of nga-players","sum [cw] of turtles","sum [ps] of blgu-players","sum [ps] of mplgu-players","sum [ps] of bd-players","sum [ps] of academe-players","sum [ps] of business-players","sum [ps] of nga-players","sum [ps] of turtles","sum [lb] of blgu-players","sum [lb] of mplgu-players","sum [lb] of bd-players","sum [lb] of academe-players","sum [lb] of business-players","sum [lb] of nga-players","sum [lb] of turtles","sum [pf] of blgu-players","sum [pf] of mplgu-players","sum [pf] of bd-players","sum [pf] of academe-players","sum [pf] of business-players","sum [pf] of nga-players","sum [pf] of turtles","sum [nf] of blgu-players","sum [nf] of mplgu-players","sum [nf] of bd-players","sum [nf] of academe-players","sum [nf] of business-players","sum [nf] of nga-players","sum [nf] of turtles","sum [g] of blgu-players","sum [g] of mplgu-players","sum [g] of bd-players","sum [g] of academe-players","sum [g] of business-players","sum [g] of nga-players","sum [g] of turtles","sum [cw] of blgu-players","sum [cw] of mplgu-players","sum [cw] of bd-players","sum [cw] of academe-players","sum [cw] of business-players","sum [cw] of nga-players","sum [cw] of turtles","sum [ps] of blgu-players","sum [ps] of mplgu-players","sum [ps] of bd-players","sum [ps] of academe-players","sum [ps] of business-players","sum [ps] of nga-players","sum [ps] of turtles","sum [lb] of blgu-players","sum [lb] of mplgu-players","sum [lb] of bd-players","sum [lb] of academe-players","sum [lb] of business-players","sum [lb] of nga-players","sum [lb] of turtles","sum [pf] of blgu-players","sum [pf] of mplgu-players","sum [pf] of bd-players","sum [pf] of academe-players","sum [pf] of business-players","sum [pf] of nga-players","sum [pf] of turtles","sum [nf] of blgu-players","sum [nf] of mplgu-players","sum [nf] of bd-players","sum [nf] of academe-players","sum [nf] of business-players","sum [nf] of nga-players","sum [nf] of turtles","sum [g] of blgu-players","sum [g] of mplgu-players","sum [g] of bd-players","sum [g] of academe-players","sum [g] of business-players","sum [g] of nga-players","sum [g] of turtles","sum [cw] of blgu-players","sum [cw] of mplgu-players","sum [cw] of bd-players","sum [cw] of academe-players","sum [cw] of business-players","sum [cw] of nga-players","sum [cw] of turtles","sum [ps] of blgu-players","sum [ps] of mplgu-players","sum [ps] of bd-players","sum [ps] of academe-players","sum [ps] of business-players","sum [ps] of nga-players","sum [ps] of turtles","sum [lb] of blgu-players","sum [lb] of mplgu-players","sum [lb] of bd-players","sum [lb] of academe-players","sum [lb] of business-players","sum [lb] of nga-players","sum [lb] of turtles","sum [pf] of blgu-players","sum [pf] of mplgu-players","sum [pf] of bd-players","sum [pf] of academe-players","sum [pf] of business-players","sum [pf] of nga-players","sum [pf] of turtles","sum [nf] of blgu-players","sum [nf] of mplgu-players","sum [nf] of bd-players","sum [nf] of academe-players","sum [nf] of business-players","sum [nf] of nga-players","sum [nf] of turtles","sum [g] of blgu-players","sum [g] of mplgu-players","sum [g] of bd-players","sum [g] of academe-players","sum [g] of business-players","sum [g] of nga-players","sum [g] of turtles","sum [cw] of blgu-players","sum [cw] of mplgu-players","sum [cw] of bd-players","sum [cw] of academe-players","sum [cw] of business-players","sum [cw] of nga-players","sum [cw] of turtles","sum [ps] of blgu-players","sum [ps] of mplgu-players","sum [ps] of bd-players","sum [ps] of academe-players","sum [ps] of business-players","sum [ps] of nga-players","sum [ps] of turtles","sum [lb] of blgu-players","sum [lb] of mplgu-players","sum [lb] of bd-players","sum [lb] of academe-players","sum [lb] of business-players","sum [lb] of nga-players","sum [lb] of turtles","sum [pf] of blgu-players","sum [pf] of mplgu-players","sum [pf] of bd-players","sum [pf] of academe-players","sum [pf] of business-players","sum [pf] of nga-players","sum [pf] of turtles","sum [nf] of blgu-players","sum [nf] of mplgu-players","sum [nf] of bd-players","sum [nf] of academe-players","sum [nf] of business-players","sum [nf] of nga-players","sum [nf] of turtles","sum [g] of blgu-players","sum [g] of mplgu-players","sum [g] of bd-players","sum [g] of academe-players","sum [g] of business-players","sum [g] of nga-players","sum [g] of turtles","sum [cw] of blgu-players","sum [cw] of mplgu-players","sum [cw] of bd-players","sum [cw] of academe-players","sum [cw] of business-players","sum [cw] of nga-players","sum [cw] of turtles","sum [ps] of blgu-players","sum [ps] of mplgu-players","sum [ps] of bd-players","sum [ps] of academe-players","sum [ps] of business-players","sum [ps] of nga-players","sum [ps] of turtles","sum [lb] of blgu-players","sum [lb] of mplgu-players","sum [lb] of bd-players","sum [lb] of academe-players","sum [lb] of business-players","sum [lb] of nga-players","sum [lb] of turtles","sum [pf] of blgu-players","sum [pf] of mplgu-players","sum [pf] of bd-players","sum [pf] of academe-players","sum [pf] of business-players","sum [pf] of nga-players","sum [pf] of turtles","sum [nf] of blgu-players","sum [nf] of mplgu-players","sum [nf] of bd-players","sum [nf] of academe-players","sum [nf] of business-players","sum [nf] of nga-players","sum [nf] of turtles","sum [g] of blgu-players","sum [g] of mplgu-players","sum [g] of bd-players","sum [g] of academe-players","sum [g] of business-players","sum [g] of nga-players","sum [g] of turtles","sum [cw] of blgu-players","sum [cw] of mplgu-players","sum [cw] of bd-players","sum [cw] of academe-players","sum [cw] of business-players","sum [cw] of nga-players","sum [cw] of turtles","sum [ps] of blgu-players","sum [ps] of mplgu-players","sum [ps] of bd-players","sum [ps] of academe-players","sum [ps] of business-players","sum [ps] of nga-players","sum [ps] of turtles","sum [lb] of blgu-players","sum [lb] of mplgu-players","sum [lb] of bd-players","sum [lb] of academe-players","sum [lb] of business-players","sum [lb] of nga-players","sum [lb] of turtles","sum [pf] of blgu-players","sum [pf] of mplgu-players","sum [pf] of bd-players","sum [pf] of academe-players","sum [pf] of business-players","sum [pf] of nga-players","sum [pf] of turtles","sum [nf] of blgu-players","sum [nf] of mplgu-players","sum [nf] of bd-players","sum [nf] of academe-players","sum [nf] of business-players","sum [nf] of nga-players","sum [nf] of turtles","sum [g] of blgu-players","sum [g] of mplgu-players","sum [g] of bd-players","sum [g] of academe-players","sum [g] of business-players","sum [g] of nga-players","sum [g] of turtles","sum [cw] of blgu-players","sum [cw] of mplgu-players","sum [cw] of bd-players","sum [cw] of academe-players","sum [cw] of business-players","sum [cw] of nga-players","sum [cw] of turtles","sum [ps] of blgu-players","sum [ps] of mplgu-players","sum [ps] of bd-players","sum [ps] of academe-players","sum [ps] of business-players","sum [ps] of nga-players","sum [ps] of turtles","sum [lb] of blgu-players","sum [lb] of mplgu-players","sum [lb] of bd-players","sum [lb] of academe-players","sum [lb] of business-players","sum [lb] of nga-players","sum [lb] of turtles","sum [pf] of blgu-players","sum [pf] of mplgu-players","sum [pf] of bd-players","sum [pf] of academe-players","sum [pf] of business-players","sum [pf] of nga-players","sum [pf] of turtles","sum [nf] of blgu-players","sum [nf] of mplgu-players","sum [nf] of bd-players","sum [nf] of academe-players","sum [nf] of business-players","sum [nf] of nga-players","sum [nf] of turtles","sum [g] of blgu-players","sum [g] of mplgu-players","sum [g] of bd-players","sum [g] of academe-players","sum [g] of business-players","sum [g] of nga-players","sum [g] of turtles","sum [cw] of blgu-players","sum [cw] of mplgu-players","sum [cw] of bd-players","sum [cw] of academe-players","sum [cw] of business-players","sum [cw] of nga-players","sum [cw] of turtles","sum [ps] of blgu-players","sum [ps] of mplgu-players","sum [ps] of bd-players","sum [ps] of academe-players","sum [ps] of business-players","sum [ps] of nga-players","sum [ps] of turtles","sum [lb] of blgu-players","sum [lb] of mplgu-players","sum [lb] of bd-players","sum [lb] of academe-players","sum [lb] of business-players","sum [lb] of nga-players","sum [lb] of turtles","sum [pf] of blgu-players","sum [pf] of mplgu-players","sum [pf] of bd-players","sum [pf] of academe-players","sum [pf] of business-players","sum [pf] of nga-players","sum [pf] of turtles","sum [nf] of blgu-players","sum [nf] of mplgu-players","sum [nf] of bd-players","sum [nf] of academe-players","sum [nf] of business-players","sum [nf] of nga-players","sum [nf] of turtles","sum [g] of blgu-players","sum [g] of mplgu-players","sum [g] of bd-players","sum [g] of academe-players","sum [g] of business-players","sum [g] of nga-players","sum [g] of turtles","sum [cw] of blgu-players","sum [cw] of mplgu-players","sum [cw] of bd-players","sum [cw] of academe-players","sum [cw] of business-players","sum [cw] of nga-players","sum [cw] of turtles","sum [ps] of blgu-players","sum [ps] of mplgu-players","sum [ps] of bd-players","sum [ps] of academe-players","sum [ps] of business-players","sum [ps] of nga-players","sum [ps] of turtles","sum [lb] of blgu-players","sum [lb] of mplgu-players","sum [lb] of bd-players","sum [lb] of academe-players","sum [lb] of business-players","sum [lb] of nga-players","sum [lb] of turtles","sum [pf] of blgu-players","sum [pf] of mplgu-players","sum [pf] of bd-players","sum [pf] of academe-players","sum [pf] of business-players","sum [pf] of nga-players","sum [pf] of turtles","sum [nf] of blgu-players","sum [nf] of mplgu-players","sum [nf] of bd-players","sum [nf] of academe-players","sum [nf] of business-players","sum [nf] of nga-players","sum [nf] of turtles","sum [g] of blgu-players","sum [g] of mplgu-players","sum [g] of bd-players","sum [g] of academe-players","sum [g] of business-players","sum [g] of nga-players","sum [g] of turtles","sum [cw] of blgu-players","sum [cw] of mplgu-players","sum [cw] of bd-players","sum [cw] of academe-players","sum [cw] of business-players","sum [cw] of nga-players","sum [cw] of turtles","sum [ps] of blgu-players","sum [ps] of mplgu-players","sum [ps] of bd-players","sum [ps] of academe-players","sum [ps] of business-players","sum [ps] of nga-players","sum [ps] of turtles","sum [lb] of blgu-players","sum [lb] of mplgu-players","sum [lb] of bd-players","sum [lb] of academe-players","sum [lb] of business-players","sum [lb] of nga-players","sum [lb] of turtles","sum [pf] of blgu-players","sum [pf] of mplgu-players","sum [pf] of bd-players","sum [pf] of academe-players","sum [pf] of business-players","sum [pf] of nga-players","sum [pf] of turtles","sum [nf] of blgu-players","sum [nf] of mplgu-players","sum [nf] of bd-players","sum [nf] of academe-players","sum [nf] of business-players","sum [nf] of nga-players","sum [nf] of turtles","sum [g] of blgu-players","sum [g] of mplgu-players","sum [g] of bd-players","sum [g] of academe-players","sum [g] of business-players","sum [g] of nga-players","sum [g] of turtles","sum [cw] of blgu-players","sum [cw] of mplgu-players","sum [cw] of bd-players","sum [cw] of academe-players","sum [cw] of business-players","sum [cw] of nga-players","sum [cw] of turtles","sum [ps] of blgu-players","sum [ps] of mplgu-players","sum [ps] of bd-players","sum [ps] of academe-players","sum [ps] of business-players","sum [ps] of nga-players","sum [ps] of turtles","sum [lb] of blgu-players","sum [lb] of mplgu-players","sum [lb] of bd-players","sum [lb] of academe-players","sum [lb] of business-players","sum [lb] of nga-players","sum [lb] of turtles","sum [pf] of blgu-players","sum [pf] of mplgu-players","sum [pf] of bd-players","sum [pf] of academe-players","sum [pf] of business-players","sum [pf] of nga-players","sum [pf] of turtles","sum [nf] of blgu-players","sum [nf] of mplgu-players","sum [nf] of bd-players","sum [nf] of academe-players","sum [nf] of business-players","sum [nf] of nga-players","sum [nf] of turtles","sum [g] of blgu-players","sum [g] of mplgu-players","sum [g] of bd-players","sum [g] of academe-players","sum [g] of business-players","sum [g] of nga-players","sum [g] of turtles","sum [cw] of blgu-players","sum [cw] of mplgu-players","sum [cw] of bd-players","sum [cw] of academe-players","sum [cw] of business-players","sum [cw] of nga-players","sum [cw] of turtles","sum [ps] of blgu-players","sum [ps] of mplgu-players","sum [ps] of bd-players","sum [ps] of academe-players","sum [ps] of business-players","sum [ps] of nga-players","sum [ps] of turtles","sum [lb] of blgu-players","sum [lb] of mplgu-players","sum [lb] of bd-players","sum [lb] of academe-players","sum [lb] of business-players","sum [lb] of nga-players","sum [lb] of turtles","sum [pf] of blgu-players","sum [pf] of mplgu-players","sum [pf] of bd-players","sum [pf] of academe-players","sum [pf] of business-players","sum [pf] of nga-players","sum [pf] of turtles","sum [nf] of blgu-players","sum [nf] of mplgu-players","sum [nf] of bd-players","sum [nf] of academe-players","sum [nf] of business-players","sum [nf] of nga-players","sum [nf] of turtles","sum [g] of blgu-players","sum [g] of mplgu-players","sum [g] of bd-players","sum [g] of academe-players","sum [g] of business-players","sum [g] of nga-players","sum [g] of turtles","sum [cw] of blgu-players","sum [cw] of mplgu-players","sum [cw] of bd-players","sum [cw] of academe-players","sum [cw] of business-players","sum [cw] of nga-players","sum [cw] of turtles","sum [ps] of blgu-players","sum [ps] of mplgu-players","sum [ps] of bd-players","sum [ps] of academe-players","sum [ps] of business-players","sum [ps] of nga-players","sum [ps] of turtles","sum [lb] of blgu-players","sum [lb] of mplgu-players","sum [lb] of bd-players","sum [lb] of academe-players","sum [lb] of business-players","sum [lb] of nga-players","sum [lb] of turtles","sum [pf] of blgu-players","sum [pf] of mplgu-players","sum [pf] of bd-players","sum [pf] of academe-players","sum [pf] of business-players","sum [pf] of nga-players","sum [pf] of turtles","sum [nf] of blgu-players","sum [nf] of mplgu-players","sum [nf] of bd-players","sum [nf] of academe-players","sum [nf] of business-players","sum [nf] of nga-players","sum [nf] of turtles","sum [g] of blgu-players","sum [g] of mplgu-players","sum [g] of bd-players","sum [g] of academe-players","sum [g] of business-players","sum [g] of nga-players","sum [g] of turtles","sum [cw] of blgu-players","sum [cw] of mplgu-players","sum [cw] of bd-players","sum [cw] of academe-players","sum [cw] of business-players","sum [cw] of nga-players","sum [cw] of turtles","sum [ps] of blgu-players","sum [ps] of mplgu-players","sum [ps] of bd-players","sum [ps] of academe-players","sum [ps] of business-players","sum [ps] of nga-players","sum [ps] of turtles","sum [lb] of blgu-players","sum [lb] of mplgu-players","sum [lb] of bd-players","sum [lb] of academe-players","sum [lb] of business-players","sum [lb] of nga-players","sum [lb] of turtles","sum [pf] of blgu-players","sum [pf] of mplgu-players","sum [pf] of bd-players","sum [pf] of academe-players","sum [pf] of business-players","sum [pf] of nga-players","sum [pf] of turtles","sum [nf] of blgu-players","sum [nf] of mplgu-players","sum [nf] of bd-players","sum [nf] of academe-players","sum [nf] of business-players","sum [nf] of nga-players","sum [nf] of turtles","sum [g] of blgu-players","sum [g] of mplgu-players","sum [g] of bd-players","sum [g] of academe-players","sum [g] of business-players","sum [g] of nga-players","sum [g] of turtles","sum [cw] of blgu-players","sum [cw] of mplgu-players","sum [cw] of bd-players","sum [cw] of academe-players","sum [cw] of business-players","sum [cw] of nga-players","sum [cw] of turtles","sum [ps] of blgu-players","sum [ps] of mplgu-players","sum [ps] of bd-players","sum [ps] of academe-players","sum [ps] of business-players","sum [ps] of nga-players","sum [ps] of turtles","sum [lb] of blgu-players","sum [lb] of mplgu-players","sum [lb] of bd-players","sum [lb] of academe-players","sum [lb] of business-players","sum [lb] of nga-players","sum [lb] of turtles","sum [pf] of blgu-players","sum [pf] of mplgu-players","sum [pf] of bd-players","sum [pf] of academe-players","sum [pf] of business-players","sum [pf] of nga-players","sum [pf] of turtles","sum [nf] of blgu-players","sum [nf] of mplgu-players","sum [nf] of bd-players","sum [nf] of academe-players","sum [nf] of business-players","sum [nf] of nga-players","sum [nf] of turtles","sum [g] of blgu-players","sum [g] of mplgu-players","sum [g] of bd-players","sum [g] of academe-players","sum [g] of business-players","sum [g] of nga-players","sum [g] of turtles","sum [cw] of blgu-players","sum [cw] of mplgu-players","sum [cw] of bd-players","sum [cw] of academe-players","sum [cw] of business-players","sum [cw] of nga-players","sum [cw] of turtles","sum [ps] of blgu-players","sum [ps] of mplgu-players","sum [ps] of bd-players","sum [ps] of academe-players","sum [ps] of business-players","sum [ps] of nga-players","sum [ps] of turtles","sum [lb] of blgu-players","sum [lb] of mplgu-players","sum [lb] of bd-players","sum [lb] of academe-players","sum [lb] of business-players","sum [lb] of nga-players","sum [lb] of turtles","sum [pf] of blgu-players","sum [pf] of mplgu-players","sum [pf] of bd-players","sum [pf] of academe-players","sum [pf] of business-players","sum [pf] of nga-players","sum [pf] of turtles","sum [nf] of blgu-players","sum [nf] of mplgu-players","sum [nf] of bd-players","sum [nf] of academe-players","sum [nf] of business-players","sum [nf] of nga-players","sum [nf] of turtles","sum [g] of blgu-players","sum [g] of mplgu-players","sum [g] of bd-players","sum [g] of academe-players","sum [g] of business-players","sum [g] of nga-players","sum [g] of turtles","sum [cw] of blgu-players","sum [cw] of mplgu-players","sum [cw] of bd-players","sum [cw] of academe-players","sum [cw] of business-players","sum [cw] of nga-players","sum [cw] of turtles","sum [ps] of blgu-players","sum [ps] of mplgu-players","sum [ps] of bd-players","sum [ps] of academe-players","sum [ps] of business-players","sum [ps] of nga-players","sum [ps] of turtles","sum [lb] of blgu-players","sum [lb] of mplgu-players","sum [lb] of bd-players","sum [lb] of academe-players","sum [lb] of business-players","sum [lb] of nga-players","sum [lb] of turtles","sum [pf] of blgu-players","sum [pf] of mplgu-players","sum [pf] of bd-players","sum [pf] of academe-players","sum [pf] of business-players","sum [pf] of nga-players","sum [pf] of turtles","sum [nf] of blgu-players","sum [nf] of mplgu-players","sum [nf] of bd-players","sum [nf] of academe-players","sum [nf] of business-players","sum [nf] of nga-players","sum [nf] of turtles","sum [g] of blgu-players","sum [g] of mplgu-players","sum [g] of bd-players","sum [g] of academe-players","sum [g] of business-players","sum [g] of nga-players","sum [g] of turtles","sum [cw] of blgu-players","sum [cw] of mplgu-players","sum [cw] of bd-players","sum [cw] of academe-players","sum [cw] of business-players","sum [cw] of nga-players","sum [cw] of turtles","sum [ps] of blgu-players","sum [ps] of mplgu-players","sum [ps] of bd-players","sum [ps] of academe-players","sum [ps] of business-players","sum [ps] of nga-players","sum [ps] of turtles","sum [lb] of blgu-players","sum [lb] of mplgu-players","sum [lb] of bd-players","sum [lb] of academe-players","sum [lb] of business-players","sum [lb] of nga-players","sum [lb] of turtles","sum [pf] of blgu-players","sum [pf] of mplgu-players","sum [pf] of bd-players","sum [pf] of academe-players","sum [pf] of business-players","sum [pf] of nga-players","sum [pf] of turtles","sum [nf] of blgu-players","sum [nf] of mplgu-players","sum [nf] of bd-players","sum [nf] of academe-players","sum [nf] of business-players","sum [nf] of nga-players","sum [nf] of turtles","sum [g] of blgu-players","sum [g] of mplgu-players","sum [g] of bd-players","sum [g] of academe-players","sum [g] of business-players","sum [g] of nga-players","sum [g] of turtles","sum [cw] of blgu-players","sum [cw] of mplgu-players","sum [cw] of bd-players","sum [cw] of academe-players","sum [cw] of business-players","sum [cw] of nga-players","sum [cw] of turtles","sum [ps] of blgu-players","sum [ps] of mplgu-players","sum [ps] of bd-players","sum [ps] of academe-players","sum [ps] of business-players","sum [ps] of nga-players","sum [ps] of turtles","sum [lb] of blgu-players","sum [lb] of mplgu-players","sum [lb] of bd-players","sum [lb] of academe-players","sum [lb] of business-players","sum [lb] of nga-players","sum [lb] of turtles","sum [pf] of blgu-players","sum [pf] of mplgu-players","sum [pf] of bd-players","sum [pf] of academe-players","sum [pf] of business-players","sum [pf] of nga-players","sum [pf] of turtles","sum [nf] of blgu-players","sum [nf] of mplgu-players","sum [nf] of bd-players","sum [nf] of academe-players","sum [nf] of business-players","sum [nf] of nga-players","sum [nf] of turtles","sum [g] of blgu-players","sum [g] of mplgu-players","sum [g] of bd-players","sum [g] of academe-players","sum [g] of business-players","sum [g] of nga-players","sum [g] of turtles","sum [cw] of blgu-players","sum [cw] of mplgu-players","sum [cw] of bd-players","sum [cw] of academe-players","sum [cw] of business-players","sum [cw] of nga-players","sum [cw] of turtles","sum [ps] of blgu-players","sum [ps] of mplgu-players","sum [ps] of bd-players","sum [ps] of academe-players","sum [ps] of business-players","sum [ps] of nga-players","sum [ps] of turtles","sum [lb] of blgu-players","sum [lb] of mplgu-players","sum [lb] of bd-players","sum [lb] of academe-players","sum [lb] of business-players","sum [lb] of nga-players","sum [lb] of turtles","sum [pf] of blgu-players","sum [pf] of mplgu-players","sum [pf] of bd-players","sum [pf] of academe-players","sum [pf] of business-players","sum [pf] of nga-players","sum [pf] of turtles","sum [nf] of blgu-players","sum [nf] of mplgu-players","sum [nf] of bd-players","sum [nf] of academe-players","sum [nf] of business-players","sum [nf] of nga-players","sum [nf] of turtles","sum [g] of blgu-players","sum [g] of mplgu-players","sum [g] of bd-players","sum [g] of academe-players","sum [g] of business-players","sum [g] of nga-players","sum [g] of turtles","sum [cw] of blgu-players","sum [cw] of mplgu-players","sum [cw] of bd-players","sum [cw] of academe-players","sum [cw] of business-players","sum [cw] of nga-players","sum [cw] of turtles","sum [ps] of blgu-players","sum [ps] of mplgu-players","sum [ps] of bd-players","sum [ps] of academe-players","sum [ps] of business-players","sum [ps] of nga-players","sum [ps] of turtles","sum [lb] of blgu-players","sum [lb] of mplgu-players","sum [lb] of bd-players","sum [lb] of academe-players","sum [lb] of business-players","sum [lb] of nga-players","sum [lb] of turtles","sum [pf] of blgu-players","sum [pf] of mplgu-players","sum [pf] of bd-players","sum [pf] of academe-players","sum [pf] of business-players","sum [pf] of nga-players","sum [pf] of turtles","sum [nf] of blgu-players","sum [nf] of mplgu-players","sum [nf] of bd-players","sum [nf] of academe-players","sum [nf] of business-players","sum [nf] of nga-players","sum [nf] of turtles","sum [g] of blgu-players","sum [g] of mplgu-players","sum [g] of bd-players","sum [g] of academe-players","sum [g] of business-players","sum [g] of nga-players","sum [g] of turtles","sum [cw] of blgu-players","sum [cw] of mplgu-players","sum [cw] of bd-players","sum [cw] of academe-players","sum [cw] of business-players","sum [cw] of nga-players","sum [cw] of turtles","sum [ps] of blgu-players","sum [ps] of mplgu-players","sum [ps] of bd-players","sum [ps] of academe-players","sum [ps] of business-players","sum [ps] of nga-players","sum [ps] of turtles","sum [lb] of blgu-players","sum [lb] of mplgu-players","sum [lb] of bd-players","sum [lb] of academe-players","sum [lb] of business-players","sum [lb] of nga-players","sum [lb] of turtles","sum [pf] of blgu-players","sum [pf] of mplgu-players","sum [pf] of bd-players","sum [pf] of academe-players","sum [pf] of business-players","sum [pf] of nga-players","sum [pf] of turtles","sum [nf] of blgu-players","sum [nf] of mplgu-players","sum [nf] of bd-players","sum [nf] of academe-players","sum [nf] of business-players","sum [nf] of nga-players","sum [nf] of turtles","sum [g] of blgu-players","sum [g] of mplgu-players","sum [g] of bd-players","sum [g] of academe-players","sum [g] of business-players","sum [g] of nga-players","sum [g] of turtles","sum [cw] of blgu-players","sum [cw] of mplgu-players","sum [cw] of bd-players","sum [cw] of academe-players","sum [cw] of business-players","sum [cw] of nga-players","sum [cw] of turtles","sum [ps] of blgu-players","sum [ps] of mplgu-players","sum [ps] of bd-players","sum [ps] of academe-players","sum [ps] of business-players","sum [ps] of nga-players","sum [ps] of turtles","sum [lb] of blgu-players","sum [lb] of mplgu-players","sum [lb] of bd-players","sum [lb] of academe-players","sum [lb] of business-players","sum [lb] of nga-players","sum [lb] of turtles","sum [pf] of blgu-players","sum [pf] of mplgu-players","sum [pf] of bd-players","sum [pf] of academe-players","sum [pf] of business-players","sum [pf] of nga-players","sum [pf] of turtles","sum [nf] of blgu-players","sum [nf] of mplgu-players","sum [nf] of bd-players","sum [nf] of academe-players","sum [nf] of business-players","sum [nf] of nga-players","sum [nf] of turtles","sum [g] of blgu-players","sum [g] of mplgu-players","sum [g] of bd-players","sum [g] of academe-players","sum [g] of business-players","sum [g] of nga-players","sum [g] of turtles","sum [cw] of blgu-players","sum [cw] of mplgu-players","sum [cw] of bd-players","sum [cw] of academe-players","sum [cw] of business-players","sum [cw] of nga-players","sum [cw] of turtles","sum [ps] of blgu-players","sum [ps] of mplgu-players","sum [ps] of bd-players","sum [ps] of academe-players","sum [ps] of business-players","sum [ps] of nga-players","sum [ps] of turtles","sum [lb] of blgu-players","sum [lb] of mplgu-players","sum [lb] of bd-players","sum [lb] of academe-players","sum [lb] of business-players","sum [lb] of nga-players","sum [lb] of turtles","sum [pf] of blgu-players","sum [pf] of mplgu-players","sum [pf] of bd-players","sum [pf] of academe-players","sum [pf] of business-players","sum [pf] of nga-players","sum [pf] of turtles","sum [nf] of blgu-players","sum [nf] of mplgu-players","sum [nf] of bd-players","sum [nf] of academe-players","sum [nf] of business-players","sum [nf] of nga-players","sum [nf] of turtles","sum [g] of blgu-players","sum [g] of mplgu-players","sum [g] of bd-players","sum [g] of academe-players","sum [g] of business-players","sum [g] of nga-players","sum [g] of turtles","sum [cw] of blgu-players","sum [cw] of mplgu-players","sum [cw] of bd-players","sum [cw] of academe-players","sum [cw] of business-players","sum [cw] of nga-players","sum [cw] of turtles","sum [ps] of blgu-players","sum [ps] of mplgu-players","sum [ps] of bd-players","sum [ps] of academe-players","sum [ps] of business-players","sum [ps] of nga-players","sum [ps] of turtles","sum [lb] of blgu-players","sum [lb] of mplgu-players","sum [lb] of bd-players","sum [lb] of academe-players","sum [lb] of business-players","sum [lb] of nga-players","sum [lb] of turtles","sum [pf] of blgu-players","sum [pf] of mplgu-players","sum [pf] of bd-players","sum [pf] of academe-players","sum [pf] of business-players","sum [pf] of nga-players","sum [pf] of turtles","sum [nf] of blgu-players","sum [nf] of mplgu-players","sum [nf] of bd-players","sum [nf] of academe-players","sum [nf] of business-players","sum [nf] of nga-players","sum [nf] of turtles","sum [g] of blgu-players","sum [g] of mplgu-players","sum [g] of bd-players","sum [g] of academe-players","sum [g] of business-players","sum [g] of nga-players","sum [g] of turtles","sum [cw] of blgu-players","sum [cw] of mplgu-players","sum [cw] of bd-players","sum [cw] of academe-players","sum [cw] of business-players","sum [cw] of nga-players","sum [cw] of turtles","sum [ps] of blgu-players","sum [ps] of mplgu-players","sum [ps] of bd-players","sum [ps] of academe-players","sum [ps] of business-players","sum [ps] of nga-players","sum [ps] of turtles","sum [lb] of blgu-players","sum [lb] of mplgu-players","sum [lb] of bd-players","sum [lb] of academe-players","sum [lb] of business-players","sum [lb] of nga-players","sum [lb] of turtles","sum [pf] of blgu-players","sum [pf] of mplgu-players","sum [pf] of bd-players","sum [pf] of academe-players","sum [pf] of business-players","sum [pf] of nga-players","sum [pf] of turtles","sum [nf] of blgu-players","sum [nf] of mplgu-players","sum [nf] of bd-players","sum [nf] of academe-players","sum [nf] of business-players","sum [nf] of nga-players","sum [nf] of turtles","sum [g] of blgu-players","sum [g] of mplgu-players","sum [g] of bd-players","sum [g] of academe-players","sum [g] of business-players","sum [g] of nga-players","sum [g] of turtles","sum [cw] of blgu-players","sum [cw] of mplgu-players","sum [cw] of bd-players","sum [cw] of academe-players","sum [cw] of business-players","sum [cw] of nga-players","sum [cw] of turtles","sum [ps] of blgu-players","sum [ps] of mplgu-players","sum [ps] of bd-players","sum [ps] of academe-players","sum [ps] of business-players","sum [ps] of nga-players","sum [ps] of turtles","sum [lb] of blgu-players","sum [lb] of mplgu-players","sum [lb] of bd-players","sum [lb] of academe-players","sum [lb] of business-players","sum [lb] of nga-players","sum [lb] of turtles","sum [pf] of blgu-players","sum [pf] of mplgu-players","sum [pf] of bd-players","sum [pf] of academe-players","sum [pf] of business-players","sum [pf] of nga-players","sum [pf] of turtles","sum [nf] of blgu-players","sum [nf] of mplgu-players","sum [nf] of bd-players","sum [nf] of academe-players","sum [nf] of business-players","sum [nf] of nga-players","sum [nf] of turtles","sum [g] of blgu-players","sum [g] of mplgu-players","sum [g] of bd-players","sum [g] of academe-players","sum [g] of business-players","sum [g] of nga-players","sum [g] of turtles","sum [cw] of blgu-players","sum [cw] of mplgu-players","sum [cw] of bd-players","sum [cw] of academe-players","sum [cw] of business-players","sum [cw] of nga-players","sum [cw] of turtles","sum [ps] of blgu-players","sum [ps] of mplgu-players","sum [ps] of bd-players","sum [ps] of academe-players","sum [ps] of business-players","sum [ps] of nga-players","sum [ps] of turtles","sum [lb] of blgu-players","sum [lb] of mplgu-players","sum [lb] of bd-players","sum [lb] of academe-players","sum [lb] of business-players","sum [lb] of nga-players","sum [lb] of turtles","sum [pf] of blgu-players","sum [pf] of mplgu-players","sum [pf] of bd-players","sum [pf] of academe-players","sum [pf] of business-players","sum [pf] of nga-players","sum [pf] of turtles","sum [nf] of blgu-players","sum [nf] of mplgu-players","sum [nf] of bd-players","sum [nf] of academe-players","sum [nf] of business-players","sum [nf] of nga-players","sum [nf] of turtles","sum [g] of blgu-players","sum [g] of mplgu-players","sum [g] of bd-players","sum [g] of academe-players","sum [g] of business-players","sum [g] of nga-players","sum [g] of turtles","sum [cw] of blgu-players","sum [cw] of mplgu-players","sum [cw] of bd-players","sum [cw] of academe-players","sum [cw] of business-players","sum [cw] of nga-players","sum [cw] of turtles","sum [ps] of blgu-players","sum [ps] of mplgu-players","sum [ps] of bd-players","sum [ps] of academe-players","sum [ps] of business-players","sum [ps] of nga-players","sum [ps] of turtles","sum [lb] of blgu-players","sum [lb] of mplgu-players","sum [lb] of bd-players","sum [lb] of academe-players","sum [lb] of business-players","sum [lb] of nga-players","sum [lb] of turtles","sum [pf] of blgu-players","sum [pf] of mplgu-players","sum [pf] of bd-players","sum [pf] of academe-players","sum [pf] of business-players","sum [pf] of nga-players","sum [pf] of turtles","sum [nf] of blgu-players","sum [nf] of mplgu-players","sum [nf] of bd-players","sum [nf] of academe-players","sum [nf] of business-players","sum [nf] of nga-players","sum [nf] of turtles","sum [g] of blgu-players","sum [g] of mplgu-players","sum [g] of bd-players","sum [g] of academe-players","sum [g] of business-players","sum [g] of nga-players","sum [g] of turtles","sum [cw] of blgu-players","sum [cw] of mplgu-players","sum [cw] of bd-players","sum [cw] of academe-players","sum [cw] of business-players","sum [cw] of nga-players","sum [cw] of turtles","sum [ps] of blgu-players","sum [ps] of mplgu-players","sum [ps] of bd-players","sum [ps] of academe-players","sum [ps] of business-players","sum [ps] of nga-players","sum [ps] of turtles","sum [lb] of blgu-players","sum [lb] of mplgu-players","sum [lb] of bd-players","sum [lb] of academe-players","sum [lb] of business-players","sum [lb] of nga-players","sum [lb] of turtles","sum [pf] of blgu-players","sum [pf] of mplgu-players","sum [pf] of bd-players","sum [pf] of academe-players","sum [pf] of business-players","sum [pf] of nga-players","sum [pf] of turtles","sum [nf] of blgu-players","sum [nf] of mplgu-players","sum [nf] of bd-players","sum [nf] of academe-players","sum [nf] of business-players","sum [nf] of nga-players","sum [nf] of turtles","sum [g] of blgu-players","sum [g] of mplgu-players","sum [g] of bd-players","sum [g] of academe-players","sum [g] of business-players","sum [g] of nga-players","sum [g] of turtles","sum [cw] of blgu-players","sum [cw] of mplgu-players","sum [cw] of bd-players","sum [cw] of academe-players","sum [cw] of business-players","sum [cw] of nga-players","sum [cw] of turtles","sum [ps] of blgu-players","sum [ps] of mplgu-players","sum [ps] of bd-players","sum [ps] of academe-players","sum [ps] of business-players","sum [ps] of nga-players","sum [ps] of turtles","sum [lb] of blgu-players","sum [lb] of mplgu-players","sum [lb] of bd-players","sum [lb] of academe-players","sum [lb] of business-players","sum [lb] of nga-players","sum [lb] of turtles","sum [pf] of blgu-players","sum [pf] of mplgu-players","sum [pf] of bd-players","sum [pf] of academe-players","sum [pf] of business-players","sum [pf] of nga-players","sum [pf] of turtles","sum [nf] of blgu-players","sum [nf] of mplgu-players","sum [nf] of bd-players","sum [nf] of academe-players","sum [nf] of business-players","sum [nf] of nga-players","sum [nf] of turtles","sum [g] of blgu-players","sum [g] of mplgu-players","sum [g] of bd-players","sum [g] of academe-players","sum [g] of business-players","sum [g] of nga-players","sum [g] of turtles","sum [cw] of blgu-players","sum [cw] of mplgu-players","sum [cw] of bd-players","sum [cw] of academe-players","sum [cw] of business-players","sum [cw] of nga-players","sum [cw] of turtles","sum [ps] of blgu-players","sum [ps] of mplgu-players","sum [ps] of bd-players","sum [ps] of academe-players","sum [ps] of business-players","sum [ps] of nga-players","sum [ps] of turtles","sum [lb] of blgu-players","sum [lb] of mplgu-players","sum [lb] of bd-players","sum [lb] of academe-players","sum [lb] of business-players","sum [lb] of nga-players","sum [lb] of turtles","sum [pf] of blgu-players","sum [pf] of mplgu-players","sum [pf] of bd-players","sum [pf] of academe-players","sum [pf] of business-players","sum [pf] of nga-players","sum [pf] of turtles","sum [nf] of blgu-players","sum [nf] of mplgu-players","sum [nf] of bd-players","sum [nf] of academe-players","sum [nf] of business-players","sum [nf] of nga-players","sum [nf] of turtles","sum [g] of blgu-players","sum [g] of mplgu-players","sum [g] of bd-players","sum [g] of academe-players","sum [g] of business-players","sum [g] of nga-players","sum [g] of turtles","sum [cw] of blgu-players","sum [cw] of mplgu-players","sum [cw] of bd-players","sum [cw] of academe-players","sum [cw] of business-players","sum [cw] of nga-players","sum [cw] of turtles","sum [ps] of blgu-players","sum [ps] of mplgu-players","sum [ps] of bd-players","sum [ps] of academe-players","sum [ps] of business-players","sum [ps] of nga-players","sum [ps] of turtles","sum [lb] of blgu-players","sum [lb] of mplgu-players","sum [lb] of bd-players","sum [lb] of academe-players","sum [lb] of business-players","sum [lb] of nga-players","sum [lb] of turtles","sum [pf] of blgu-players","sum [pf] of mplgu-players","sum [pf] of bd-players","sum [pf] of academe-players","sum [pf] of business-players","sum [pf] of nga-players","sum [pf] of turtles","sum [nf] of blgu-players","sum [nf] of mplgu-players","sum [nf] of bd-players","sum [nf] of academe-players","sum [nf] of business-players","sum [nf] of nga-players","sum [nf] of turtles","sum [g] of blgu-players","sum [g] of mplgu-players","sum [g] of bd-players","sum [g] of academe-players","sum [g] of business-players","sum [g] of nga-players","sum [g] of turtles","sum [cw] of blgu-players","sum [cw] of mplgu-players","sum [cw] of bd-players","sum [cw] of academe-players","sum [cw] of business-players","sum [cw] of nga-players","sum [cw] of turtles","sum [ps] of blgu-players","sum [ps] of mplgu-players","sum [ps] of bd-players","sum [ps] of academe-players","sum [ps] of business-players","sum [ps] of nga-players","sum [ps] of turtles","sum [lb] of blgu-players","sum [lb] of mplgu-players","sum [lb] of bd-players","sum [lb] of academe-players","sum [lb] of business-players","sum [lb] of nga-players","sum [lb] of turtles","sum [pf] of blgu-players","sum [pf] of mplgu-players","sum [pf] of bd-players","sum [pf] of academe-players","sum [pf] of business-players","sum [pf] of nga-players","sum [pf] of turtles","sum [nf] of blgu-players","sum [nf] of mplgu-players","sum [nf] of bd-players","sum [nf] of academe-players","sum [nf] of business-players","sum [nf] of nga-players","sum [nf] of turtles","sum [g] of blgu-players","sum [g] of mplgu-players","sum [g] of bd-players","sum [g] of academe-players","sum [g] of business-players","sum [g] of nga-players","sum [g] of turtles","sum [cw] of blgu-players","sum [cw] of mplgu-players","sum [cw] of bd-players","sum [cw] of academe-players","sum [cw] of business-players","sum [cw] of nga-players","sum [cw] of turtles","sum [ps] of blgu-players","sum [ps] of mplgu-players","sum [ps] of bd-players","sum [ps] of academe-players","sum [ps] of business-players","sum [ps] of nga-players","sum [ps] of turtles","sum [lb] of blgu-players","sum [lb] of mplgu-players","sum [lb] of bd-players","sum [lb] of academe-players","sum [lb] of business-players","sum [lb] of nga-players","sum [lb] of turtles","sum [pf] of blgu-players","sum [pf] of mplgu-players","sum [pf] of bd-players","sum [pf] of academe-players","sum [pf] of business-players","sum [pf] of nga-players","sum [pf] of turtles","sum [nf] of blgu-players","sum [nf] of mplgu-players","sum [nf] of bd-players","sum [nf] of academe-players","sum [nf] of business-players","sum [nf] of nga-players","sum [nf] of turtles","sum [g] of blgu-players","sum [g] of mplgu-players","sum [g] of bd-players","sum [g] of academe-players","sum [g] of business-players","sum [g] of nga-players","sum [g] of turtles","sum [cw] of blgu-players","sum [cw] of mplgu-players","sum [cw] of bd-players","sum [cw] of academe-players","sum [cw] of business-players","sum [cw] of nga-players","sum [cw] of turtles","sum [ps] of blgu-players","sum [ps] of mplgu-players","sum [ps] of bd-players","sum [ps] of academe-players","sum [ps] of business-players","sum [ps] of nga-players","sum [ps] of turtles","sum [lb] of blgu-players","sum [lb] of mplgu-players","sum [lb] of bd-players","sum [lb] of academe-players","sum [lb] of business-players","sum [lb] of nga-players","sum [lb] of turtles","sum [pf] of blgu-players","sum [pf] of mplgu-players","sum [pf] of bd-players","sum [pf] of academe-players","sum [pf] of business-players","sum [pf] of nga-players","sum [pf] of turtles","sum [nf] of blgu-players","sum [nf] of mplgu-players","sum [nf] of bd-players","sum [nf] of academe-players","sum [nf] of business-players","sum [nf] of nga-players","sum [nf] of turtles","sum [g] of blgu-players","sum [g] of mplgu-players","sum [g] of bd-players","sum [g] of academe-players","sum [g] of business-players","sum [g] of nga-players","sum [g] of turtles","sum [cw] of blgu-players","sum [cw] of mplgu-players","sum [cw] of bd-players","sum [cw] of academe-players","sum [cw] of business-players","sum [cw] of nga-players","sum [cw] of turtles","sum [ps] of blgu-players","sum [ps] of mplgu-players","sum [ps] of bd-players","sum [ps] of academe-players","sum [ps] of business-players","sum [ps] of nga-players","sum [ps] of turtles","sum [lb] of blgu-players","sum [lb] of mplgu-players","sum [lb] of bd-players","sum [lb] of academe-players","sum [lb] of business-players","sum [lb] of nga-players","sum [lb] of turtles","sum [pf] of blgu-players","sum [pf] of mplgu-players","sum [pf] of bd-players","sum [pf] of academe-players","sum [pf] of business-players","sum [pf] of nga-players","sum [pf] of turtles","sum [nf] of blgu-players","sum [nf] of mplgu-players","sum [nf] of bd-players","sum [nf] of academe-players","sum [nf] of business-players","sum [nf] of nga-players","sum [nf] of turtles","sum [g] of blgu-players","sum [g] of mplgu-players","sum [g] of bd-players","sum [g] of academe-players","sum [g] of business-players","sum [g] of nga-players","sum [g] of turtles","sum [cw] of blgu-players","sum [cw] of mplgu-players","sum [cw] of bd-players","sum [cw] of academe-players","sum [cw] of business-players","sum [cw] of nga-players","sum [cw] of turtles","sum [ps] of blgu-players","sum [ps] of mplgu-players","sum [ps] of bd-players","sum [ps] of academe-players","sum [ps] of business-players","sum [ps] of nga-players","sum [ps] of turtles","sum [lb] of blgu-players","sum [lb] of mplgu-players","sum [lb] of bd-players","sum [lb] of academe-players","sum [lb] of business-players","sum [lb] of nga-players","sum [lb] of turtles","sum [pf] of blgu-players","sum [pf] of mplgu-players","sum [pf] of bd-players","sum [pf] of academe-players","sum [pf] of business-players","sum [pf] of nga-players","sum [pf] of turtles","sum [nf] of blgu-players","sum [nf] of mplgu-players","sum [nf] of bd-players","sum [nf] of academe-players","sum [nf] of business-players","sum [nf] of nga-players","sum [nf] of turtles","sum [g] of blgu-players","sum [g] of mplgu-players","sum [g] of bd-players","sum [g] of academe-players","sum [g] of business-players","sum [g] of nga-players","sum [g] of turtles","sum [cw] of blgu-players","sum [cw] of mplgu-players","sum [cw] of bd-players","sum [cw] of academe-players","sum [cw] of business-players","sum [cw] of nga-players","sum [cw] of turtles","sum [ps] of blgu-players","sum [ps] of mplgu-players","sum [ps] of bd-players","sum [ps] of academe-players","sum [ps] of business-players","sum [ps] of nga-players","sum [ps] of turtles","sum [lb] of blgu-players","sum [lb] of mplgu-players","sum [lb] of bd-players","sum [lb] of academe-players","sum [lb] of business-players","sum [lb] of nga-players","sum [lb] of turtles","sum [pf] of blgu-players","sum [pf] of mplgu-players","sum [pf] of bd-players","sum [pf] of academe-players","sum [pf] of business-players","sum [pf] of nga-players","sum [pf] of turtles","sum [nf] of blgu-players","sum [nf] of mplgu-players","sum [nf] of bd-players","sum [nf] of academe-players","sum [nf] of business-players","sum [nf] of nga-players","sum [nf] of turtles","sum [g] of blgu-players","sum [g] of mplgu-players","sum [g] of bd-players","sum [g] of academe-players","sum [g] of business-players","sum [g] of nga-players","sum [g] of turtles","sum [cw] of blgu-players","sum [cw] of mplgu-players","sum [cw] of bd-players","sum [cw] of academe-players","sum [cw] of business-players","sum [cw] of nga-players","sum [cw] of turtles","sum [ps] of blgu-players","sum [ps] of mplgu-players","sum [ps] of bd-players","sum [ps] of academe-players","sum [ps] of business-players","sum [ps] of nga-players","sum [ps] of turtles","sum [lb] of blgu-players","sum [lb] of mplgu-players","sum [lb] of bd-players","sum [lb] of academe-players","sum [lb] of business-players","sum [lb] of nga-players","sum [lb] of turtles","sum [pf] of blgu-players","sum [pf] of mplgu-players","sum [pf] of bd-players","sum [pf] of academe-players","sum [pf] of business-players","sum [pf] of nga-players","sum [pf] of turtles","sum [nf] of blgu-players","sum [nf] of mplgu-players","sum [nf] of bd-players","sum [nf] of academe-players","sum [nf] of business-players","sum [nf] of nga-players","sum [nf] of turtles","sum [g] of blgu-players","sum [g] of mplgu-players","sum [g] of bd-players","sum [g] of academe-players","sum [g] of business-players","sum [g] of nga-players","sum [g] of turtles","sum [cw] of blgu-players","sum [cw] of mplgu-players","sum [cw] of bd-players","sum [cw] of academe-players","sum [cw] of business-players","sum [cw] of nga-players","sum [cw] of turtles","sum [ps] of blgu-players","sum [ps] of mplgu-players","sum [ps] of bd-players","sum [ps] of academe-players","sum [ps] of business-players","sum [ps] of nga-players","sum [ps] of turtles","sum [lb] of blgu-players","sum [lb] of mplgu-players","sum [lb] of bd-players","sum [lb] of academe-players","sum [lb] of business-players","sum [lb] of nga-players","sum [lb] of turtles","sum [pf] of blgu-players","sum [pf] of mplgu-players","sum [pf] of bd-players","sum [pf] of academe-players","sum [pf] of business-players","sum [pf] of nga-players","sum [pf] of turtles","sum [nf] of blgu-players","sum [nf] of mplgu-players","sum [nf] of bd-players","sum [nf] of academe-players","sum [nf] of business-players","sum [nf] of nga-players","sum [nf] of turtles","sum [g] of blgu-players","sum [g] of mplgu-players","sum [g] of bd-players","sum [g] of academe-players","sum [g] of business-players","sum [g] of nga-players","sum [g] of turtles","sum [cw] of blgu-players","sum [cw] of mplgu-players","sum [cw] of bd-players","sum [cw] of academe-players","sum [cw] of business-players","sum [cw] of nga-players","sum [cw] of turtles","sum [ps] of blgu-players","sum [ps] of mplgu-players","sum [ps] of bd-players","sum [ps] of academe-players","sum [ps] of business-players","sum [ps] of nga-players","sum [ps] of turtles","sum [lb] of blgu-players","sum [lb] of mplgu-players","sum [lb] of bd-players","sum [lb] of academe-players","sum [lb] of business-players","sum [lb] of nga-players","sum [lb] of turtles","sum [pf] of blgu-players","sum [pf] of mplgu-players","sum [pf] of bd-players","sum [pf] of academe-players","sum [pf] of business-players","sum [pf] of nga-players","sum [pf] of turtles","sum [nf] of blgu-players","sum [nf] of mplgu-players","sum [nf] of bd-players","sum [nf] of academe-players","sum [nf] of business-players","sum [nf] of nga-players","sum [nf] of turtles","sum [g] of blgu-players","sum [g] of mplgu-players","sum [g] of bd-players","sum [g] of academe-players","sum [g] of business-players","sum [g] of nga-players","sum [g] of turtles","sum [cw] of blgu-players","sum [cw] of mplgu-players","sum [cw] of bd-players","sum [cw] of academe-players","sum [cw] of business-players","sum [cw] of nga-players","sum [cw] of turtles","sum [ps] of blgu-players","sum [ps] of mplgu-players","sum [ps] of bd-players","sum [ps] of academe-players","sum [ps] of business-players","sum [ps] of nga-players","sum [ps] of turtles","sum [lb] of blgu-players","sum [lb] of mplgu-players","sum [lb] of bd-players","sum [lb] of academe-players","sum [lb] of business-players","sum [lb] of nga-players","sum [lb] of turtles","sum [pf] of blgu-players","sum [pf] of mplgu-players","sum [pf] of bd-players","sum [pf] of academe-players","sum [pf] of business-players","sum [pf] of nga-players","sum [pf] of turtles","sum [nf] of blgu-players","sum [nf] of mplgu-players","sum [nf] of bd-players","sum [nf] of academe-players","sum [nf] of business-players","sum [nf] of nga-players","sum [nf] of turtles","sum [g] of blgu-players","sum [g] of mplgu-players","sum [g] of bd-players","sum [g] of academe-players","sum [g] of business-players","sum [g] of nga-players","sum [g] of turtles","sum [cw] of blgu-players","sum [cw] of mplgu-players","sum [cw] of bd-players","sum [cw] of academe-players","sum [cw] of business-players","sum [cw] of nga-players","sum [cw] of turtles","sum [ps] of blgu-players","sum [ps] of mplgu-players","sum [ps] of bd-players","sum [ps] of academe-players","sum [ps] of business-players","sum [ps] of nga-players","sum [ps] of turtles","sum [lb] of blgu-players","sum [lb] of mplgu-players","sum [lb] of bd-players","sum [lb] of academe-players","sum [lb] of business-players","sum [lb] of nga-players","sum [lb] of turtles","sum [pf] of blgu-players","sum [pf] of mplgu-players","sum [pf] of bd-players","sum [pf] of academe-players","sum [pf] of business-players","sum [pf] of nga-players","sum [pf] of turtles","sum [nf] of blgu-players","sum [nf] of mplgu-players","sum [nf] of bd-players","sum [nf] of academe-players","sum [nf] of business-players","sum [nf] of nga-players","sum [nf] of turtles","sum [g] of blgu-players","sum [g] of mplgu-players","sum [g] of bd-players","sum [g] of academe-players","sum [g] of business-players","sum [g] of nga-players","sum [g] of turtles","sum [cw] of blgu-players","sum [cw] of mplgu-players","sum [cw] of bd-players","sum [cw] of academe-players","sum [cw] of business-players","sum [cw] of nga-players","sum [cw] of turtles","sum [ps] of blgu-players","sum [ps] of mplgu-players","sum [ps] of bd-players","sum [ps] of academe-players","sum [ps] of business-players","sum [ps] of nga-players","sum [ps] of turtles","sum [lb] of blgu-players","sum [lb] of mplgu-players","sum [lb] of bd-players","sum [lb] of academe-players","sum [lb] of business-players","sum [lb] of nga-players","sum [lb] of turtles","sum [pf] of blgu-players","sum [pf] of mplgu-players","sum [pf] of bd-players","sum [pf] of academe-players","sum [pf] of business-players","sum [pf] of nga-players","sum [pf] of turtles","sum [nf] of blgu-players","sum [nf] of mplgu-players","sum [nf] of bd-players","sum [nf] of academe-players","sum [nf] of business-players","sum [nf] of nga-players","sum [nf] of turtles","sum [g] of blgu-players","sum [g] of mplgu-players","sum [g] of bd-players","sum [g] of academe-players","sum [g] of business-players","sum [g] of nga-players","sum [g] of turtles","sum [cw] of blgu-players","sum [cw] of mplgu-players","sum [cw] of bd-players","sum [cw] of academe-players","sum [cw] of business-players","sum [cw] of nga-players","sum [cw] of turtles","sum [ps] of blgu-players","sum [ps] of mplgu-players","sum [ps] of bd-players","sum [ps] of academe-players","sum [ps] of business-players","sum [ps] of nga-players","sum [ps] of turtles","sum [lb] of blgu-players","sum [lb] of mplgu-players","sum [lb] of bd-players","sum [lb] of academe-players","sum [lb] of business-players","sum [lb] of nga-players","sum [lb] of turtles","sum [pf] of blgu-players","sum [pf] of mplgu-players","sum [pf] of bd-players","sum [pf] of academe-players","sum [pf] of business-players","sum [pf] of nga-players","sum [pf] of turtles","sum [nf] of blgu-players","sum [nf] of mplgu-players","sum [nf] of bd-players","sum [nf] of academe-players","sum [nf] of business-players","sum [nf] of nga-players","sum [nf] of turtles","sum [g] of blgu-players","sum [g] of mplgu-players","sum [g] of bd-players","sum [g] of academe-players","sum [g] of business-players","sum [g] of nga-players","sum [g] of turtles","sum [cw] of blgu-players","sum [cw] of mplgu-players","sum [cw] of bd-players","sum [cw] of academe-players","sum [cw] of business-players","sum [cw] of nga-players","sum [cw] of turtles","sum [ps] of blgu-players","sum [ps] of mplgu-players","sum [ps] of bd-players","sum [ps] of academe-players","sum [ps] of business-players","sum [ps] of nga-players","sum [ps] of turtles","sum [lb] of blgu-players","sum [lb] of mplgu-players","sum [lb] of bd-players","sum [lb] of academe-players","sum [lb] of business-players","sum [lb] of nga-players","sum [lb] of turtles","sum [pf] of blgu-players","sum [pf] of mplgu-players","sum [pf] of bd-players","sum [pf] of academe-players","sum [pf] of business-players","sum [pf] of nga-players","sum [pf] of turtles","sum [nf] of blgu-players","sum [nf] of mplgu-players","sum [nf] of bd-players","sum [nf] of academe-players","sum [nf] of business-players","sum [nf] of nga-players","sum [nf] of turtles","sum [g] of blgu-players","sum [g] of mplgu-players","sum [g] of bd-players","sum [g] of academe-players","sum [g] of business-players","sum [g] of nga-players","sum [g] of turtles","sum [cw] of blgu-players","sum [cw] of mplgu-players","sum [cw] of bd-players","sum [cw] of academe-players","sum [cw] of business-players","sum [cw] of nga-players","sum [cw] of turtles","sum [ps] of blgu-players","sum [ps] of mplgu-players","sum [ps] of bd-players","sum [ps] of academe-players","sum [ps] of business-players","sum [ps] of nga-players","sum [ps] of turtles","sum [lb] of blgu-players","sum [lb] of mplgu-players","sum [lb] of bd-players","sum [lb] of academe-players","sum [lb] of business-players","sum [lb] of nga-players","sum [lb] of turtles","sum [pf] of blgu-players","sum [pf] of mplgu-players","sum [pf] of bd-players","sum [pf] of academe-players","sum [pf] of business-players","sum [pf] of nga-players","sum [pf] of turtles","sum [nf] of blgu-players","sum [nf] of mplgu-players","sum [nf] of bd-players","sum [nf] of academe-players","sum [nf] of business-players","sum [nf] of nga-players","sum [nf] of turtles","sum [g] of blgu-players","sum [g] of mplgu-players","sum [g] of bd-players","sum [g] of academe-players","sum [g] of business-players","sum [g] of nga-players","sum [g] of turtles","sum [cw] of blgu-players","sum [cw] of mplgu-players","sum [cw] of bd-players","sum [cw] of academe-players","sum [cw] of business-players","sum [cw] of nga-players","sum [cw] of turtles","sum [ps] of blgu-players","sum [ps] of mplgu-players","sum [ps] of bd-players","sum [ps] of academe-players","sum [ps] of business-players","sum [ps] of nga-players","sum [ps] of turtles","sum [lb] of blgu-players","sum [lb] of mplgu-players","sum [lb] of bd-players","sum [lb] of academe-players","sum [lb] of business-players","sum [lb] of nga-players","sum [lb] of turtles","sum [pf] of blgu-players","sum [pf] of mplgu-players","sum [pf] of bd-players","sum [pf] of academe-players","sum [pf] of business-players","sum [pf] of nga-players","sum [pf] of turtles","sum [nf] of blgu-players","sum [nf] of mplgu-players","sum [nf] of bd-players","sum [nf] of academe-players","sum [nf] of business-players","sum [nf] of nga-players","sum [nf] of turtles","sum [g] of blgu-players","sum [g] of mplgu-players","sum [g] of bd-players","sum [g] of academe-players","sum [g] of business-players","sum [g] of nga-players","sum [g] of turtles","sum [cw] of blgu-players","sum [cw] of mplgu-players","sum [cw] of bd-players","sum [cw] of academe-players","sum [cw] of business-players","sum [cw] of nga-players","sum [cw] of turtles","sum [ps] of blgu-players","sum [ps] of mplgu-players","sum [ps] of bd-players","sum [ps] of academe-players","sum [ps] of business-players","sum [ps] of nga-players","sum [ps] of turtles","sum [lb] of blgu-players","sum [lb] of mplgu-players","sum [lb] of bd-players","sum [lb] of academe-players","sum [lb] of business-players","sum [lb] of nga-players","sum [lb] of turtles","sum [pf] of blgu-players","sum [pf] of mplgu-players","sum [pf] of bd-players","sum [pf] of academe-players","sum [pf] of business-players","sum [pf] of nga-players","sum [pf] of turtles","sum [nf] of blgu-players","sum [nf] of mplgu-players","sum [nf] of bd-players","sum [nf] of academe-players","sum [nf] of business-players","sum [nf] of nga-players","sum [nf] of turtles","sum [g] of blgu-players","sum [g] of mplgu-players","sum [g] of bd-players","sum [g] of academe-players","sum [g] of business-players","sum [g] of nga-players","sum [g] of turtles","sum [cw] of blgu-players","sum [cw] of mplgu-players","sum [cw] of bd-players","sum [cw] of academe-players","sum [cw] of business-players","sum [cw] of nga-players","sum [cw] of turtles","sum [ps] of blgu-players","sum [ps] of mplgu-players","sum [ps] of bd-players","sum [ps] of academe-players","sum [ps] of business-players","sum [ps] of nga-players","sum [ps] of turtles","sum [lb] of blgu-players","sum [lb] of mplgu-players","sum [lb] of bd-players","sum [lb] of academe-players","sum [lb] of business-players","sum [lb] of nga-players","sum [lb] of turtles","sum [pf] of blgu-players","sum [pf] of mplgu-players","sum [pf] of bd-players","sum [pf] of academe-players","sum [pf] of business-players","sum [pf] of nga-players","sum [pf] of turtles","sum [nf] of blgu-players","sum [nf] of mplgu-players","sum [nf] of bd-players","sum [nf] of academe-players","sum [nf] of business-players","sum [nf] of nga-players","sum [nf] of turtles","sum [g] of blgu-players","sum [g] of mplgu-players","sum [g] of bd-players","sum [g] of academe-players","sum [g] of business-players","sum [g] of nga-players","sum [g] of turtles","sum [cw] of blgu-players","sum [cw] of mplgu-players","sum [cw] of bd-players","sum [cw] of academe-players","sum [cw] of business-players","sum [cw] of nga-players","sum [cw] of turtles","sum [ps] of blgu-players","sum [ps] of mplgu-players","sum [ps] of bd-players","sum [ps] of academe-players","sum [ps] of business-players","sum [ps] of nga-players","sum [ps] of turtles","sum [lb] of blgu-players","sum [lb] of mplgu-players","sum [lb] of bd-players","sum [lb] of academe-players","sum [lb] of business-players","sum [lb] of nga-players","sum [lb] of turtles","sum [pf] of blgu-players","sum [pf] of mplgu-players","sum [pf] of bd-players","sum [pf] of academe-players","sum [pf] of business-players","sum [pf] of nga-players","sum [pf] of turtles","sum [nf] of blgu-players","sum [nf] of mplgu-players","sum [nf] of bd-players","sum [nf] of academe-players","sum [nf] of business-players","sum [nf] of nga-players","sum [nf] of turtles","sum [g] of blgu-players","sum [g] of mplgu-players","sum [g] of bd-players","sum [g] of academe-players","sum [g] of business-players","sum [g] of nga-players","sum [g] of turtles","sum [cw] of blgu-players","sum [cw] of mplgu-players","sum [cw] of bd-players","sum [cw] of academe-players","sum [cw] of business-players","sum [cw] of nga-players","sum [cw] of turtles","sum [ps] of blgu-players","sum [ps] of mplgu-players","sum [ps] of bd-players","sum [ps] of academe-players","sum [ps] of business-players","sum [ps] of nga-players","sum [ps] of turtles","sum [lb] of blgu-players","sum [lb] of mplgu-players","sum [lb] of bd-players","sum [lb] of academe-players","sum [lb] of business-players","sum [lb] of nga-players","sum [lb] of turtles","sum [pf] of blgu-players","sum [pf] of mplgu-players","sum [pf] of bd-players","sum [pf] of academe-players","sum [pf] of business-players","sum [pf] of nga-players","sum [pf] of turtles","sum [nf] of blgu-players","sum [nf] of mplgu-players","sum [nf] of bd-players","sum [nf] of academe-players","sum [nf] of business-players","sum [nf] of nga-players","sum [nf] of turtles","sum [g] of blgu-players","sum [g] of mplgu-players","sum [g] of bd-players","sum [g] of academe-players","sum [g] of business-players","sum [g] of nga-players","sum [g] of turtles","sum [cw] of blgu-players","sum [cw] of mplgu-players","sum [cw] of bd-players","sum [cw] of academe-players","sum [cw] of business-players","sum [cw] of nga-players","sum [cw] of turtles","sum [ps] of blgu-players","sum [ps] of mplgu-players","sum [ps] of bd-players","sum [ps] of academe-players","sum [ps] of business-players","sum [ps] of nga-players","sum [ps] of turtles","sum [lb] of blgu-players","sum [lb] of mplgu-players","sum [lb] of bd-players","sum [lb] of academe-players","sum [lb] of business-players","sum [lb] of nga-players","sum [lb] of turtles","sum [pf] of blgu-players","sum [pf] of mplgu-players","sum [pf] of bd-players","sum [pf] of academe-players","sum [pf] of business-players","sum [pf] of nga-players","sum [pf] of turtles","sum [nf] of blgu-players","sum [nf] of mplgu-players","sum [nf] of bd-players","sum [nf] of academe-players","sum [nf] of business-players","sum [nf] of nga-players","sum [nf] of turtles","sum [g] of blgu-players","sum [g] of mplgu-players","sum [g] of bd-players","sum [g] of academe-players","sum [g] of business-players","sum [g] of nga-players","sum [g] of turtles","sum [cw] of blgu-players","sum [cw] of mplgu-players","sum [cw] of bd-players","sum [cw] of academe-players","sum [cw] of business-players","sum [cw] of nga-players","sum [cw] of turtles","sum [ps] of blgu-players","sum [ps] of mplgu-players","sum [ps] of bd-players","sum [ps] of academe-players","sum [ps] of business-players","sum [ps] of nga-players","sum [ps] of turtles","sum [lb] of blgu-players","sum [lb] of mplgu-players","sum [lb] of bd-players","sum [lb] of academe-players","sum [lb] of business-players","sum [lb] of nga-players","sum [lb] of turtles","sum [pf] of blgu-players","sum [pf] of mplgu-players","sum [pf] of bd-players","sum [pf] of academe-players","sum [pf] of business-players","sum [pf] of nga-players","sum [pf] of turtles","sum [nf] of blgu-players","sum [nf] of mplgu-players","sum [nf] of bd-players","sum [nf] of academe-players","sum [nf] of business-players","sum [nf] of nga-players","sum [nf] of turtles","sum [g] of blgu-players","sum [g] of mplgu-players","sum [g] of bd-players","sum [g] of academe-players","sum [g] of business-players","sum [g] of nga-players","sum [g] of turtles","sum [cw] of blgu-players","sum [cw] of mplgu-players","sum [cw] of bd-players","sum [cw] of academe-players","sum [cw] of business-players","sum [cw] of nga-players","sum [cw] of turtles","sum [ps] of blgu-players","sum [ps] of mplgu-players","sum [ps] of bd-players","sum [ps] of academe-players","sum [ps] of business-players","sum [ps] of nga-players","sum [ps] of turtles","sum [lb] of blgu-players","sum [lb] of mplgu-players","sum [lb] of bd-players","sum [lb] of academe-players","sum [lb] of business-players","sum [lb] of nga-players","sum [lb] of turtles","sum [pf] of blgu-players","sum [pf] of mplgu-players","sum [pf] of bd-players","sum [pf] of academe-players","sum [pf] of business-players","sum [pf] of nga-players","sum [pf] of turtles","sum [nf] of blgu-players","sum [nf] of mplgu-players","sum [nf] of bd-players","sum [nf] of academe-players","sum [nf] of business-players","sum [nf] of nga-players","sum [nf] of turtles","sum [g] of blgu-players","sum [g] of mplgu-players","sum [g] of bd-players","sum [g] of academe-players","sum [g] of business-players","sum [g] of nga-players","sum [g] of turtles","sum [cw] of blgu-players","sum [cw] of mplgu-players","sum [cw] of bd-players","sum [cw] of academe-players","sum [cw] of business-players","sum [cw] of nga-players","sum [cw] of turtles","sum [ps] of blgu-players","sum [ps] of mplgu-players","sum [ps] of bd-players","sum [ps] of academe-players","sum [ps] of business-players","sum [ps] of nga-players","sum [ps] of turtles","sum [lb] of blgu-players","sum [lb] of mplgu-players","sum [lb] of bd-players","sum [lb] of academe-players","sum [lb] of business-players","sum [lb] of nga-players","sum [lb] of turtles","sum [pf] of blgu-players","sum [pf] of mplgu-players","sum [pf] of bd-players","sum [pf] of academe-players","sum [pf] of business-players","sum [pf] of nga-players","sum [pf] of turtles","sum [nf] of blgu-players","sum [nf] of mplgu-players","sum [nf] of bd-players","sum [nf] of academe-players","sum [nf] of business-players","sum [nf] of nga-players","sum [nf] of turtles","sum [g] of blgu-players","sum [g] of mplgu-players","sum [g] of bd-players","sum [g] of academe-players","sum [g] of business-players","sum [g] of nga-players","sum [g] of turtles","sum [cw] of blgu-players","sum [cw] of mplgu-players","sum [cw] of bd-players","sum [cw] of academe-players","sum [cw] of business-players","sum [cw] of nga-players","sum [cw] of turtles","sum [ps] of blgu-players","sum [ps] of mplgu-players","sum [ps] of bd-players","sum [ps] of academe-players","sum [ps] of business-players","sum [ps] of nga-players","sum [ps] of turtles","sum [lb] of blgu-players","sum [lb] of mplgu-players","sum [lb] of bd-players","sum [lb] of academe-players","sum [lb] of business-players","sum [lb] of nga-players","sum [lb] of turtles","sum [pf] of blgu-players","sum [pf] of mplgu-players","sum [pf] of bd-players","sum [pf] of academe-players","sum [pf] of business-players","sum [pf] of nga-players","sum [pf] of turtles","sum [nf] of blgu-players","sum [nf] of mplgu-players","sum [nf] of bd-players","sum [nf] of academe-players","sum [nf] of business-players","sum [nf] of nga-players","sum [nf] of turtles","sum [g] of blgu-players","sum [g] of mplgu-players","sum [g] of bd-players","sum [g] of academe-players","sum [g] of business-players","sum [g] of nga-players","sum [g] of turtles","sum [cw] of blgu-players","sum [cw] of mplgu-players","sum [cw] of bd-players","sum [cw] of academe-players","sum [cw] of business-players","sum [cw] of nga-players","sum [cw] of turtles","sum [ps] of blgu-players","sum [ps] of mplgu-players","sum [ps] of bd-players","sum [ps] of academe-players","sum [ps] of business-players","sum [ps] of nga-players","sum [ps] of turtles","sum [lb] of blgu-players","sum [lb] of mplgu-players","sum [lb] of bd-players","sum [lb] of academe-players","sum [lb] of business-players","sum [lb] of nga-players","sum [lb] of turtles","sum [pf] of blgu-players","sum [pf] of mplgu-players","sum [pf] of bd-players","sum [pf] of academe-players","sum [pf] of business-players","sum [pf] of nga-players","sum [pf] of turtles","sum [nf] of blgu-players","sum [nf] of mplgu-players","sum [nf] of bd-players","sum [nf] of academe-players","sum [nf] of business-players","sum [nf] of nga-players","sum [nf] of turtles","sum [g] of blgu-players","sum [g] of mplgu-players","sum [g] of bd-players","sum [g] of academe-players","sum [g] of business-players","sum [g] of nga-players","sum [g] of turtles","sum [cw] of blgu-players","sum [cw] of mplgu-players","sum [cw] of bd-players","sum [cw] of academe-players","sum [cw] of business-players","sum [cw] of nga-players","sum [cw] of turtles","sum [ps] of blgu-players","sum [ps] of mplgu-players","sum [ps] of bd-players","sum [ps] of academe-players","sum [ps] of business-players","sum [ps] of nga-players","sum [ps] of turtles","sum [lb] of blgu-players","sum [lb] of mplgu-players","sum [lb] of bd-players","sum [lb] of academe-players","sum [lb] of business-players","sum [lb] of nga-players","sum [lb] of turtles","sum [pf] of blgu-players","sum [pf] of mplgu-players","sum [pf] of bd-players","sum [pf] of academe-players","sum [pf] of business-players","sum [pf] of nga-players","sum [pf] of turtles","sum [nf] of blgu-players","sum [nf] of mplgu-players","sum [nf] of bd-players","sum [nf] of academe-players","sum [nf] of business-players","sum [nf] of nga-players","sum [nf] of turtles","sum [g] of blgu-players","sum [g] of mplgu-players","sum [g] of bd-players","sum [g] of academe-players","sum [g] of business-players","sum [g] of nga-players","sum [g] of turtles","sum [cw] of blgu-players","sum [cw] of mplgu-players","sum [cw] of bd-players","sum [cw] of academe-players","sum [cw] of business-players","sum [cw] of nga-players","sum [cw] of turtles","sum [ps] of blgu-players","sum [ps] of mplgu-players","sum [ps] of bd-players","sum [ps] of academe-players","sum [ps] of business-players","sum [ps] of nga-players","sum [ps] of turtles","sum [lb] of blgu-players","sum [lb] of mplgu-players","sum [lb] of bd-players","sum [lb] of academe-players","sum [lb] of business-players","sum [lb] of nga-players","sum [lb] of turtles","sum [pf] of blgu-players","sum [pf] of mplgu-players","sum [pf] of bd-players","sum [pf] of academe-players","sum [pf] of business-players","sum [pf] of nga-players","sum [pf] of turtles","sum [nf] of blgu-players","sum [nf] of mplgu-players","sum [nf] of bd-players","sum [nf] of academe-players","sum [nf] of business-players","sum [nf] of nga-players","sum [nf] of turtles","sum [g] of blgu-players","sum [g] of mplgu-players","sum [g] of bd-players","sum [g] of academe-players","sum [g] of business-players","sum [g] of nga-players","sum [g] of turtles","sum [cw] of blgu-players","sum [cw] of mplgu-players","sum [cw] of bd-players","sum [cw] of academe-players","sum [cw] of business-players","sum [cw] of nga-players","sum [cw] of turtles","sum [ps] of blgu-players","sum [ps] of mplgu-players","sum [ps] of bd-players","sum [ps] of academe-players","sum [ps] of business-players","sum [ps] of nga-players","sum [ps] of turtles","sum [lb] of blgu-players","sum [lb] of mplgu-players","sum [lb] of bd-players","sum [lb] of academe-players","sum [lb] of business-players","sum [lb] of nga-players","sum [lb] of turtles","sum [pf] of blgu-players","sum [pf] of mplgu-players","sum [pf] of bd-players","sum [pf] of academe-players","sum [pf] of business-players","sum [pf] of nga-players","sum [pf] of turtles","sum [nf] of blgu-players","sum [nf] of mplgu-players","sum [nf] of bd-players","sum [nf] of academe-players","sum [nf] of business-players","sum [nf] of nga-players","sum [nf] of turtles","sum [g] of blgu-players","sum [g] of mplgu-players","sum [g] of bd-players","sum [g] of academe-players","sum [g] of business-players","sum [g] of nga-players","sum [g] of turtles","sum [cw] of blgu-players","sum [cw] of mplgu-players","sum [cw] of bd-players","sum [cw] of academe-players","sum [cw] of business-players","sum [cw] of nga-players","sum [cw] of turtles","sum [ps] of blgu-players","sum [ps] of mplgu-players","sum [ps] of bd-players","sum [ps] of academe-players","sum [ps] of business-players","sum [ps] of nga-players","sum [ps] of turtles","sum [lb] of blgu-players","sum [lb] of mplgu-players","sum [lb] of bd-players","sum [lb] of academe-players","sum [lb] of business-players","sum [lb] of nga-players","sum [lb] of turtles","sum [pf] of blgu-players","sum [pf] of mplgu-players","sum [pf] of bd-players","sum [pf] of academe-players","sum [pf] of business-players","sum [pf] of nga-players","sum [pf] of turtles","sum [nf] of blgu-players","sum [nf] of mplgu-players","sum [nf] of bd-players","sum [nf] of academe-players","sum [nf] of business-players","sum [nf] of nga-players","sum [nf] of turtles","sum [g] of blgu-players","sum [g] of mplgu-players","sum [g] of bd-players","sum [g] of academe-players","sum [g] of business-players","sum [g] of nga-players","sum [g] of turtles","sum [cw] of blgu-players","sum [cw] of mplgu-players","sum [cw] of bd-players","sum [cw] of academe-players","sum [cw] of business-players","sum [cw] of nga-players","sum [cw] of turtles","sum [ps] of blgu-players","sum [ps] of mplgu-players","sum [ps] of bd-players","sum [ps] of academe-players","sum [ps] of business-players","sum [ps] of nga-players","sum [ps] of turtles","sum [lb] of blgu-players","sum [lb] of mplgu-players","sum [lb] of bd-players","sum [lb] of academe-players","sum [lb] of business-players","sum [lb] of nga-players","sum [lb] of turtles","sum [pf] of blgu-players","sum [pf] of mplgu-players","sum [pf] of bd-players","sum [pf] of academe-players","sum [pf] of business-players","sum [pf] of nga-players","sum [pf] of turtles","sum [nf] of blgu-players","sum [nf] of mplgu-players","sum [nf] of bd-players","sum [nf] of academe-players","sum [nf] of business-players","sum [nf] of nga-players","sum [nf] of turtles","sum [g] of blgu-players","sum [g] of mplgu-players","sum [g] of bd-players","sum [g] of academe-players","sum [g] of business-players","sum [g] of nga-players","sum [g] of turtles","sum [cw] of blgu-players","sum [cw] of mplgu-players","sum [cw] of bd-players","sum [cw] of academe-players","sum [cw] of business-players","sum [cw] of nga-players","sum [cw] of turtles","sum [ps] of blgu-players","sum [ps] of mplgu-players","sum [ps] of bd-players","sum [ps] of academe-players","sum [ps] of business-players","sum [ps] of nga-players","sum [ps] of turtles","sum [lb] of blgu-players","sum [lb] of mplgu-players","sum [lb] of bd-players","sum [lb] of academe-players","sum [lb] of business-players","sum [lb] of nga-players","sum [lb] of turtles","sum [pf] of blgu-players","sum [pf] of mplgu-players","sum [pf] of bd-players","sum [pf] of academe-players","sum [pf] of business-players","sum [pf] of nga-players","sum [pf] of turtles","sum [nf] of blgu-players","sum [nf] of mplgu-players","sum [nf] of bd-players","sum [nf] of academe-players","sum [nf] of business-players","sum [nf] of nga-players","sum [nf] of turtles","sum [g] of blgu-players","sum [g] of mplgu-players","sum [g] of bd-players","sum [g] of academe-players","sum [g] of business-players","sum [g] of nga-players","sum [g] of turtles","sum [cw] of blgu-players","sum [cw] of mplgu-players","sum [cw] of bd-players","sum [cw] of academe-players","sum [cw] of business-players","sum [cw] of nga-players","sum [cw] of turtles","sum [ps] of blgu-players","sum [ps] of mplgu-players","sum [ps] of bd-players","sum [ps] of academe-players","sum [ps] of business-players","sum [ps] of nga-players","sum [ps] of turtles","sum [lb] of blgu-players","sum [lb] of mplgu-players","sum [lb] of bd-players","sum [lb] of academe-players","sum [lb] of business-players","sum [lb] of nga-players","sum [lb] of turtles","sum [pf] of blgu-players","sum [pf] of mplgu-players","sum [pf] of bd-players","sum [pf] of academe-players","sum [pf] of business-players","sum [pf] of nga-players","sum [pf] of turtles","sum [nf] of blgu-players","sum [nf] of mplgu-players","sum [nf] of bd-players","sum [nf] of academe-players","sum [nf] of business-players","sum [nf] of nga-players","sum [nf] of turtles","sum [g] of blgu-players","sum [g] of mplgu-players","sum [g] of bd-players","sum [g] of academe-players","sum [g] of business-players","sum [g] of nga-players","sum [g] of turtles","sum [cw] of blgu-players","sum [cw] of mplgu-players","sum [cw] of bd-players","sum [cw] of academe-players","sum [cw] of business-players","sum [cw] of nga-players","sum [cw] of turtles","sum [ps] of blgu-players","sum [ps] of mplgu-players","sum [ps] of bd-players","sum [ps] of academe-players","sum [ps] of business-players","sum [ps] of nga-players","sum [ps] of turtles","sum [lb] of blgu-players","sum [lb] of mplgu-players","sum [lb] of bd-players","sum [lb] of academe-players","sum [lb] of business-players","sum [lb] of nga-players","sum [lb] of turtles","sum [pf] of blgu-players","sum [pf] of mplgu-players","sum [pf] of bd-players","sum [pf] of academe-players","sum [pf] of business-players","sum [pf] of nga-players","sum [pf] of turtles","sum [nf] of blgu-players","sum [nf] of mplgu-players","sum [nf] of bd-players","sum [nf] of academe-players","sum [nf] of business-players","sum [nf] of nga-players","sum [nf] of turtles","sum [g] of blgu-players","sum [g] of mplgu-players","sum [g] of bd-players","sum [g] of academe-players","sum [g] of business-players","sum [g] of nga-players","sum [g] of turtles","sum [cw] of blgu-players","sum [cw] of mplgu-players","sum [cw] of bd-players","sum [cw] of academe-players","sum [cw] of business-players","sum [cw] of nga-players","sum [cw] of turtles","sum [ps] of blgu-players","sum [ps] of mplgu-players","sum [ps] of bd-players","sum [ps] of academe-players","sum [ps] of business-players","sum [ps] of nga-players","sum [ps] of turtles","sum [lb] of blgu-players","sum [lb] of mplgu-players","sum [lb] of bd-players","sum [lb] of academe-players","sum [lb] of business-players","sum [lb] of nga-players","sum [lb] of turtles","sum [pf] of blgu-players","sum [pf] of mplgu-players","sum [pf] of bd-players","sum [pf] of academe-players","sum [pf] of business-players","sum [pf] of nga-players","sum [pf] of turtles","sum [nf] of blgu-players","sum [nf] of mplgu-players","sum [nf] of bd-players","sum [nf] of academe-players","sum [nf] of business-players","sum [nf] of nga-players","sum [nf] of turtles","sum [g] of blgu-players","sum [g] of mplgu-players","sum [g] of bd-players","sum [g] of academe-players","sum [g] of business-players","sum [g] of nga-players","sum [g] of turtles","sum [cw] of blgu-players","sum [cw] of mplgu-players","sum [cw] of bd-players","sum [cw] of academe-players","sum [cw] of business-players","sum [cw] of nga-players","sum [cw] of turtles","sum [ps] of blgu-players","sum [ps] of mplgu-players","sum [ps] of bd-players","sum [ps] of academe-players","sum [ps] of business-players","sum [ps] of nga-players","sum [ps] of turtles","sum [lb] of blgu-players","sum [lb] of mplgu-players","sum [lb] of bd-players","sum [lb] of academe-players","sum [lb] of business-players","sum [lb] of nga-players","sum [lb] of turtles","sum [pf] of blgu-players","sum [pf] of mplgu-players","sum [pf] of bd-players","sum [pf] of academe-players","sum [pf] of business-players","sum [pf] of nga-players","sum [pf] of turtles","sum [nf] of blgu-players","sum [nf] of mplgu-players","sum [nf] of bd-players","sum [nf] of academe-players","sum [nf] of business-players","sum [nf] of nga-players","sum [nf] of turtles","sum [g] of blgu-players","sum [g] of mplgu-players","sum [g] of bd-players","sum [g] of academe-players","sum [g] of business-players","sum [g] of nga-players","sum [g] of turtles","sum [cw] of blgu-players","sum [cw] of mplgu-players","sum [cw] of bd-players","sum [cw] of academe-players","sum [cw] of business-players","sum [cw] of nga-players","sum [cw] of turtles","sum [ps] of blgu-players","sum [ps] of mplgu-players","sum [ps] of bd-players","sum [ps] of academe-players","sum [ps] of business-players","sum [ps] of nga-players","sum [ps] of turtles","sum [lb] of blgu-players","sum [lb] of mplgu-players","sum [lb] of bd-players","sum [lb] of academe-players","sum [lb] of business-players","sum [lb] of nga-players","sum [lb] of turtles","sum [pf] of blgu-players","sum [pf] of mplgu-players","sum [pf] of bd-players","sum [pf] of academe-players","sum [pf] of business-players","sum [pf] of nga-players","sum [pf] of turtles","sum [nf] of blgu-players","sum [nf] of mplgu-players","sum [nf] of bd-players","sum [nf] of academe-players","sum [nf] of business-players","sum [nf] of nga-players","sum [nf] of turtles","sum [g] of blgu-players","sum [g] of mplgu-players","sum [g] of bd-players","sum [g] of academe-players","sum [g] of business-players","sum [g] of nga-players","sum [g] of turtles","sum [cw] of blgu-players","sum [cw] of mplgu-players","sum [cw] of bd-players","sum [cw] of academe-players","sum [cw] of business-players","sum [cw] of nga-players","sum [cw] of turtles","sum [ps] of blgu-players","sum [ps] of mplgu-players","sum [ps] of bd-players","sum [ps] of academe-players","sum [ps] of business-players","sum [ps] of nga-players","sum [ps] of turtles","sum [lb] of blgu-players","sum [lb] of mplgu-players","sum [lb] of bd-players","sum [lb] of academe-players","sum [lb] of business-players","sum [lb] of nga-players","sum [lb] of turtles","sum [pf] of blgu-players","sum [pf] of mplgu-players","sum [pf] of bd-players","sum [pf] of academe-players","sum [pf] of business-players","sum [pf] of nga-players","sum [pf] of turtles","sum [nf] of blgu-players","sum [nf] of mplgu-players","sum [nf] of bd-players","sum [nf] of academe-players","sum [nf] of business-players","sum [nf] of nga-players","sum [nf] of turtles","sum [g] of blgu-players","sum [g] of mplgu-players","sum [g] of bd-players","sum [g] of academe-players","sum [g] of business-players","sum [g] of nga-players","sum [g] of turtles","sum [cw] of blgu-players","sum [cw] of mplgu-players","sum [cw] of bd-players","sum [cw] of academe-players","sum [cw] of business-players","sum [cw] of nga-players","sum [cw] of turtles","sum [ps] of blgu-players","sum [ps] of mplgu-players","sum [ps] of bd-players","sum [ps] of academe-players","sum [ps] of business-players","sum [ps] of nga-players","sum [ps] of turtles","sum [lb] of blgu-players","sum [lb] of mplgu-players","sum [lb] of bd-players","sum [lb] of academe-players","sum [lb] of business-players","sum [lb] of nga-players","sum [lb] of turtles","sum [pf] of blgu-players","sum [pf] of mplgu-players","sum [pf] of bd-players","sum [pf] of academe-players","sum [pf] of business-players","sum [pf] of nga-players","sum [pf] of turtles","sum [nf] of blgu-players","sum [nf] of mplgu-players","sum [nf] of bd-players","sum [nf] of academe-players","sum [nf] of business-players","sum [nf] of nga-players","sum [nf] of turtles","sum [g] of blgu-players","sum [g] of mplgu-players","sum [g] of bd-players","sum [g] of academe-players","sum [g] of business-players","sum [g] of nga-players","sum [g] of turtles","sum [cw] of blgu-players","sum [cw] of mplgu-players","sum [cw] of bd-players","sum [cw] of academe-players","sum [cw] of business-players","sum [cw] of nga-players","sum [cw] of turtles","sum [ps] of blgu-players","sum [ps] of mplgu-players","sum [ps] of bd-players","sum [ps] of academe-players","sum [ps] of business-players","sum [ps] of nga-players","sum [ps] of turtles","sum [lb] of blgu-players","sum [lb] of mplgu-players","sum [lb] of bd-players","sum [lb] of academe-players","sum [lb] of business-players","sum [lb] of nga-players","sum [lb] of turtles","sum [pf] of blgu-players","sum [pf] of mplgu-players","sum [pf] of bd-players","sum [pf] of academe-players","sum [pf] of business-players","sum [pf] of nga-players","sum [pf] of turtles","sum [nf] of blgu-players","sum [nf] of mplgu-players","sum [nf] of bd-players","sum [nf] of academe-players","sum [nf] of business-players","sum [nf] of nga-players","sum [nf] of turtles","sum [g] of blgu-players","sum [g] of mplgu-players","sum [g] of bd-players","sum [g] of academe-players","sum [g] of business-players","sum [g] of nga-players","sum [g] of turtles","sum [cw] of blgu-players","sum [cw] of mplgu-players","sum [cw] of bd-players","sum [cw] of academe-players","sum [cw] of business-players","sum [cw] of nga-players","sum [cw] of turtles","sum [ps] of blgu-players","sum [ps] of mplgu-players","sum [ps] of bd-players","sum [ps] of academe-players","sum [ps] of business-players","sum [ps] of nga-players","sum [ps] of turtles","sum [lb] of blgu-players","sum [lb] of mplgu-players","sum [lb] of bd-players","sum [lb] of academe-players","sum [lb] of business-players","sum [lb] of nga-players","sum [lb] of turtles","sum [pf] of blgu-players","sum [pf] of mplgu-players","sum [pf] of bd-players","sum [pf] of academe-players","sum [pf] of business-players","sum [pf] of nga-players","sum [pf] of turtles","sum [nf] of blgu-players","sum [nf] of mplgu-players","sum [nf] of bd-players","sum [nf] of academe-players","sum [nf] of business-players","sum [nf] of nga-players","sum [nf] of turtles","sum [g] of blgu-players","sum [g] of mplgu-players","sum [g] of bd-players","sum [g] of academe-players","sum [g] of business-players","sum [g] of nga-players","sum [g] of turtles","sum [cw] of blgu-players","sum [cw] of mplgu-players","sum [cw] of bd-players","sum [cw] of academe-players","sum [cw] of business-players","sum [cw] of nga-players","sum [cw] of turtles","sum [ps] of blgu-players","sum [ps] of mplgu-players","sum [ps] of bd-players","sum [ps] of academe-players","sum [ps] of business-players","sum [ps] of nga-players","sum [ps] of turtles","sum [lb] of blgu-players","sum [lb] of mplgu-players","sum [lb] of bd-players","sum [lb] of academe-players","sum [lb] of business-players","sum [lb] of nga-players","sum [lb] of turtles","sum [pf] of blgu-players","sum [pf] of mplgu-players","sum [pf] of bd-players","sum [pf] of academe-players","sum [pf] of business-players","sum [pf] of nga-players","sum [pf] of turtles","sum [nf] of blgu-players","sum [nf] of mplgu-players","sum [nf] of bd-players","sum [nf] of academe-players","sum [nf] of business-players","sum [nf] of nga-players","sum [nf] of turtles","sum [g] of blgu-players","sum [g] of mplgu-players","sum [g] of bd-players","sum [g] of academe-players","sum [g] of business-players","sum [g] of nga-players","sum [g] of turtles","sum [cw] of blgu-players","sum [cw] of mplgu-players","sum [cw] of bd-players","sum [cw] of academe-players","sum [cw] of business-players","sum [cw] of nga-players","sum [cw] of turtles","sum [ps] of blgu-players","sum [ps] of mplgu-players","sum [ps] of bd-players","sum [ps] of academe-players","sum [ps] of business-players","sum [ps] of nga-players","sum [ps] of turtles","sum [lb] of blgu-players","sum [lb] of mplgu-players","sum [lb] of bd-players","sum [lb] of academe-players","sum [lb] of business-players","sum [lb] of nga-players","sum [lb] of turtles"
,"0","0","0","0","0","0","0","0","0","0","0","0","0","0","0","0","0","0","0","0","0","0","0","0","0","0","0","0","0","0","0","0","0","0","0","0","0","0","0","0","0","0","0","0","0","0","0","0","0","0","0","0","0","0","0","0","0","0","0","0","0","0","0","0","0","0","0","0","0","0","0","0","0","0","0","0","0","0","0","0","0","0","0","0","0","0","0","0","0","0","0","0","0","0","0","0","0","0","0","0","0","0","0","0","0","0","0","0","0","0","0","0","0","0","0","0","0","0","0","0","0","0","0","0","0","0","0","0","0","0","0","0","0","0","0","0","0","0","0","0","0","0","0","0","0","0","0","0","0","0","0","0","0","0","0","0","0","0","0","0","0","0","0","0","0","0","0","0","0","0","0","0","0","0","0","0","0","0","0","0","0","0","0","0","0","0","0","0","0","0","0","0","0","0","0","0","0","0","0","0","0","0","0","0","0","0","0","0","0","0","0","0","0","0","0","0","0","0","0","0","0","0","0","0","0","0","0","0","0","0","0","0","0","0","0","0","0","0","0","0","0","0","0","0","0","0","0","0","0","0","0","0","0","0","0","0","0","0","0","0","0","0","0","0","0","0","0","0","0","0","0","0","0","0","0","0","0","0","0","0","0","0","0","0","0","0","0","0","0","0","0","0","0","0","0","0","0","0","0","0","0","0","0","0","0","0","0","0","0","0","0","0","0","0","0","0","0","0","0","0","0","0","0","0","0","0","0","0","0","0","0","0","0","0","0","0","0","0","0","0","0","0","0","0","0","0","0","0","0","0","0","0","0","0","0","0","0","0","0","0","0","0","0","0","0","0","0","0","0","0","0","0","0","0","0","0","0","0","0","0","0","0","0","0","0","0","0","0","0","0","0","0","0","0","0","0","0","0","0","0","0","0","0","0","0","0","0","0","0","0","0","0","0","0","0","0","0","0","0","0","0","0","0","0","0","0","0","0","0","0","0","0","0","0","0","0","0","0","0","0","0","0","0","0","0","0","0","0","0","0","0","0","0","0","0","0","0","0","0","0","0","0","0","0","0","0","0","0","0","0","0","0","0","0","0","0","0","0","0","0","0","0","0","0","0","0","0","0","0","0","0","0","0","0","0","0","0","0","0","0","0","0","0","0","0","0","0","0","0","0","0","0","0","0","0","0","0","0","0","0","0","0","0","0","0","0","0","0","0","0","0","0","0","0","0","0","0","0","0","0","0","0","0","0","0","0","0","0","0","0","0","0","0","0","0","0","0","0","0","0","0","0","0","0","0","0","0","0","0","0","0","0","0","0","0","0","0","0","0","0","0","0","0","0","0","0","0","0","0","0","0","0","0","0","0","0","0","0","0","0","0","0","0","0","0","0","0","0","0","0","0","0","0","0","0","0","0","0","0","0","0","0","0","0","0","0","0","0","0","0","0","0","0","0","0","0","0","0","0","0","0","0","0","0","0","0","0","0","0","0","0","0","0","0","0","0","0","0","0","0","0","0","0","0","0","0","0","0","0","0","0","0","0","0","0","0","0","0","0","0","0","0","0","0","0","0","0","0","0","0","0","0","0","0","0","0","0","0","0","0","0","0","0","0","0","0","0","0","0","0","0","0","0","0","0","0","0","0","0","0","0","0","0","0","0","0","0","0","0","0","0","0","0","0","0","0","0","0","0","0","0","0","0","0","0","0","0","0","0","0","0","0","0","0","0","0","0","0","0","0","0","0","0","0","0","0","0","0","0","0","0","0","0","0","0","0","0","0","0","0","0","0","0","0","0","0","0","0","0","0","0","0","0","0","0","0","0","0","0","0","0","0","0","0","0","0","0","0","0","0","0","0","0","0","0","0","0","0","0","0","0","0","0","0","0","0","0","0","0","0","0","0","0","0","0","0","0","0","0","0","0","0","0","0","0","0","0","0","0","0","0","0","0","0","0","0","0","0","0","0","0","0","0","0","0","0","0","0","0","0","0","0","0","0","0","0","0","0","0","0","0","0","0","0","0","0","0","0","0","0","0","0","0","0","0","0","0","0","0","0","0","0","0","0","0","0","0","0","0","0","0","0","0","0","0","0","0","0","0","0","0","0","0","0","0","0","0","0","0","0","0","0","0","0","0","0","0","0","0","0","0","0","0","0","0","0","0","0","0","0","0","0","0","0","0","0","0","0","0","0","0","0","0","0","0","0","0","0","0","0","0","0","0","0","0","0","0","0","0","0","0","0","0","0","0","0","0","0","0","0","0","0","0","0","0","0","0","0","0","0","0","0","0","0","0","0","0","0","0","0","0","0","0","0","0","0","0","0","0","0","0","0","0","0","0","0","0","0","0","0","0","0","0","0","0","0","0","0","0","0","0","0","0","0","0","0","0","0","0","0","0","0","0","0","0","0","0","0","0","0","0","0","0","0","0","0","0","0","0","0","0","0","0","0","0","0","0","0","0","0","0","0","0","0","0","0","0","0","0","0","0","0","0","0","0","0","0","0","0","0","0","0","0","0","0","0","0","0","0","0","0","0","0","0","0","0","0","0","0","0","0","0","0","0","0","0","0","0","0","0","0","0","0","0","0","0","0","0","0","0","0","0","0","0","0","0","0","0","0","0","0","0","0","0","0","0","0","0","0","0","0","0","0","0","0","0","0","0","0","0","0","0","0","0","0","0","0","0","0","0","0","0","0","0","0","0","0","0","0","0","0","0","0","0","0","0","0","0","0","0","0","0","0","0","0","0","0","0","0","0","0","0","0","0","0","0","0","0","0","0","0","0","0","0","0","0","0","0","0","0","0","0","0","0","0","0","0","0","0","0","0","0","0","0","0","0","0","0","0","0","0","0","0","0","0","0","0","0","0","0","0","0","0","0","0","0","0","0","0","0","0","0","0","0","0","0","0","0","0","0","0","0","0","0","0","0","0","0","0","0","0","0","0","0","0","0","0","0","0","0","0","0","0","0","0","0","0","0","0","0","0","0","0","0","0","0","0","0","0","0","0","0","0","0","0","0","0","0","0","0","0","0","0","0","0","0","0","0","0","0","0","0","0","0","0","0","0","0","0","0","0","0","0","0","0","0","0","0","0","0","0","0","0","0","0","0","0","0","0","0","0","0","0","0","0","0","0","0","0","0","0","0","0","0","0","0","0","0","0","0","0","0","0","0","0","0","0","0","0","0","0","0","0","0","0","0","0","0","0","0","0","0","0","0","0","0","0","0","0","0","0","0","0","0","0","0","0","0","0","0","0","0","0","0","0","0","0","0","0","0","0","0","0","0","0","0","0","0","0","0","0","0","0","0","0","0","0","0","0","0","0","0","0","0","0","0","0","0","0","0","0","0","0","0","0","0","0","0","0","0","0","0","0","0","0","0","0","0","0","0","0","0","0","0","0","0","0","0","0","0","0","0","0","0","0","0","0","0","0","0","0","0","0","0","0","0","0","0","0","0","0","0","0","0","0","0","0","0","0","0","0","0","0","0","0","0","0","0","0","0","0","0","0","0","0","0","0","0","0","0","0","0","0","0","0","0","0","0","0","0","0","0","0","0","0","0","0","0","0","0","0","0","0","0","0","0","0","0","0","0","0","0","0","0","0","0","0","0","0","0","0","0","0","0","0","0","0","0","0","0","0","0","0","0","0","0","0","0","0","0","0","0","0","0","0","0","0","0","0","0","0","0","0","0","0","0","0","0","0","0","0","0","0","0","0","0","0","0","0","0","0","0","0","0","0","0","0","0","0","0","0","0","0","0","0","0","0","0","0","0","0","0","0","0","0","0","0","0","0","0","0","0","0","0","0","0","0","0","0","0","0","0","0","0","0","0","0","0","0","0","0","0","0","0","0","0","0","0","0","0","0","0","0","0","0","0","0","0","0","0","0","0","0","0","0","0","0","0","0","0","0","0","0","0","0","0","0","0","0","0","0","0","0","0","0","0","0","0","0","0","0","0","0","0","0","0","0","0","0","0","0","0","0","0","0","0","0","0","0","0","0","0","0","0","0","0","0","0","0","0","0","0","0","0","0","0","0","0","0","0","0","0","0","0","0","0","0","0","0","0","0","0","0","0","0","0","0","0","0","0","0","0","0","0","0","0","0","0","0","0","0","0","0","0","0","0","0","0","0","0","0","0","0","0","0","0","0","0","0","0","0","0","0","0","0","0","0","0","0","0","0","0","0","0","0","0","0","0","0","0","0","0","0","0","0","0","0","0","0","0","0","0","0","0","0","0","0","0","0","0","0","0","0","0","0","0","0","0","0","0","0","0","0","0","0","0","0","0","0","0","0","0","0","0","0","0","0","0","0","0","0","0","0","0","0","0","0","0","0","0","0","0","0","0","0","0","0","0","0","0","0","0","0","0","0","0","0","0","0","0","0","0","0","0","0","0","0","0","0","0","0","0","0","0","0","0","0","0","0","0","0","0","0","0","0","0","0","0","0","0","0","0","0","0","0","0","0","0","0","0","0","0","0","0","0","0","0","0","0","0","0","0","0","0","0","0","0","0","0","0","0","0","0","0","0","0","0","0","0","0","0","0","0","0","0","0","0","0","0","0","0","0","0","0","0","0","0","0","0","0","0","0","0","0","0","0","0","0","0","0","0","0","0","0","0","0","0","0","0","0","0","0","0","0","0","0","0","0","0","0","0","0","0","0","0","0","0","0","0","0","0","0","0","0","0","0","0","0","0","0","0","0","0","0","0","0","0","0","0","0","0","0","0","0","0","0","0","0","0","0","0","0","0","0","0","0","0","0","0","0","0","0","0","0","0","0","0","0","0","0","0","0","0","0","0","0","0","0","0","0","0","0","0","0","0","0","0","0","0","0","0","0","0","0","0","0","0","0","0","0","0","0","0","0","0","0","0","0","0","0","0","0","0","0","0","0","0","0","0","0","0","0","0","0","0","0","0","0","0","0","0","0","0","0","0","0","0","0","0","0","0","0","0","0","0","0","0","0","0","0","0","0","0","0","0","0","0","0","0","0","0","0","0","0","0","0","0","0","0","0","0","0","0","0","0","0","0","0","0","0","0","0","0","0","0","0","0","0","0","0","0","0","0","0","0","0","0","0","0","0","0","0","0","0","0","0","0","0","0","0","0","0","0","0","0","0","0","0","0","0","0","0","0","0","0","0","0","0","0","0","0","0","0","0","0","0","0","0","0","0","0","0","0","0","0","0","0","0","0","0","0","0","0","0","0","0","0","0","0","0","0","0","0","0","0","0","0","0","0","0","0","0","0","0","0","0","0","0","0","0","0","0","0","0","0","0","0","0","0","0","0","0","0","0","0","0","0","0","0","0","0","0","0","0","0","0","0","0","0","0","0","0","0","0","0","0","0","0","0","0","0","0","0","0","0","0","0","0","0","0","0","0","0","0","0","0","0","0","0","0","0","0","0","0","0","0","0","0","0","0","0","0","0","0","0","0","0","0","0","0","0","0","0","0","0","0","0","0","0","0","0","0","0","0","0","0","0","0","0","0","0","0","0","0","0","0","0","0","0","0","0","0","0","0","0","0","0","0","0","0","0","0","0","0","0","0","0","0","0","0","0","0","0","0","0","0","0","0","0","0","0","0","0","0","0","0","0","0","0","0","0","0","0","0","0","0","0","0","0","0","0","0","0","0","0","0","0","0","0","0","0","0","0","0","0","0","0","0","0","0","0","0","0","0","0","0","0","0","0","0","0","0","0","0","0","0","0","0","0","0","0","0","0","0","0","0","0","0","0","0","0","0","0","0","0","0","0","0","0","0","0","0","0","0","0","0","0","0","0","0","0","0","0","0","0","0","0","0","0","0","0","0","0","0","0","0","0","0","0","0","0","0","0","0","0","0","0","0","0","0","0","0","0","0","0","0","0","0","0","0","0","0","0","0","0","0","0","0","0","0","0","0","0","0","0","0","0","0","0","0","0","0","0","0","0","0","0","0","0","0","0","0","0","0","0","0","0","0","0","0","0","0","0","0","0","0","0","0","0","0","0","0","0","0","0","0","0","0","0","0","0","0","0","0","0","0","0","0","0","0","0","0","0","0","0","0","0","0","0","0","0","0","0","0","0","0","0","0","0","0","0","0","0","0","0","0","0","0","0","0","0","0","0","0","0","0","0","0","0","0","0","0","0","0","0","0","0","0","0","0","0","0","0","0","0","0","0","0","0","0","0","0","0","0","0","0","0","0","0","0","0","0","0","0","0","0","0","0","0","0","0","0","0","0","0","0","0","0","0","0","0","0","0","0","0","0","0","0","0","0","0","0","0","0","0","0","0","0","0","0","0","0","0","0","0","0","0","0","0","0","0","0","0","0","0","0","0","0","0","0","0","0","0","0","0","0","0","0","0","0","0","0","0","0","0","0","0","0","0","0","0","0","0","0","0","0","0","0","0","0","0","0","0","0","0","0","0","0","0","0","0","0","0","0","0","0","0","0","0","0","0","0","0","0","0","0","0","0","0","0","0","0","0","0","0","0","0","0","0","0","0","0","0","0","0","0","0","0","0","0","0","0","0","0","0","0","0","0","0","0","0","0","0","0","0","0","0","0","0","0","0","0","0","0","0","0","0","0","0","0","0","0","0","0","0","0","0","0","0","0","0","0","0","0","0","0","0","0","0","0","0","0","0","0","0","0","0","0","0","0","0","0","0","0","0","0","0","0","0","0","0","0","0","0","0","0","0","0","0","0","0","0","0","0","0","0","0","0","0","0","0","0","0","0","0","0","0","0","0","0","0","0","0","0","0","0","0","0","0","0","0","0","0","0","0","0","0","0","0","0","0","0","0","0","0","0","0","0","0","0","0","0","0","0","0","0","0","0","0","0","0","0","0","0","0","0","0","0","0","0","0","0","0","0","0","0","0","0","0","0","0","0","0","0","0","0","0","0","0","0","0","0","0","0","0","0","0","0","0","0","0","0","0","0","0","0","0","0","0","0","0","0","0","0","0","0","0","0","0","0","0","0","0","0","0","0","0","0","0","0","0","0","0","0","0","0","0","0","0","0","0","0","0","0","0","0","0","0","0","0","0","0","0","0","0","0","0","0","0","0","0","0","0","0","0","0","0","0","0","0","0","0","0","0","0","0","0","0","0","0","0","0","0","0","0","0","0","0","0","0","0","0","0","0","0","0","0","0","0","0","0","0","0","0","0","0","0","0","0","0","0","0","0","0","0","0","0","0","0","0","0","0","0","0","0","0","0","0","0","0","0","0","0","0","0","0","0","0","0","0","0","0","0","0","0","0","0","0","0","0","0","0","0","0","0","0","0","0","0","0","0","0","0","0","0","0","0","0","0","0","0","0","0","0","0","0","0","0","0","0","0","0","0","0","0","0","0","0","0","0","0","0","0","0","0","0","0","0","0","0","0","0","0","0","0","0","0","0","0","0","0","0","0","0","0","0","0","0","0","0","0","0","0","0","0","0","0","0","0","0","0","0","0","0","0","0","0","0","0","0","0","0","0","0","0","0","0","0","0","0","0","0","0","0","0","0","0","0","0","0","0","0","0","0","0","0","0","0","0","0","0","0","0","0","0","0","0","0","0","0","0","0","0","0","0","0","0","0","0","0","0","0","0","0","0","0","0","0","0","0","0","0","0","0","0","0","0","0","0","0","0","0","0","0","0","0","0","0","0","0","0","0","0","0","0","0","0","0","0","0","0","0","0","0","0","0","0","0","0","0","0","0","0","0","0","0","0","0","0","0","0","0","0","0","0","0","0","0","0","0","0","0","0","0","0","0","0","0","0","0","0","0","0","0","0","0","0","0","0","0","0","0","0","0","0","0","0","0","0","0","0","0","0","0","0","0","0","0","0","0","0","0","0","0","0","0","0","0","0","0","0","0","0","0","0","0","0","0","0","0","0","0","0","0","0","0","0","0","0","0","0","0","0","0","0","0","0","0","0","0","0","0","0","0","0","0","0","0","0","0","0","0","0","0","0","0","0","0","0","0","0","0","0","0","0","0","0","0","0","0","0","0","0","0","0","0","0","0","0","0","0","0","0","0","0","0","0","0","0","0","0","0","0","0","0","0","0","0","0","0","0","0","0","0","0","0","0","0","0","0","0","0","0","0","0","0","0","0","0","0","0","0","0","0","0","0","0","0","0","0","0","0","0","0","0","0","0","0","0","0","0","0","0","0","0","0","0","0","0","0","0","0","0","0","0","0","0","0","0","0","0","0","0","0","0","0","0","0","0","0","0","0","0","0","0","0","0","0","0","0","0","0","0","0","0","0","0","0","0","0","0","0","0","0","0","0","0","0","0","0","0","0","0","0","0","0","0","0","0","0","0","0","0","0","0","0","0","0","0","0","0","0","0","0","0","0","0","0","0","0","0","0","0","0","0","0","0","0","0","0","0","0","0","0","0","0","0","0","0","0","0","0","0","0","0","0","0","0","0","0","0","0","0","0","0","0","0","0","0","0","0","0","0","0","0","0","0","0","0","0","0","0","0","0","0","0","0","0","0","0","0","0","0","0","0","0","0","0","0","0","0","0","0","0","0","0","0","0","0","0","0","0","0","0","0","0","0","0","0","0","0","0","0","0","0","0","0","0","0","0","0","0","0","0","0","0","0","0","0","0","0","0","0","0","0","0","0","0","0","0","0","0","0","0","0","0","0","0","0","0","0","0","0","0","0","0","0","0","0","0","0","0","0","0","0","0","0","0","0","0","0","0","0","0","0","0","0","0","0","0","0","0","0","0","0","0","0","0","0","0","0","0","0","0","0","0","0","0","0","0","0","0","0","0","0","0","0","0","0","0","0","0","0","0","0","0","0","0","0","0","0","0","0","0","0","0","0","0","0","0","0","0","0","0","0","0","0","0","0","0","0","0","0","0","0","0","0","0","0","0","0","0","0","0","0","0","0","0","0","0","0","0","0","0","0","0","0","0","0","0","0","0","0","0","0","0","0","0","0","0","0","0","0","0","0","0","0","0","0","0","0","0","0","0","0","0","0","0","0","0","0","0","0","0","0","0","0","0","0","0","0","0","0","0","0","0","0","0","0","0","0","0","0","0","0","0","0","0","0","0","0","0","0","0","0","0","0","0","0","0","0","0","0","0","0","0","0","0","0","0","0","0","0","0","0","0","0","0","0","0","0","0","0","0","0","0","0","0","0","0","0","0","0","0","0","0","0","0","0","0","0","0","0","0","0","0","0","0","0","0","0","0","0","0","0","0","0","0","0","0","0","0","0","0","0","0","0","0","0","0","0","0","0","0","0","0","0","0","0","0","0","0","0","0","0","0","0","0","0","0","0","0","0","0","0","0","0","0","0","0","0","0","0","0","0","0","0","0","0","0","0","0","0","0","0","0","0","0","0","0","0","0","0","0","0","0","0","0","0","0","0","0","0","0","0","0","0","0","0","0","0","0","0","0","0","0","0","0","0","0","0","0","0","0","0","0","0","0","0","0","0","0","0","0","0","0","0","0","0","0","0","0","0","0","0","0","0","0","0","0","0","0","0","0","0","0","0","0","0","0","0","0","0","0","0","0","0","0","0","0"
,"10701.780000000002","10821.633749999997","1844.2012499999998","0","742.3199999999999","1113.48","25223.414999999997","10732.71","11803.661250000001","1573.5637499999998","0","893.10375","1341.5887500000001","26344.627500000002","10964.685","10821.633749999999","1256.53125","0","846.70875","1009.09125","24898.65","0","0","0","0","0","0","0","0","0","0","0","0","0","0","0","0","0","0","0","0","0","10779.105000000003","10991.74875","1755.2775","0","765.5174999999999","1275.8625","25567.51125000001","10636.053750000003","11587.15125","1650.8887499999998","0","947.23125","1268.13","26089.45499999999","10728.843749999998","10589.658749999999","1248.79875","0","838.9762499999999","1024.55625","24430.833750000005","0","0","0","0","0","0","0","0","0","0","0","0","0","0","0","0","0","0","0","0","0","10605.123750000002","11637.412499999999","1770.7424999999998","0","765.5174999999999","1225.6012500000002","26004.397500000006","10748.175000000001","11745.667499999996","1658.62125","0","873.7725","1175.34","26201.576249999995","10407.945","11061.341249999998","1318.39125","0","873.7725","1074.8175","24736.26750000001","0","0","0","0","0","0","0","0","0","0","0","0","0","0","0","0","0","0","0","0","0","10357.683749999998","11320.380000000003","1705.01625","0","750.0525","1244.9325","25378.06500000001","10821.63375","10624.455","1616.0925","0","935.6324999999999","1179.20625","25177.01999999999","10566.46125","11312.6475","1310.65875","0","780.9825000000001","962.69625","24933.446249999997","0","0","0","0","0","0","0","0","0","0","0","0","0","0","0","0","0","0","0","0","0","10728.843750000002","11591.017499999998","1801.6725","0","734.5875","1229.4675","26085.588750000003","10566.461250000002","11366.775","1697.2837499999998","0","982.0275","1415.0475000000001","26027.594999999994","10612.856249999999","10844.831250000003","1329.99","0","808.04625","889.2375000000001","24484.96125","0","0","0","0","0","0","0","0","0","0","0","0","0","0","0","0","0","0","0","0","0","10508.467499999995","11822.9925","1906.06125","0","734.5875","1140.5437499999998","26112.6525","10960.818749999999","12205.75125","1693.4174999999998","0","877.63875","1260.3974999999998","26998.023750000015","10790.703750000002","10608.989999999998","1271.99625","0","769.38375","985.89375","24426.967500000006","0","0","0","0","0","0","0","0","0","0","0","0","0","0","0","0","0","0","0","0","0","10465.938749999996","11235.3225","1813.27125","0","726.855","1198.5375","25439.925000000007","10875.76125","11873.25375","1697.2837499999998","0","962.69625","1314.5249999999999","26723.520000000008","10945.35375","11011.079999999998","1310.6587499999998","0","668.86125","1055.48625","24991.440000000002","0","0","0","0","0","0","0","0","0","0","0","0","0","0","0","0","0","0","0","0","0","10450.473750000001","11482.762500000003","1848.0675","0","750.0525","1113.48","25644.83625","11347.443750000004","11548.48875","1650.8887499999998","0","916.30125","1094.14875","26557.27125","10929.888749999998","10697.91375","1337.7224999999999","0","788.715","912.4350000000001","24666.674999999985","0","0","0","0","0","0","0","0","0","0","0","0","0","0","0","0","0","0","0","0","0","10647.652499999998","11591.017499999998","1805.53875","0","726.855","1241.0662499999999","26012.12999999999","10802.302499999998","11931.247500000001","1519.43625","0","958.8299999999999","1295.19375","26507.010000000006","10404.078750000002","11308.78125","1384.1174999999998","0","703.6575","1159.875","24960.50999999999","0","0","0","0","0","0","0","0","0","0","0","0","0","0","0","0","0","0","0","0","0","10473.671250000003","10663.117499999998","1824.87","0","780.9825","1214.0024999999998","24956.64375","10686.314999999997","11602.616249999997","1666.35375","0","885.3712499999999","1244.9325000000001","26085.588749999995","10717.244999999995","10968.551249999995","1244.9325","0","750.0525","877.6387500000001","24558.419999999995","0","0","0","0","0","0","0","0","0","0","0","0","0","0","0","0","0","0","0","0","0","10898.95875","11351.31","1801.6725","0","695.925","1140.5437499999998","25888.41","10902.825","11927.38125","1677.9524999999999","0","974.2950000000001","1190.805","26673.258750000008","10581.926249999999","10477.537500000002","1237.1999999999998","0","707.52375","1051.62","24055.807500000003","0","0","0","0","0","0","0","0","0","0","0","0","0","0","0","0","0","0","0","0","0","10504.60125","11540.75625","1759.14375","0","750.0525","1198.5375","25753.09124999999","11741.801250000002","11335.844999999996","1612.22625","0","1012.9575","1221.7350000000001","26924.564999999995","10898.958750000002","10933.755","1291.3274999999999","0","738.4537499999999","846.70875","24709.203750000004","0","0","0","0","0","0","0","0","0","0","0","0","0","0","0","0","0","0","0","0","0","10407.945","11359.042500000001","1766.8762499999998","0","765.5174999999999","1229.4675000000002","25528.84875","10933.755","11544.622500000001","1639.2900000000002","0","908.5687500000001","1287.4612499999998","26313.697500000006","10918.289999999999","11049.742500000002","1271.99625","0","900.83625","1016.82375","25157.688749999994","0","0","0","0","0","0","0","0","0","0","0","0","0","0","0","0","0","0","0","0","0","10767.50625","11687.673750000002","1782.34125","0","773.25","1117.34625","26128.1175","10864.1625","12008.572499999998","1670.2199999999998","0","982.0275","1310.65875","26835.641250000008","9971.058750000002","10902.825000000003","1372.51875","0","835.1099999999999","881.505","23963.0175","0","0","0","0","0","0","0","0","0","0","0","0","0","0","0","0","0","0","0","0","0","10817.767500000002","11850.056250000003","1755.2775000000001","0","742.3199999999999","1260.3975","26425.818749999995","10597.391249999999","11343.577500000001","1608.3600000000001","0","939.49875","1241.0662499999999","25729.893750000003","11030.41125","10887.359999999999","1233.33375","0","931.7662500000001","862.1737499999999","24945.045","0","0","0","0","0","0","0","0","0","0","0","0","0","0","0","0","0","0","0","0","0","10512.333750000002","11212.125000000002","1855.7999999999997","0","742.3199999999999","1217.8687499999999","25540.447500000002","11014.946250000003","11811.39375","1662.4875","0","924.0337499999999","1237.1999999999998","26650.06125000001","10624.455000000002","11227.589999999998","1252.665","0","827.3775","896.9699999999999","24829.057499999988","0","0","0","0","0","0","0","0","0","0","0","0","0","0","0","0","0","0","0","0","0","10763.640000000001","11660.610000000002","1882.8637499999998","0","719.1225","1179.20625","26205.442500000012","10110.24375","11637.4125","1732.0800000000002","0","920.1675","1217.8687499999999","25617.772500000006","10949.22","11014.946249999999","1337.7225","0","819.645","974.295","25095.82875","0","0","0","0","0","0","0","0","0","0","0","0","0","0","0","0","0","0","0","0","0","10547.13","11482.762500000003","1902.1950000000002","0","765.5174999999999","1275.8625","25973.4675","10875.76125","11587.151250000004","1639.29","0","912.4350000000001","1152.1425","26166.780000000002","10446.6075","10299.689999999999","1291.3274999999999","0","734.5875","1055.48625","23827.698750000007","0","0","0","0","0","0","0","0","0","0","0","0","0","0","0","0","0","0","0","0","0","10462.0725","11734.068750000002","1770.7425000000003","0","765.5174999999999","1241.0662499999999","25973.467500000002","10879.6275","11834.59125","1809.405","0","835.11","1233.33375","26592.06750000001","10713.378749999994","11072.939999999997","1283.5949999999998","0","835.1099999999999","835.11","24740.133749999994","0","0","0","0","0","0","0","0","0","0","0","0","0","0","0","0","0","0","0","0","0","10972.417500000001","11741.80125","1766.8762499999998","0","750.0525","1221.735","26452.88250000001","10628.321249999997","12016.304999999998","1689.55125","0","862.1737499999999","1360.92","26557.27125","10852.563750000003","10581.926249999999","1275.8625","0","688.1925","893.10375","24291.648749999997","0","0","0","0","0","0","0","0","0","0","0","0","0","0","0","0","0","0","0","0","0","10755.907499999998","10902.825","1886.7299999999998","0","773.25","1241.06625","25559.778750000005","10891.226250000002","11900.317500000001","1596.76125","0","877.6387500000001","1051.6200000000001","26317.563750000012","10581.926249999999","11014.946249999999","1337.7224999999999","0","854.4412500000001","1020.6899999999999","24809.726249999996","0","0","0","0","0","0","0","0","0","0","0","0","0","0","0","0","0","0","0","0","0","10794.569999999996","11494.361250000004","1921.52625","0","757.785","1233.33375","26201.57625000001","10810.035","11324.24625","1616.0925000000002","0","920.1675","1090.2825","25760.82375","10937.621249999998","10984.016250000002","1256.53125","0","711.39","1098.0149999999999","24987.573749999996","0","0","0","0","0","0","0","0","0","0","0","0","0","0","0","0","0","0","0","0","0","10674.716250000005","11424.768750000001","1797.8062499999999","0","765.5174999999999","1194.6712499999999","25857.480000000018","10906.691250000003","11830.725","1631.5575","0","916.30125","1295.19375","26580.46875000001","10682.448750000001","11080.6725","1275.8625","0","703.6575","866.04","24608.681250000005","0","0","0","0","0","0","0","0","0","0","0","0","0","0","0","0","0","0","0","0","0","10562.594999999998","11285.58375","1913.7937499999998","0","726.855","1070.95125","25559.778750000012","11154.13125","11815.260000000002","1511.7037500000001","0","889.2375","1306.7925","26677.124999999996","10608.99","11192.793749999999","1268.13","0","877.6387500000001","912.435","24859.98749999999","0","0","0","0","0","0","0","0","0","0","0","0","0","0","0","0","0","0","0","0","0","10547.130000000001","11401.57125","1766.87625","0","734.5875","1109.61375","25559.77875","11014.946249999999","11560.087500000001","1708.8825","0","908.56875","1190.805","26383.28999999999","10779.104999999998","10868.02875","1256.5312499999998","0","877.63875","842.8425","24624.14625","0","0","0","0","0","0","0","0","0","0","0","0","0","0","0","0","0","0","0","0","0","10268.760000000002","11069.073750000003","1797.80625","0","734.5875","1171.47375","25041.701250000002","10585.792500000003","11030.41125","1670.22","0","1020.6899999999999","1353.1874999999998","25660.30125","10910.557499999999","10848.6975","1337.7224999999999","0","792.58125","943.3649999999999","24832.923749999987","0","0","0","0","0","0","0","0","0","0","0","0","0","0","0","0","0","0","0","0","0","10322.887499999999","11691.539999999997","1778.4750000000001","0","757.785","1194.6712499999999","25745.358749999992","10396.34625","11633.546250000001","1635.42375","0","900.8362500000001","1194.6712499999999","25760.82375","10875.761249999998","11227.59","1264.2637499999998","0","815.77875","982.0275","25165.421249999996","0","0","0","0","0","0","0","0","0","0","0","0","0","0","0","0","0","0","0","0","0","10566.461249999998","11401.57125","1855.8","0","750.0525","1179.20625","25753.091250000005","10991.748749999995","11235.3225","1558.09875","0","908.5687499999999","1233.33375","25927.0725","10701.78","10817.7675","1283.5949999999998","0","796.4475","1024.5562499999999","24624.146250000005","0","0","0","0","0","0","0","0","0","0","0","0","0","0","0","0","0","0","0","0","0","10825.5","11355.176249999999","1763.0099999999998","0","734.5875","1179.20625","25857.480000000007","10705.646249999998","10968.551249999995","1755.2775","0","900.8362500000001","1275.8625","25606.17374999999","10639.92","11389.972500000002","1194.6712499999999","0","796.4475","1117.34625","25138.357500000006","0","0","0","0","0","0","0","0","0","0","0","0","0","0","0","0","0","0","0","0","0","10941.4875","11440.23375","1685.6849999999997","0","757.785","1206.27","26031.461249999993","10771.372499999998","11447.966250000003","1712.74875","0","947.23125","1357.05375","26236.372499999994","10701.780000000002","10871.894999999999","1264.2637499999998","0","784.84875","916.30125","24539.088750000006","0","0","0","0","0","0","0","0","0","0","0","0","0","0","0","0","0","0","0","0","0","10624.455000000004","11691.54","1790.07375","0","765.5174999999999","1167.6074999999998","26039.19375000001","11045.87625","11026.544999999998","1658.62125","0","1024.55625","1221.7350000000001","25977.333749999994","10910.557499999999","11181.194999999996","1364.78625","0","846.70875","1074.8175","25378.065000000002","0","0","0","0","0","0","0","0","0","0","0","0","0","0","0","0","0","0","0","0","0","10570.327500000003","11614.215","1855.8","0","711.39","1186.93875","25938.671250000003","10937.621250000006","11347.443749999999","1600.6275","0","939.49875","1399.5825","26224.773749999997","10790.703749999997","11038.14375","1256.5312499999998","0","668.8612499999999","958.83","24713.07","0","0","0","0","0","0","0","0","0","0","0","0","0","0","0","0","0","0","0","0","0","10330.620000000003","11977.6425","1848.0674999999999","0","773.25","1179.20625","26108.786249999997","11080.672500000002","11853.922500000004","1720.48125","0","947.23125","1109.61375","26711.92125","11018.8125","11065.2075","1329.9900000000002","0","800.31375","1032.2887500000002","25246.612500000003","0","0","0","0","0","0","0","0","0","0","0","0","0","0","0","0","0","0","0","0","0","10458.206249999997","11243.055","1840.335","0","750.0525","1198.5375","25490.18625000001","10578.06","11482.762499999999","1689.5512499999998","0","978.16125","1229.4675","25958.0025","10709.512499999999","11030.41125","1302.92625","0","854.4412500000001","1012.9575","24910.24875","0","0","0","0","0","0","0","0","0","0","0","0","0","0","0","0","0","0","0","0","0","10914.423750000002","11235.322500000004","1828.7362500000002","0","765.5174999999999","1217.8687499999999","25961.868749999998","10713.378749999998","11772.73125","1705.01625","0","866.04","1252.665","26309.831250000007","10346.085","10400.212499999998","1156.0087500000002","0","846.70875","1070.95125","23819.96625","0","0","0","0","0","0","0","0","0","0","0","0","0","0","0","0","0","0","0","0","0","10473.671250000001","11440.233750000001","1824.87","0","773.25","1237.2","25749.225000000006","10276.492499999998","11420.902499999998","1623.825","0","904.7025","1128.945","25354.867500000008","10616.7225","10864.1625","1248.79875","0","804.18","989.76","24523.623750000006","0","0","0","0","0","0","0","0","0","0","0","0","0","0","0","0","0","0","0","0","0","10098.645","11328.112499999997","1797.8062499999999","0","757.785","1241.06625","25223.415","10771.372500000001","11382.240000000003","1712.74875","0","920.1675","1341.5887500000001","26128.117499999993","10589.65875","10744.308749999998","1353.1875","0","869.90625","924.03375","24481.095000000005","0","0","0","0","0","0","0","0","0","0","0","0","0","0","0","0","0","0","0","0","0","10786.8375","11842.32375","1647.0224999999996","0","719.1225","1260.3975","26255.703750000004","10481.40375","11888.718749999996","1739.8125","0","978.16125","1086.4162500000002","26174.512500000015","10427.276249999999","11270.118750000003","1391.85","0","935.6324999999999","974.2950000000001","24999.172499999997","0","0","0","0","0","0","0","0","0","0","0","0","0","0","0","0","0","0","0","0","0","10837.09875","10906.69125","1824.87","0","780.9825","1156.00875","25505.651249999995","11246.92125","11946.7125","1712.7487499999997","0","966.5625","1345.455","27218.399999999998","10736.576249999996","10964.685","1264.2637499999998","0","904.7025","916.30125","24786.528750000005","0","0","0","0","0","0","0","0","0","0","0","0","0","0","0","0","0","0","0","0","0","10744.30875","11525.291250000004","1770.7424999999998","0","765.5174999999999","1125.07875","25930.938749999994","10728.84375","11695.406250000004","1658.62125","0","846.70875","1156.00875","26085.58875","10736.57625","10906.69125","1357.05375","0","854.44125","1043.8875","24898.650000000005","0","0","0","0","0","0","0","0","0","0","0","0","0","0","0","0","0","0","0","0","0","10574.193750000002","10736.57625","1828.73625","0","750.0525","1159.875","25049.43375","10991.74875","11645.145","1705.01625","0","935.6325","1171.47375","26449.016250000004","10593.525000000001","11038.143750000003","1357.05375","0","780.9825","1040.02125","24809.726250000003","0","0","0","0","0","0","0","0","0","0","0","0","0","0","0","0","0","0","0","0","0","10326.753749999998","11223.72375","1894.4624999999999","0","742.3199999999999","1183.0725","25370.332499999997","10717.245","11676.075","1840.335","0","904.7024999999999","1202.40375","26340.761250000003","10659.251250000001","11065.207499999999","1264.2637499999998","0","866.04","1128.945","24983.707499999997","0","0","0","0","0","0","0","0","0","0","0","0","0","0","0","0","0","0","0","0","0","10550.996249999998","11436.367500000004","1755.2775","0","750.0525","1113.4799999999998","25606.173750000005","10709.5125","11393.838750000003","1720.48125","0","962.69625","1399.5825","26186.111250000005","10543.263750000002","11436.367499999998","1291.3274999999999","0","889.2375","997.4925","25157.688749999994","0","0","0","0","0","0","0","0","0","0","0","0","0","0","0","0","0","0","0","0","0","10624.454999999998","11447.966249999998","1712.7487499999997","0","742.3199999999999","1260.3974999999998","25787.887500000015","10709.512499999997","11316.513749999998","1681.81875","0","896.97","1163.74125","25768.556249999998","11188.927500000002","10991.74875","1349.32125","0","811.9124999999999","982.0275","25323.937499999993","0","0","0","0","0","0","0","0","0","0","0","0","0","0","0","0","0","0","0","0","0","10922.156250000002","11331.97875","1824.87","0","742.3199999999999","1047.7537499999999","25869.078749999997","10748.175000000001","11691.539999999999","1542.6337500000002","0","904.7024999999999","1233.33375","26120.385","11049.7425","11127.067500000001","1349.32125","0","811.9125","1043.8875","25381.931250000012","0","0","0","0","0","0","0","0","0","0","0","0","0","0","0","0","0","0","0","0","0","10663.1175","11424.768750000003","1917.6599999999999","0","773.25","1040.02125","25818.817499999997","11281.717499999999","11583.285000000002","1685.6850000000002","0","920.1675","1237.2","26708.054999999997","10980.150000000001","11034.2775","1326.12375","0","920.1675","869.90625","25130.62499999999","0","0","0","0","0","0","0","0","0","0","0","0","0","0","0","0","0","0","0","0","0","10493.002499999999","11173.462500000001","1778.475","0","719.1225","1175.34","25339.402500000007","10929.888750000004","11235.322500000004","1600.6275","0","873.7725","1326.12375","25965.734999999986","10589.658749999999","11018.812499999998","1283.595","0","757.785","1051.62","24701.471250000002","0","0","0","0","0","0","0","0","0","0","0","0","0","0","0","0","0","0","0","0","0","10875.76125","11502.09375","1759.14375","0","719.1225","1210.13625","26066.257500000003","10910.557500000003","11548.488750000004","1573.56375","0","989.76","1403.44875","26425.81875","10608.990000000002","11262.386250000001","1214.0025","0","873.7725","777.11625","24736.267499999987","0","0","0","0","0","0","0","0","0","0","0","0","0","0","0","0","0","0","0","0","0","10686.315","11243.054999999995","1836.46875","0","719.1225","1225.60125","25710.562500000004","10755.907500000003","11432.501250000001","1666.35375","0","877.6387499999998","1009.09125","25741.492500000008","10848.697500000002","10794.570000000003","1337.7224999999999","0","908.56875","1067.085","24956.643749999996","0","0","0","0","0","0","0","0","0","0","0","0","0","0","0","0","0","0","0","0","0","10562.595","11548.488749999999","1836.46875","0","742.3199999999999","1183.0725","25872.945000000003","10373.148750000002","12027.90375","1600.6275","0","869.90625","1144.41","26015.996250000015","10937.621249999998","10991.74875","1306.7925","0","777.11625","862.17375","24875.4525","0","0","0","0","0","0","0","0","0","0","0","0","0","0","0","0","0","0","0","0","0","10578.060000000003","11563.953750000006","1828.73625","0","773.25","1152.1425","25896.1425","10435.008749999997","11799.794999999996","1658.6212500000001","0","904.7024999999999","1279.7287500000002","26077.856250000015","10767.506249999999","10782.971249999999","1248.7987500000002","0","835.1099999999999","1020.69","24655.076249999995","0","0","0","0","0","0","0","0","0","0","0","0","0","0","0","0","0","0","0","0","0","10713.37875","11768.865000000002","1859.66625","0","742.3199999999999","1117.3462499999998","26201.576249999995","10953.086249999997","11892.585","1654.7549999999999","0","939.4987500000001","1248.79875","26688.723750000016","11165.729999999998","10926.0225","1256.5312499999998","0","699.79125","962.6962500000001","25010.77125000001","0","0","0","0","0","0","0","0","0","0","0","0","0","0","0","0","0","0","0","0","0","10933.755000000001","11432.501250000003","1851.9337500000001","0","765.5174999999999","1121.2125","26104.919999999995","10933.755000000001","11459.564999999999","1674.08625","0","947.23125","1152.1425","26166.780000000006","10728.843750000005","11065.207500000002","1244.9325000000001","0","780.9825","989.76","24809.726250000014","0","0","0","0","0","0","0","0","0","0","0","0","0","0","0","0","0","0","0","0","0","10446.607500000002","11772.73125","1724.3474999999999","0","765.5174999999999","1186.9387499999998","25896.1425","11533.023749999998","11799.795","1534.9012500000001","0","908.5687499999999","1206.27","26982.558749999997","10380.88125","10918.289999999999","1310.65875","0","889.2375","978.1612499999999","24477.22874999999","0","0","0","0","0","0","0","0","0","0","0","0","0","0","0","0","0","0","0","0","0","10303.556250000001","11362.908750000002","1886.73","0","726.855","1047.75375","25327.803750000003","10953.08625","11223.723750000001","1685.685","0","1009.0912500000001","1248.79875","26120.385000000013","10597.391250000004","10995.614999999998","1244.9325","0","761.65125","1055.48625","24655.07625","0","0","0","0","0","0","0","0","0","0","0","0","0","0","0","0","0","0","0","0","0","10442.741250000005","11273.985000000004","1917.6600000000003","0","757.785","1152.1425","25544.313749999998","10802.3025","11517.558749999995","1596.76125","0","900.8362500000001","1337.7224999999999","26155.181250000005","10674.71625","11335.845000000003","1283.5949999999998","0","827.3775","881.505","25003.038750000007","0","0","0","0","0","0","0","0","0","0","0","0","0","0","0","0","0","0","0","0","0","11084.538750000002","11919.64875","1790.07375","0","734.5875","1159.8749999999998","26688.723750000005","11169.596250000002","12085.897500000003","1693.4175","0","912.435","1256.53125","27117.877499999995","10956.952499999996","10392.479999999998","1384.1174999999998","0","780.9825","947.23125","24461.763749999995","0","0","0","0","0","0","0","0","0","0","0","0","0","0","0","0","0","0","0","0","0","10485.269999999999","11312.6475","1851.9337500000001","0","750.0525","1113.48","25513.383750000008","11324.246249999997","11204.392500000002","1643.1562500000002","0","920.1675","1322.2575","26414.22000000001","10810.034999999994","10647.6525","1337.7224999999999","0","653.39625","935.6324999999999","24384.43875000001","0","0","0","0","0","0","0","0","0","0","0","0","0","0","0","0","0","0","0","0","0","10782.97125","11185.061249999999","1793.94","0","719.1225","1183.0725000000002","25664.167500000007","10798.43625","12124.56","1677.9524999999999","0","893.10375","1384.1174999999998","26878.16999999999","10690.18125","10272.626249999998","1183.0725","0","908.56875","854.44125","23908.890000000007","0","0","0","0","0","0","0","0","0","0","0","0","0","0","0","0","0","0","0","0","0","10516.199999999999","11204.392500000002","1840.3349999999998","0","780.9825","1152.1425","25494.0525","10465.938750000001","11710.871249999997","1596.76125","0","935.6324999999999","1059.3525","25768.556250000005","10891.226250000002","11308.781250000004","1190.805","0","715.25625","1016.82375","25122.892500000005","0","0","0","0","0","0","0","0","0","0","0","0","0","0","0","0","0","0","0","0","0","10686.315","11076.80625","1813.27125","0","773.25","1094.14875","25443.791250000006","11142.532499999996","11459.564999999999","1705.01625","0","920.1675","1345.455","26572.736249999994","11366.775","11556.22125","1291.3274999999999","0","750.0525","908.5687499999999","25872.944999999996","0","0","0","0","0","0","0","0","0","0","0","0","0","0","0","0","0","0","0","0","0","10276.4925","11621.9475","1774.6087499999999","0","773.25","1202.40375","25648.702500000003","11227.59","11293.316249999996","1635.42375","0","873.7725","1156.00875","26186.11125","10628.321249999999","11057.475","1310.65875","0","750.0525","1101.88125","24848.388750000002","0","0","0","0","0","0","0","0","0","0","0","0","0","0","0","0","0","0","0","0","0","10632.187500000002","11919.64875","1662.4875","0","757.785","1241.0662499999999","26213.175","10554.862500000001","11815.260000000004","1662.4875000000002","0","978.1612499999999","1291.3275","26302.09875000001","10844.83125","11324.246250000007","1357.05375","0","757.7850000000001","966.5625","25250.478749999987","0","0","0","0","0","0","0","0","0","0","0","0","0","0","0","0","0","0","0","0","0","10566.461249999997","11065.207500000004","1863.5324999999998","0","757.785","1244.9325","25497.918750000008","10628.32125","11699.272500000001","1654.7549999999999","0","838.97625","1244.9325000000001","26066.2575","10837.098750000003","10203.033750000002","1310.65875","0","858.3075000000001","985.8937500000001","24194.9925","0","0","0","0","0","0","0","0","0","0","0","0","0","0","0","0","0","0","0","0","0","10798.436249999999","11231.45625","1851.9337500000001","0","742.3199999999999","1059.3525","25683.498750000013","11038.14375","11772.731249999997","1685.685","0","974.295","1159.875","26630.73","10941.487500000001","11196.660000000005","1337.7224999999999","0","719.1225","835.11","25030.102500000005","0","0","0","0","0","0","0","0","0","0","0","0","0","0","0","0","0","0","0","0","0","10388.61375","11320.380000000001","1906.06125","0","750.0525","1210.13625","25575.24374999999","11239.188750000003","12008.5725","1627.6912499999999","0","935.6324999999999","1125.07875","26936.16375000001","10473.671250000001","11022.678749999997","1287.4612499999998","0","722.98875","773.25","24280.050000000003","0","0","0","0","0","0","0","0","0","0","0","0","0","0","0","0","0","0","0","0","0","10666.983750000001","11397.705000000002","1770.7425","0","765.5174999999999","1229.4675","25830.41625000001","10918.289999999999","11768.865000000002","1677.9524999999999","0","970.42875","1333.85625","26669.3925","10593.525","10902.824999999999","1299.0599999999997","0","916.30125","889.2375","24600.948749999992","0","0","0","0","0","0","0","0","0","0","0","0","0","0","0","0","0","0","0","0","0","10160.505","11409.303750000003","1720.4812499999998","0","757.785","1140.5437499999998","25188.618750000012","10825.500000000004","11301.048750000004","1612.22625","0","954.96375","1171.47375","25865.212499999998","10941.487499999997","10701.779999999999","1256.53125","0","742.3199999999999","1032.2887500000002","24674.4075","0","0","0","0","0","0","0","0","0","0","0","0","0","0","0","0","0","0","0","0","0","10512.33375","11482.7625","1766.8762499999998","0","726.855","1190.805","25679.632500000007","10566.46125","11865.521250000002","1670.2199999999998","0","889.2375","1171.4737499999999","26162.913750000003","10578.060000000003","10868.028750000001","1318.39125","0","815.77875","796.4475","24376.70625","0","0","0","0","0","0","0","0","0","0","0","0","0","0","0","0","0","0","0","0","0","10721.111249999998","11447.966250000001","1759.14375","0","757.785","1101.8812500000001","25787.887500000008","11111.602500000003","11498.227500000005","1569.6975","0","904.7025","1299.06","26383.290000000005","10798.436249999999","11076.806249999998","1318.39125","0","858.3075","819.645","24871.586250000004","0","0","0","0","0","0","0","0","0","0","0","0","0","0","0","0","0","0","0","0","0","11003.3475","11297.1825","1921.52625","0","773.25","1210.1362499999998","26205.442500000012","10879.6275","11726.336249999997","1635.42375","0","885.3712499999999","1260.3975","26387.156250000004","10435.008749999999","10446.6075","1376.385","0","792.58125","904.7025000000001","23955.284999999993","0","0","0","0","0","0","0","0","0","0","0","0","0","0","0","0","0","0","0","0","0","10562.595000000001","10415.677500000002","1844.20125","0","788.7149999999999","1210.13625","24821.325000000008","10744.308750000002","11656.74375","1635.42375","0","1009.09125","1275.8625","26321.42999999999","10655.385","10871.895000000002","1337.7225","0","811.9125000000001","1063.21875","24740.13375000001","0","0","0","0","0","0","0","0","0","0","0","0","0","0","0","0","0","0","0","0","0","10299.690000000002","11475.029999999995","1859.6662499999998","0","742.3199999999999","1136.6775","25513.383750000005","11049.742499999998","11378.373750000004","1716.6149999999998","0","881.5049999999999","1314.525","26340.761249999996","11583.285","10288.091249999998","1237.1999999999998","0","935.6324999999999","1028.4225000000001","25072.63125","0","0","0","0","0","0","0","0","0","0","0","0","0","0","0","0","0","0","0","0","0","10632.187499999998","11679.941250000002","1821.00375","0","726.855","1244.9325000000001","26104.92","10620.588749999999","11451.8325","1596.7612499999998","0","931.76625","1132.8112500000002","25733.760000000006","10531.665","10860.296249999998","1299.06","0","765.5175","1005.2249999999999","24461.76375","0","0","0","0","0","0","0","0","0","0","0","0","0","0","0","0","0","0","0","0","0","10550.996250000002","11853.922500000004","1751.41125","0","734.5875","1156.00875","26046.926250000015","10798.43625","11718.603749999998","1592.8950000000002","0","862.1737499999999","1372.51875","26344.627500000017","10400.212500000001","10910.557499999997","1337.7225","0","800.3137499999999","1036.155","24484.961250000004","0","0","0","0","0","0","0","0","0","0","0","0","0","0","0","0","0","0","0","0","0","10690.181250000005","11413.169999999996","1770.7425","0","773.25","1210.13625","25857.480000000014","10643.78625","11745.667500000003","1712.7487499999997","0","943.365","1210.13625","26255.703750000008","10253.295000000004","10670.850000000002","1364.7862499999999","0","842.8425","982.0274999999999","24113.80125","0","0","0","0","0","0","0","0","0","0","0","0","0","0","0","0","0","0","0","0","0","10620.588749999999","11459.565000000002","1886.73","0","726.855","1198.5375","25892.27625","10694.047500000004","12054.967499999999","1619.95875","0","842.8425","1326.12375","26537.94000000001","10581.926249999999","11707.005","1283.5950000000003","0","777.11625","943.365","25293.00750000001","0","0","0","0","0","0","0","0","0","0","0","0","0","0","0","0","0","0","0","0","0","10902.825000000003","11606.482500000002","1755.2774999999997","0","750.0525","1233.33375","26247.971249999988","11057.475","11683.807499999999","1697.28375","0","982.0275","1349.32125","26769.915","10233.96375","11057.475000000002","1329.99","0","858.3075","912.435","24392.17124999999","0","0","0","0","0","0","0","0","0","0","0","0","0","0","0","0","0","0","0","0","0","10547.130000000001","11444.099999999999","1735.9462499999997","0","750.0525","1148.27625","25625.505","10991.748750000002","11475.03","1604.4937499999999","0","927.9000000000001","1113.48","26112.6525","10608.989999999994","11316.513750000002","1295.19375","0","854.44125","931.7662500000001","25006.905","0","0","0","0","0","0","0","0","0","0","0","0","0","0","0","0","0","0","0","0","0","10388.613749999997","11830.724999999997","1801.6725","0","780.9825","1125.0787500000001","25927.07249999999","10690.18125","11529.157499999998","1662.4875","0","1051.62","1256.53125","26189.977499999994","10446.6075","10771.372499999998","1275.8625","0","854.4412500000001","966.5625","24314.84625","0","0","0","0","0","0","0","0","0","0","0","0","0","0","0","0","0","0","0","0","0","10860.296250000001","11227.590000000002","1805.5387499999997","0","788.7149999999999","1237.2","25919.33999999999","10458.206250000001","12058.83375","1693.4175","0","912.435","1210.1362499999998","26333.02875","10879.627500000004","10655.384999999998","1318.39125","0","769.38375","958.8300000000002","24581.61750000001","0","0","0","0","0","0","0","0","0","0","0","0","0","0","0","0","0","0","0","0","0","10945.353749999997","11722.47","1882.86375","0","726.855","1109.6137499999998","26387.15625","11011.080000000002","11637.412500000002","1631.5575","0","850.575","1094.14875","26224.773750000008","10709.5125","11042.01","1229.4675","0","692.0587499999999","869.90625","24542.955000000005","0","0","0","0","0","0","0","0","0","0","0","0","0","0","0","0","0","0","0","0","0","10933.755000000001","11239.188750000005","1871.2649999999999","0","750.0525","1144.41","25938.671250000007","10322.8875","11757.26625","1619.95875","0","866.04","1140.54375","25706.696249999997","11088.405","11409.303750000005","1337.7224999999999","0","842.8425","1020.6899999999998","25698.963749999995","0","0","0","0","0","0","0","0","0","0","0","0","0","0","0","0","0","0","0","0","0","10326.753749999998","11494.361249999998","1882.8637499999998","0","719.1225000000001","1163.7412499999998","25586.842500000002","10578.06","11745.667500000001","1612.2262499999997","0","862.1737499999999","1183.0725","25981.199999999986","10767.50625","10922.156250000002","1256.53125","0","885.3712499999999","1051.6200000000001","24883.18500000001","0","0","0","0","0","0","0","0","0","0","0","0","0","0","0","0","0","0","0","0","0","10145.04","11772.731250000004","1739.8125","0","757.785","1186.93875","25602.30750000001","10906.691250000002","11687.673749999998","1735.9462500000004","0","908.5687499999999","1194.6712499999999","26433.55125","10589.65875","11092.27125","1302.92625","0","904.7025","1074.8175","24964.376249999998","0","0","0","0","0","0","0","0","0","0","0","0","0","0","0","0","0","0","0","0","0","10833.2325","11351.309999999998","1747.545","0","742.3199999999999","1074.8175","25749.225","10493.002499999999","11540.756250000002","1550.36625","0","827.3774999999999","1144.41","25555.912500000002","10377.015000000003","10972.4175","1210.13625","0","792.58125","985.8937500000001","24338.043749999997","0","0","0","0","0","0","0","0","0","0","0","0","0","0","0","0","0","0","0","0","0","10956.952500000003","11297.182499999999","1840.335","0","780.9825","1194.67125","26070.123750000006","10833.2325","12004.70625","1654.755","0","924.0337499999999","1186.93875","26603.666250000006","10527.798750000004","11204.3925","1345.455","0","873.7725","1009.09125","24960.51","0","0","0","0","0","0","0","0","0","0","0","0","0","0","0","0","0","0","0","0","0","10593.525000000001","11297.1825","1894.4624999999999","0","773.25","1152.1425","25710.56250000002","10825.499999999996","11606.4825","1654.7549999999999","0","924.03375","1275.8625","26286.633749999997","10651.51875","10883.493750000003","1183.0725","0","939.49875","970.4287499999999","24628.012500000004","0","0","0","0","0","0","0","0","0","0","0","0","0","0","0","0","0","0","0","0","0","10508.467500000002","11185.061249999999","1844.20125","0","742.3199999999999","1128.9450000000002","25408.994999999995","10852.56375","12170.955000000002","1643.1562499999998","0","974.295","1322.2575","26963.227499999994","10740.442500000003","11065.207499999999","1329.9899999999998","0","815.77875","966.5625","24917.98125","0","0","0","0","0","0","0","0","0","0","0","0","0","0","0","0","0","0","0","0","0","10678.582500000002","11521.425000000005","1774.6087499999999","0","780.9825","1163.7412499999998","25919.339999999997","10953.086250000002","11455.698749999998","1623.8249999999998","0","970.42875","1229.4675","26232.50625","11045.876249999996","11061.341249999998","1275.8625","0","827.3775","927.9","25138.357500000002","0","0","0","0","0","0","0","0","0","0","0","0","0","0","0","0","0","0","0","0","0","10566.461249999998","11563.953750000002","1824.8700000000001","0","750.0525","1171.4737499999999","25876.811249999995","10612.856249999999","11312.647500000001","1720.48125","0","1016.82375","1299.0600000000002","25961.868750000005","10871.895","11069.073750000003","1260.3975","0","823.51125","1040.02125","25064.898749999993","0","0","0","0","0","0","0","0","0","0","0","0","0","0","0","0","0","0","0","0","0","10481.40375","11208.258749999999","1821.0037499999999","0","757.785","1194.6712499999999","25463.122499999994","10933.755000000001","11625.81375","1534.9012500000001","0","966.5625","1136.6775","26197.710000000003","10790.70375","10972.417500000003","1357.05375","0","780.9825","958.83","24859.9875","0","0","0","0","0","0","0","0","0","0","0","0","0","0","0","0","0","0","0","0","0","10485.270000000002","11243.055","1875.13125","0","765.5174999999999","1148.27625","25517.250000000007","10941.487499999997","11923.514999999996","1666.3537499999998","0","893.10375","1171.4737499999999","26595.93375000002","10326.753749999996","10999.48125","1345.455","0","804.1800000000001","1070.95125","24546.821249999986","0","0","0","0","0","0","0","0","0","0","0","0","0","0","0","0","0","0","0","0","0","10759.773749999997","11467.297500000002","1886.73","0","765.5174999999999","1186.93875","26066.2575","10972.417500000001","11834.591250000001","1724.3474999999999","0","889.2375","1275.8625","26696.456249999996","10585.792500000003","10346.085000000001","1291.3275","0","777.11625","916.3012500000001","23916.622499999998","0","0","0","0","0","0","0","0","0","0","0","0","0","0","0","0","0","0","0","0","0","10543.26375","11606.4825","1894.4624999999996","0","757.785","1237.1999999999998","26039.193750000006","10794.569999999996","12008.5725","1604.4937499999999","0","954.96375","1318.3912500000001","26680.991250000003","10991.748750000002","11007.21375","1202.4037500000002","0","835.1099999999999","904.7025","24941.178749999995","0","0","0","0","0","0","0","0","0","0","0","0","0","0","0","0","0","0","0","0","0","10295.823750000003","10918.29","1821.0037499999999","0","765.5174999999999","1244.9325000000001","25045.567500000005","11038.143749999996","11795.928750000001","1608.36","0","920.1675","1229.4675","26592.0675","10736.576250000004","10539.397499999997","1357.05375","0","800.31375","866.04","24299.381249999995","0","0","0","0","0","0","0","0","0","0","0","0","0","0","0","0","0","0","0","0","0","10508.467499999999","11908.049999999997","1855.8","0","757.785","1121.2125","26151.315000000002","10949.22","11614.214999999997","1577.43","0","912.435","1329.9899999999998","26383.290000000005","10431.142500000002","10759.773749999998","1310.65875","0","800.3137499999999","927.9","24229.788750000003","0","0","0","0","0","0","0","0","0","0","0","0","0","0","0","0","0","0","0","0","0","10674.716250000001","11273.985000000004","1774.60875","0","765.5174999999999","1175.3400000000001","25664.167500000003","11022.678750000001","11591.017499999998","1689.55125","0","912.4350000000001","1244.9325000000001","26460.614999999998","10373.148750000002","10377.015000000001","1337.7224999999999","0","823.51125","811.9125","23723.30999999999","0","0","0","0","0","0","0","0","0","0","0","0","0","0","0","0","0","0","0","0","0","10249.428750000003","11447.966250000005","1778.475","0","773.25","1152.1425","25401.262500000008","11301.04875","11950.578750000004","1558.0987499999999","0","978.1612499999999","1291.3274999999999","27079.215000000004","11096.1375","11080.6725","1237.2","0","850.575","985.89375","25250.47875000001","0","0","0","0","0","0","0","0","0","0","0","0","0","0","0","0","0","0","0","0","0","10632.187500000002","11672.208749999998","1813.27125","0","726.855","1194.6712499999999","26039.193750000002","10829.366250000001","11799.795","1716.615","0","924.0337499999999","1264.26375","26534.073749999996","10960.818750000002","11196.66","1302.92625","0","854.4412500000001","896.9699999999999","25211.816250000003","0","0","0","0","0","0","0","0","0","0","0","0","0","0","0","0","0","0","0","0","0"
,"10964.685","11482.762499999999","1851.93375","0","742.3199999999999","1051.62","26093.32125000001","10817.767500000002","11768.865000000003","1689.55125","0","877.6387500000001","1078.68375","26232.506250000002","10728.84375","10639.920000000002","1256.53125","0","734.5875","931.76625","24291.648750000008","0","0","0","0","0","0","0","0","0","0","0","0","0","0","0","0","0","0","0","0","0","10485.270000000002","10883.493749999998","1805.53875","0","750.0525","1156.00875","25080.36375000001","10964.684999999998","10945.353750000002","1743.67875","0","935.6324999999999","1082.5500000000002","25671.89999999999","10241.696250000003","10929.888750000004","1337.7224999999999","0","746.18625","862.17375","24117.66749999998","0","0","0","0","0","0","0","0","0","0","0","0","0","0","0","0","0","0","0","0","0","10589.658750000002","11432.50125","1817.1374999999998","0","773.25","1210.13625","25822.683749999997","11045.87625","11587.151250000003","1639.29","0","912.4350000000001","1198.5375000000001","26383.29000000002","10187.568750000002","11042.010000000002","1345.455","0","885.37125","1016.82375","24477.228749999995","0","0","0","0","0","0","0","0","0","0","0","0","0","0","0","0","0","0","0","0","0","10396.346249999999","11807.527500000002","1728.21375","0","742.3199999999999","1113.48","25787.887500000004","10898.958749999998","11799.795","1658.6212500000001","0","881.505","1279.72875","26518.60874999999","10666.98375","10547.130000000001","1310.6587499999998","0","761.65125","974.295","24260.718750000007","0","0","0","0","0","0","0","0","0","0","0","0","0","0","0","0","0","0","0","0","0","10319.021250000003","11811.39375","1778.4750000000001","0","726.855","1159.875","25795.62000000001","10485.27","12093.630000000001","1658.6212500000001","0","970.42875","1318.39125","26526.34125","10663.117499999998","10655.385","1357.05375","0","649.53","835.1099999999999","24160.196249999994","0","0","0","0","0","0","0","0","0","0","0","0","0","0","0","0","0","0","0","0","0","10744.30875","11181.194999999998","1743.6787499999998","0","726.855","1275.8625","25671.9","10713.37875","11996.973750000003","1674.0862499999998","0","924.03375","1132.81125","26441.28375","10922.15625","11069.073750000001","1113.48","0","765.5174999999999","877.6387500000001","24747.86625","0","0","0","0","0","0","0","0","0","0","0","0","0","0","0","0","0","0","0","0","0","10531.665","11672.208750000002","1836.46875","0","750.0525","1117.34625","25907.74125000001","10539.397499999997","12012.438749999996","1561.965","0","958.8299999999999","1217.8687499999999","26290.500000000004","10810.034999999998","10670.85","1310.6587499999998","0","757.7850000000001","788.715","24338.043749999997","0","0","0","0","0","0","0","0","0","0","0","0","0","0","0","0","0","0","0","0","0","10547.13","11157.997500000001","1867.3987499999998","0","765.5174999999999","1179.20625","25517.250000000004","11281.717500000002","11583.285","1573.5637499999998","0","862.1737499999999","1221.7350000000001","26522.47500000001","10214.632499999998","10489.136250000001","1302.92625","0","738.4537499999999","1078.68375","23823.832499999986","0","0","0","0","0","0","0","0","0","0","0","0","0","0","0","0","0","0","0","0","0","10597.391249999999","11239.188749999998","1836.46875","0","750.0525","1210.13625","25633.237500000007","10871.895","11695.406249999998","1697.28375","0","970.42875","1322.2575","26557.27125","10864.162500000002","10694.0475","1310.65875","0","854.44125","970.42875","24693.738750000008","0","0","0","0","0","0","0","0","0","0","0","0","0","0","0","0","0","0","0","0","0","10868.02875","11691.54","1898.32875","0","726.855","1260.3975","26445.149999999994","10319.021250000002","11645.145","1735.9462499999997","0","989.76","1295.19375","25985.066250000003","10914.42375","10547.130000000003","1148.27625","0","773.25","978.16125","24361.241250000003","0","0","0","0","0","0","0","0","0","0","0","0","0","0","0","0","0","0","0","0","0","10419.543750000003","11254.653749999998","1763.0099999999998","0","773.25","1144.4099999999999","25354.867500000008","11270.118749999998","11649.011249999998","1701.15","0","1016.82375","1214.0025","26851.10625","10964.684999999998","10601.2575","1237.2","0","773.25","800.31375","24376.706249999992","0","0","0","0","0","0","0","0","0","0","0","0","0","0","0","0","0","0","0","0","0","10628.321249999997","11594.883749999994","1720.48125","0","757.785","1086.41625","25787.887500000004","10728.843749999998","11556.22125","1693.4174999999998","0","947.2312499999999","1329.9899999999998","26255.70375000001","10578.059999999998","10910.557499999999","1337.7224999999999","0","866.04","958.83","24651.209999999995","0","0","0","0","0","0","0","0","0","0","0","0","0","0","0","0","0","0","0","0","0","10550.99625","11884.852499999997","1859.6662499999998","0","773.25","1233.33375","26302.098750000005","10643.786249999997","11579.418750000003","1689.5512499999998","0","916.30125","1237.2","26066.25749999999","10864.162499999999","11022.678749999995","1237.1999999999998","0","811.9124999999999","966.5625","24902.516250000015","0","0","0","0","0","0","0","0","0","0","0","0","0","0","0","0","0","0","0","0","0","10840.965","11382.239999999996","1817.1374999999998","0","757.785","1067.085","25865.212499999998","10810.034999999998","11231.45625","1643.15625","0","927.9000000000001","1159.875","25772.4225","10779.105000000001","10840.965","1221.735","0","831.24375","985.89375","24658.94250000001","0","0","0","0","0","0","0","0","0","0","0","0","0","0","0","0","0","0","0","0","0","10670.850000000004","11517.55875","1894.4624999999999","0","750.0525","1202.40375","26035.3275","10222.365","11185.061250000004","1681.81875","0","838.9762499999999","1287.46125","25215.6825","10697.913749999998","11200.526249999997","1283.5949999999998","0","943.365","1051.62","25177.019999999997","0","0","0","0","0","0","0","0","0","0","0","0","0","0","0","0","0","0","0","0","0","10674.71625","11672.208749999998","1708.8825","0","765.5174999999999","1221.7350000000001","26043.06","10833.232499999998","11053.60875","1619.9587499999998","0","924.03375","1140.54375","25571.3775","10659.251249999996","10535.531249999996","1364.7862499999999","0","800.31375","1028.4225","24388.305","0","0","0","0","0","0","0","0","0","0","0","0","0","0","0","0","0","0","0","0","0","10995.615","11482.762500000003","1848.0674999999999","0","734.5875","1256.53125","26317.56375","10790.703749999999","11262.386249999998","1689.5512499999998","0","939.49875","1287.4612499999998","25969.601249999985","10632.187500000002","11424.768749999997","1264.26375","0","722.9887500000001","1009.09125","25053.299999999996","0","0","0","0","0","0","0","0","0","0","0","0","0","0","0","0","0","0","0","0","0","10531.665000000005","10972.4175","1944.7237499999999","0","750.0525","1163.74125","25362.600000000013","10620.58875","11266.2525","1531.035","0","1001.3587500000001","1229.4675","25648.702500000007","10218.49875","10643.78625","1345.455","0","850.575","792.58125","23850.896249999994","0","0","0","0","0","0","0","0","0","0","0","0","0","0","0","0","0","0","0","0","0","10690.18125","11625.813750000003","1778.475","0","750.0525","1186.93875","26031.461249999993","10910.557500000006","11621.947500000002","1561.965","0","896.97","1295.19375","26286.63374999999","10794.57","11069.07375","1202.4037500000002","0","753.91875","1140.5437499999998","24960.510000000002","0","0","0","0","0","0","0","0","0","0","0","0","0","0","0","0","0","0","0","0","0","10419.54375","11478.896250000003","1855.7999999999997","0","719.1225","1283.595","25756.957500000004","10802.302500000002","11304.914999999997","1558.09875","0","970.42875","1152.1425","25787.887499999993","10813.901249999997","10535.531249999998","1067.085","0","804.1800000000001","970.4287499999999","24191.126249999998","0","0","0","0","0","0","0","0","0","0","0","0","0","0","0","0","0","0","0","0","0","11007.213750000003","10910.5575","1848.0675","0","750.0525","1198.5375","25714.428750000014","11045.87625","11668.3425","1701.15","0","962.69625","1233.33375","26611.398749999986","10868.028750000001","10674.716249999998","1341.5887500000001","0","808.0462499999999","1020.69","24713.069999999992","0","0","0","0","0","0","0","0","0","0","0","0","0","0","0","0","0","0","0","0","0","10473.671250000003","11896.451250000002","1886.7299999999998","0","773.25","1136.6775","26166.780000000002","10508.467499999995","11459.564999999997","1720.4812499999998","0","920.1675","1302.92625","25911.607500000002","10701.780000000004","10875.761250000001","1237.2","0","831.2437500000001","916.30125","24562.286249999994","0","0","0","0","0","0","0","0","0","0","0","0","0","0","0","0","0","0","0","0","0","10624.455","11328.112500000001","1805.5387500000002","0","742.3199999999999","1152.1425","25652.568749999984","10446.607500000004","12078.165","1685.685","0","889.2375","1202.40375","26302.09875","10493.002500000004","10875.761249999998","1310.6587499999998","0","900.83625","1179.20625","24759.464999999997","0","0","0","0","0","0","0","0","0","0","0","0","0","0","0","0","0","0","0","0","0","10543.263750000004","11165.730000000001","1747.545","0","719.1225","1074.8175","25250.47875","10837.098750000001","11579.418750000003","1492.3725","0","920.1675","1260.3975","26089.454999999994","10871.894999999999","11335.844999999996","1283.5949999999998","0","777.11625","1016.82375","25285.275","0","0","0","0","0","0","0","0","0","0","0","0","0","0","0","0","0","0","0","0","0","10303.55625","11583.284999999998","1824.87","0","773.25","1194.6712499999999","25679.6325","10821.633749999999","11451.8325","1612.22625","0","951.0975","1407.315","26244.104999999992","10755.907500000001","10953.086249999998","1302.92625","0","730.72125","800.31375","24542.955000000005","0","0","0","0","0","0","0","0","0","0","0","0","0","0","0","0","0","0","0","0","0","10516.2","11749.533749999997","1813.2712499999998","0","719.1225","1148.27625","25946.40375000001","11428.634999999998","11285.583750000002","1596.7612499999998","0","978.1612499999999","1260.3975","26549.53875000001","10829.36625","10516.199999999999","1248.79875","0","858.3074999999999","1101.88125","24554.55375","0","0","0","0","0","0","0","0","0","0","0","0","0","0","0","0","0","0","0","0","0","10481.40375","11351.310000000001","1936.99125","0","773.25","1179.20625","25722.161250000016","10724.977499999999","11065.207500000002","1666.3537499999998","0","823.51125","1333.8562499999998","25613.906250000004","10883.493750000001","10547.130000000001","1210.13625","0","835.1099999999999","1009.09125","24484.961250000015","0","0","0","0","0","0","0","0","0","0","0","0","0","0","0","0","0","0","0","0","0","10643.786250000001","11703.138749999998","1828.7362500000002","0","719.1225","1128.945","26023.72875","10322.887499999997","11935.11375","1681.81875","0","947.2312499999999","1318.39125","26205.44250000001","11173.462500000001","11119.335000000001","1337.7224999999999","0","827.3775","804.1800000000001","25262.0775","0","0","0","0","0","0","0","0","0","0","0","0","0","0","0","0","0","0","0","0","0","10620.588749999999","11277.851250000002","1763.0099999999998","0","750.0525","1098.0149999999999","25509.5175","10523.9325","11540.756250000002","1573.5637499999998","0","877.6387500000001","1233.33375","25749.225000000013","10736.576250000004","10829.366250000001","1248.7987500000002","0","788.7149999999999","1028.4225000000001","24631.878750000003","0","0","0","0","0","0","0","0","0","0","0","0","0","0","0","0","0","0","0","0","0","10520.06625","11548.488749999999","1805.5387500000002","0","719.1225","1156.00875","25749.225000000013","10709.512499999999","11672.20875","1674.0862499999998","0","947.23125","1291.3274999999999","26294.36625000001","10984.016250000002","10612.856249999999","1275.8625","0","885.3712499999999","1020.69","24778.796249999996","0","0","0","0","0","0","0","0","0","0","0","0","0","0","0","0","0","0","0","0","0","10597.391250000002","11397.705000000002","1735.9462500000002","0","719.1225","1210.13625","25660.301250000004","10392.480000000003","11181.194999999998","1674.08625","0","958.8299999999999","1256.53125","25463.122499999998","10910.557499999999","10898.958749999998","1299.0599999999997","0","811.9124999999999","1074.8175","24995.306249999994","0","0","0","0","0","0","0","0","0","0","0","0","0","0","0","0","0","0","0","0","0","10462.0725","11633.546250000001","1824.87","0","750.0525","1109.61375","25780.155","10694.0475","11397.705000000002","1701.1499999999999","0","916.3012500000001","1128.945","25838.14875","10910.5575","11281.7175","1256.53125","0","869.90625","1055.48625","25374.198749999996","0","0","0","0","0","0","0","0","0","0","0","0","0","0","0","0","0","0","0","0","0","10918.289999999999","11347.443749999999","1693.4174999999998","0","750.0525","1109.61375","25818.817499999976","10454.339999999998","12016.305","1759.14375","0","869.90625","1132.81125","26232.50625","10199.1675","10342.218750000002","1217.8687499999999","0","746.18625","989.76","23495.20125","0","0","0","0","0","0","0","0","0","0","0","0","0","0","0","0","0","0","0","0","0","10496.86875","11459.564999999999","1832.6025","0","780.9825","1244.9325","25814.951250000006","10705.646250000002","11444.1","1677.9524999999999","0","924.0337499999998","1248.79875","26000.53125000001","11103.869999999999","10721.111249999996","1310.65875","0","804.18","889.2375","24829.057500000006","0","0","0","0","0","0","0","0","0","0","0","0","0","0","0","0","0","0","0","0","0","10458.20625","12097.49625","1844.2012499999998","0","750.0525","1159.8749999999998","26309.831250000007","10779.105000000001","11475.029999999997","1623.8249999999998","0","947.2312499999999","1190.805","26015.996250000004","10786.837499999998","11320.38","1310.6587499999998","0","769.38375","1051.62","25238.880000000005","0","0","0","0","0","0","0","0","0","0","0","0","0","0","0","0","0","0","0","0","0","10612.85625","11157.997500000001","1936.99125","0","765.5174999999999","1163.7412499999998","25637.10375000001","11065.207499999999","12128.42625","1604.4937499999999","0","939.49875","1171.4737499999999","26909.100000000017","11007.21375","11428.635","1183.0725","0","769.38375","989.76","25378.065000000006","0","0","0","0","0","0","0","0","0","0","0","0","0","0","0","0","0","0","0","0","0","10790.70375","11815.260000000002","1817.1374999999998","0","719.1225","1206.2699999999998","26348.49375","10825.5","11521.425000000005","1677.9525","0","881.5050000000001","1318.39125","26224.773749999993","10840.965","10929.888750000002","1357.05375","0","808.0462499999999","1047.7537499999999","24983.70749999999","0","0","0","0","0","0","0","0","0","0","0","0","0","0","0","0","0","0","0","0","0","10218.49875","11417.03625","1786.2075","0","765.5174999999999","1279.72875","25466.988750000004","10496.86875","11223.72375","1697.28375","0","924.03375","1241.0662499999999","25582.976250000003","10922.156249999998","11061.341250000003","1241.06625","0","889.2375","1078.68375","25192.484999999993","0","0","0","0","0","0","0","0","0","0","0","0","0","0","0","0","0","0","0","0","0","10496.868750000005","11366.775000000001","1809.405","0","726.855","1190.8049999999998","25590.708749999998","10972.4175","11560.0875","1654.7549999999999","0","966.5625","1175.34","26329.162500000002","10933.755000000005","11285.58375","1295.19375","0","815.77875","869.90625","25200.2175","0","0","0","0","0","0","0","0","0","0","0","0","0","0","0","0","0","0","0","0","0","10767.506249999999","11734.068750000002","1724.3474999999999","0","773.25","1271.99625","26271.168750000015","10736.576249999998","11768.865000000002","1639.29","0","951.0975","1140.54375","26236.372500000005","10740.4425","10806.16875","1214.0025","0","831.2437500000001","1047.7537499999999","24639.611249999998","0","0","0","0","0","0","0","0","0","0","0","0","0","0","0","0","0","0","0","0","0","10612.85625","11177.32875","1844.2012499999998","0","780.9825","1140.5437499999998","25555.912500000002","11316.513750000002","12058.833750000002","1743.6787499999998","0","920.1675","1210.13625","27249.33","10562.595000000003","10643.786250000003","1326.12375","0","792.58125","916.30125","24241.387499999993","0","0","0","0","0","0","0","0","0","0","0","0","0","0","0","0","0","0","0","0","0","10701.780000000002","11741.80125","1797.80625","0","788.7149999999999","1121.2124999999999","26151.315000000002","11061.341249999998","11455.698750000001","1705.01625","0","951.0975000000001","1275.8625000000002","26449.016250000015","10558.728749999997","10991.74875","1283.5949999999998","0","854.4412500000001","908.5687499999999","24597.082500000008","0","0","0","0","0","0","0","0","0","0","0","0","0","0","0","0","0","0","0","0","0","10597.39125","11277.851249999998","1739.8125","0","750.0525","1105.7475","25470.855000000007","11157.997500000001","12058.83375","1739.8124999999998","0","931.7662499999999","1221.7350000000001","27110.14500000001","10721.11125","11478.896249999998","1190.805","0","773.25","1128.945","25293.007499999996","0","0","0","0","0","0","0","0","0","0","0","0","0","0","0","0","0","0","0","0","0","10566.46125","12120.693750000002","1909.9275","0","765.5174999999999","1128.945","26491.545000000002","10655.384999999998","11703.138749999998","1705.01625","0","935.6325","1322.2575000000002","26321.43","10694.047499999999","11100.00375","1345.455","0","750.0525","873.7725","24763.331249999996","0","0","0","0","0","0","0","0","0","0","0","0","0","0","0","0","0","0","0","0","0","10574.19375","11401.57125","1735.9462499999997","0","734.5875","1206.27","25652.56875","10767.50625","11703.13875","1751.4112499999999","0","924.0337499999999","1287.4612499999998","26433.55125","10798.436250000002","10949.220000000001","1345.455","0","792.58125","742.3199999999999","24628.012499999993","0","0","0","0","0","0","0","0","0","0","0","0","0","0","0","0","0","0","0","0","0","10523.932499999999","11799.794999999998","1650.8887499999998","0","726.855","1163.74125","25865.212500000005","10543.26375","11389.9725","1612.22625","0","939.49875","1190.805","25675.76625","10790.703749999999","10779.105","1337.7224999999999","0","753.91875","1202.40375","24863.85374999998","0","0","0","0","0","0","0","0","0","0","0","0","0","0","0","0","0","0","0","0","0","10531.665","11505.960000000003","1875.1312499999997","0","750.0525","1229.4675","25892.27625","11192.793749999997","11664.476249999998","1720.4812499999998","0","924.03375","1152.1425","26653.927499999998","10462.0725","10933.754999999997","1310.65875","0","750.0525","904.7025","24361.241249999995","0","0","0","0","0","0","0","0","0","0","0","0","0","0","0","0","0","0","0","0","0","10759.773750000002","11482.7625","1685.6849999999997","0","726.855","1167.6074999999998","25822.68375","10972.417500000001","11428.634999999998","1654.755","0","908.5687499999999","1248.7987500000002","26213.175","10539.397500000005","11007.213749999997","1271.99625","0","676.59375","1059.3525","24554.553749999985","0","0","0","0","0","0","0","0","0","0","0","0","0","0","0","0","0","0","0","0","0","10837.09875","11444.099999999999","1805.5387499999997","0","773.25","1214.0025","26073.99000000001","10508.467499999995","11598.75","1577.4299999999998","0","896.97","1055.48625","25637.103749999995","10748.175000000001","11146.398750000002","1229.4675","0","885.3712499999999","792.5812500000001","24801.993750000005","0","0","0","0","0","0","0","0","0","0","0","0","0","0","0","0","0","0","0","0","0","10407.944999999998","11873.253750000003","1801.6724999999997","0","719.1225","1214.0025","26015.996250000007","10550.99625","11587.15125","1643.15625","0","904.7025","1326.12375","26012.130000000005","10852.563750000001","11436.367499999997","1310.6587499999998","0","908.5687499999999","1001.3587500000001","25509.51749999999","0","0","0","0","0","0","0","0","0","0","0","0","0","0","0","0","0","0","0","0","0","10435.008749999997","11498.2275","1890.59625","0","726.855","1221.7350000000001","25772.422500000008","10976.283749999997","11579.41875","1639.2899999999997","0","974.295","1248.79875","26418.08624999999","11003.347500000002","10868.028749999996","1310.6587499999998","0","804.1800000000001","784.84875","24771.06374999999","0","0","0","0","0","0","0","0","0","0","0","0","0","0","0","0","0","0","0","0","0","10156.638750000002","11679.941250000002","1751.41125","0","780.9825","1186.93875","25555.9125","10910.557500000003","11587.151249999999","1542.63375","0","893.10375","1322.2575","26255.703749999993","10840.965000000002","11420.9025","1275.8625000000002","0","838.97625","885.37125","25262.077499999996","0","0","0","0","0","0","0","0","0","0","0","0","0","0","0","0","0","0","0","0","0","10605.123750000002","11486.62875","1685.685","0","719.1225","1121.2124999999999","25617.7725","10937.621250000004","11757.266249999999","1608.36","0","869.90625","1233.33375","26406.487500000007","10728.843750000002","10968.551250000002","1302.92625","0","924.03375","835.11","24759.464999999997","0","0","0","0","0","0","0","0","0","0","0","0","0","0","0","0","0","0","0","0","0","10678.582499999999","11761.1325","1863.5324999999998","0","765.5174999999999","1163.74125","26232.50625","11359.0425","11768.865000000002","1650.8887499999998","0","962.6962500000001","1399.5825","27141.074999999997","10752.041249999998","10442.741249999997","1237.2","0","850.575","854.4412500000001","24136.99875","0","0","0","0","0","0","0","0","0","0","0","0","0","0","0","0","0","0","0","0","0","10442.741250000001","11355.176250000002","1619.9587499999998","0","765.5174999999999","1121.2125","25304.60625000001","10620.58875","11258.519999999999","1732.08","0","989.76","1171.47375","25772.422500000008","10612.856249999999","10732.710000000001","1302.92625","0","854.4412500000001","1074.8175","24577.751250000005","0","0","0","0","0","0","0","0","0","0","0","0","0","0","0","0","0","0","0","0","0","11003.3475","10879.6275","1855.8","0","765.5174999999999","1074.8175","25579.109999999993","10226.23125","11393.83875","1716.615","0","966.5625","1183.0725","25486.319999999996","10520.06625","11142.5325","1268.13","0","846.70875","858.3075","24635.744999999995","0","0","0","0","0","0","0","0","0","0","0","0","0","0","0","0","0","0","0","0","0","10164.37125","11022.678750000003","1755.2775","0","773.25","1167.6074999999998","24883.184999999998","10732.71","11328.112499999997","1573.5637499999998","0","904.7025","1283.595","25822.68375","10860.296249999998","10639.919999999998","1376.385","0","831.2437500000001","900.8362500000001","24608.68125","0","0","0","0","0","0","0","0","0","0","0","0","0","0","0","0","0","0","0","0","0","10597.39125","11289.450000000003","1875.13125","0","773.25","1221.735","25756.957499999997","11045.876250000003","11386.106250000003","1705.01625","0","881.5050000000001","1140.54375","26159.047499999997","10728.843749999998","11049.7425","1337.7225","0","862.17375","912.4350000000001","24890.917500000003","0","0","0","0","0","0","0","0","0","0","0","0","0","0","0","0","0","0","0","0","0","10806.168749999997","11772.731250000003","1871.2649999999999","0","726.855","1144.4099999999999","26321.429999999997","11045.876250000001","11981.50875","1534.90125","0","927.9","1152.1425","26642.32874999999","10694.0475","10937.621250000002","1248.7987500000002","0","854.44125","1051.62","24786.52874999999","0","0","0","0","0","0","0","0","0","0","0","0","0","0","0","0","0","0","0","0","0","10713.37875","11583.285","1848.0675","0","765.5174999999999","1159.8749999999998","26070.123749999995","10821.633750000005","11297.1825","1685.685","0","924.03375","1194.6712499999999","25923.20624999999","10636.053750000001","10960.81875","1326.12375","0","711.39","947.23125","24581.6175","0","0","0","0","0","0","0","0","0","0","0","0","0","0","0","0","0","0","0","0","0","10771.3725","11896.451249999996","1832.6025","0","742.3199999999999","1109.6137499999998","26352.360000000008","10075.447499999997","11633.546250000001","1643.1562499999998","0","947.23125","1117.34625","25416.727500000005","11223.723750000001","10856.429999999998","1078.6837500000001","0","819.645","916.30125","24894.783750000002","0","0","0","0","0","0","0","0","0","0","0","0","0","0","0","0","0","0","0","0","0","10624.454999999998","11150.265000000001","1913.7937499999998","0","757.785","1183.0725","25629.371250000015","11080.672499999999","11459.565000000004","1677.9524999999999","0","873.7725","1244.9325000000001","26336.894999999997","10203.033750000004","11123.201249999998","1302.92625","0","750.0525","1125.0787500000001","24504.292499999985","0","0","0","0","0","0","0","0","0","0","0","0","0","0","0","0","0","0","0","0","0","10960.818750000004","10964.685000000001","1844.20125","0","765.5174999999999","1198.5375","25733.760000000006","11045.876250000001","11703.13875","1774.6087499999999","0","954.9637500000001","1067.085","26545.672499999997","10980.15","11521.424999999997","1364.78625","0","796.4475","947.2312499999999","25610.039999999986","0","0","0","0","0","0","0","0","0","0","0","0","0","0","0","0","0","0","0","0","0","10724.977499999999","11417.03625","1832.6025","0","765.5174999999999","1210.13625","25950.27000000001","10991.748749999999","12020.17125","1546.4999999999998","0","881.505","1190.805","26630.73","10496.868750000003","10995.614999999998","1364.7862499999999","0","761.6512500000001","1074.8175","24693.73874999999","0","0","0","0","0","0","0","0","0","0","0","0","0","0","0","0","0","0","0","0","0","10705.646250000002","11215.991250000001","1766.8762499999998","0","726.855","1202.40375","25617.772500000003","10868.02875","11455.698749999998","1631.5575000000001","0","958.83","1233.33375","26147.448749999992","10786.837499999996","10496.868750000001","1302.92625","0","722.98875","1125.0787500000001","24434.7","0","0","0","0","0","0","0","0","0","0","0","0","0","0","0","0","0","0","0","0","0","10469.805000000002","11100.00375","1828.73625","0","719.1225","1229.4675","25347.134999999995","10697.913750000002","11324.246249999998","1619.95875","0","885.37125","1256.53125","25784.02125000001","10527.798750000002","11072.939999999999","1295.19375","0","811.9125","889.2375000000001","24597.0825","0","0","0","0","0","0","0","0","0","0","0","0","0","0","0","0","0","0","0","0","0","10562.595000000001","11950.578749999995","1751.4112499999997","0","750.0525","1194.6712499999999","26209.308749999997","10450.473750000001","11567.82","1627.69125","0","931.7662500000001","1314.5249999999999","25892.276250000006","11057.474999999999","11022.678749999997","1156.00875","0","808.04625","993.62625","25037.835000000003","0","0","0","0","0","0","0","0","0","0","0","0","0","0","0","0","0","0","0","0","0","10852.563750000001","11529.1575","1759.14375","0","757.785","1117.34625","26015.99625000001","11142.5325","11718.603749999998","1666.35375","0","920.1675","1244.9325","26692.59000000001","10415.677499999996","10922.156250000002","1275.8624999999997","0","900.8362500000001","1167.6075","24682.140000000003","0","0","0","0","0","0","0","0","0","0","0","0","0","0","0","0","0","0","0","0","0","10581.926249999999","11293.316249999998","1824.8700000000001","0","757.785","1148.27625","25606.173750000005","10844.831250000003","11227.590000000004","1662.4875","0","1016.82375","1252.665","26004.397500000003","10261.027500000004","11444.099999999997","1353.1875","0","846.70875","877.63875","24782.662499999995","0","0","0","0","0","0","0","0","0","0","0","0","0","0","0","0","0","0","0","0","0","10330.62","11621.947500000002","1824.87","0","750.0525","1194.67125","25722.161250000005","10651.518750000001","12116.8275","1581.2962499999999","0","889.2375","1051.62","26290.5","10670.85","10705.646250000003","1291.3274999999999","0","877.6387500000001","1105.7475","24651.209999999995","0","0","0","0","0","0","0","0","0","0","0","0","0","0","0","0","0","0","0","0","0","10910.5575","11424.768750000001","1855.8","0","750.0525","1260.3975","26201.576250000002","10218.498749999997","11374.507500000002","1666.35375","0","931.7662500000001","1179.20625","25370.332499999993","10902.824999999999","10837.09875","1237.1999999999998","0","877.6387500000001","982.0274999999999","24836.789999999986","0","0","0","0","0","0","0","0","0","0","0","0","0","0","0","0","0","0","0","0","0","10674.716250000003","11138.66625","1828.73625","0","726.855","1140.5437499999998","25509.517499999987","10616.7225","11672.208750000005","1527.16875","0","912.435","1268.1299999999999","25996.664999999997","10593.525","10694.047499999999","1264.26375","0","761.6512500000001","931.7662500000001","24245.253749999996","0","0","0","0","0","0","0","0","0","0","0","0","0","0","0","0","0","0","0","0","0","10415.677499999998","11208.25875","1832.6025","0","726.855","1229.4675","25412.86125","10268.760000000002","11552.355000000001","1685.6849999999997","0","982.0274999999999","1233.3337500000002","25722.161249999997","9835.740000000002","11080.672499999999","1310.6587499999998","0","784.84875","877.6387500000001","23889.55875","0","0","0","0","0","0","0","0","0","0","0","0","0","0","0","0","0","0","0","0","0","10349.95125","11432.501250000003","1801.6724999999997","0","726.855","1156.00875","25466.988750000008","10968.55125","11285.583749999996","1589.02875","0","889.2375","1264.26375","25996.664999999997","10357.68375","11328.1125","1264.26375","0","881.505","993.62625","24825.191250000003","0","0","0","0","0","0","0","0","0","0","0","0","0","0","0","0","0","0","0","0","0","10407.945000000002","11281.717500000002","1817.1375","0","703.6575","1248.79875","25459.25625","10987.882500000002","11389.972500000003","1697.28375","0","974.295","1260.3975","26309.83125","10984.016249999999","10666.98375","1291.3274999999999","0","846.70875","1055.48625","24844.522500000003","0","0","0","0","0","0","0","0","0","0","0","0","0","0","0","0","0","0","0","0","0","10659.251250000001","12043.368749999998","1770.7424999999998","0","742.3199999999999","1163.74125","26379.423750000005","10674.716249999998","11911.916249999997","1677.9524999999999","0","920.1675","1183.0725","26367.824999999997","10813.90125","11548.488749999997","1283.595","0","877.6387500000001","982.0275","25505.651250000006","0","0","0","0","0","0","0","0","0","0","0","0","0","0","0","0","0","0","0","0","0","10315.155","11459.564999999999","1940.8574999999998","0","780.9825","1202.40375","25698.963749999995","10678.582500000004","11544.622500000003","1623.825","0","889.2375","1047.7537499999999","25784.021249999998","10454.340000000002","10752.041250000004","1329.9900000000002","0","819.645","854.44125","24210.457499999997","0","0","0","0","0","0","0","0","0","0","0","0","0","0","0","0","0","0","0","0","0","10651.51875","11235.322500000002","1712.74875","0","719.1225","1082.55","25401.262499999993","10786.8375","11726.336250000002","1600.6275","0","924.0337499999999","1326.12375","26363.958749999987","11621.9475","10968.551250000002","1264.2637499999998","0","808.04625","962.69625","25625.505","0","0","0","0","0","0","0","0","0","0","0","0","0","0","0","0","0","0","0","0","0","10755.907500000001","11745.667500000001","1805.53875","0","750.0525","1070.95125","26128.1175","10875.76125","11753.400000000001","1619.9587500000002","0","951.0975000000001","1364.7862499999997","26565.003750000003","10593.525","10620.588749999997","1299.06","0","753.91875","908.5687499999999","24175.661249999994","0","0","0","0","0","0","0","0","0","0","0","0","0","0","0","0","0","0","0","0","0","10620.58875","11482.762499999993","1821.0037499999999","0","750.0525","1237.2","25911.607500000006","11258.52","11386.106249999995","1561.965","0","885.3712499999999","1318.39125","26410.353750000002","10686.314999999997","10976.28375","1364.7862499999999","0","873.7725","904.7025","24805.86","0","0","0","0","0","0","0","0","0","0","0","0","0","0","0","0","0","0","0","0","0","10790.703749999999","11320.38","1855.8","0","750.0525","1241.0662499999999","25958.0025","10481.403750000001","12178.6875","1631.5575000000001","0","939.49875","1214.0025","26445.149999999994","10574.193750000004","11061.34125","1329.99","0","811.9124999999999","1132.81125","24910.24875","0","0","0","0","0","0","0","0","0","0","0","0","0","0","0","0","0","0","0","0","0","10199.167500000001","11038.143750000001","1619.9587500000002","0","734.5875","1260.3975","24852.254999999994","11243.054999999997","11281.717500000004","1759.1437500000002","0","900.8362500000001","1206.27","26391.022499999995","10713.378750000003","10821.63375","1329.9899999999998","0","753.9187499999999","896.97","24515.891250000004","0","0","0","0","0","0","0","0","0","0","0","0","0","0","0","0","0","0","0","0","0","10810.035000000002","10636.05375","1848.0674999999999","0","773.25","1210.13625","25277.542500000007","11072.939999999999","11293.31625","1677.9524999999999","0","935.6325000000002","1353.1875","26333.028749999998","10520.06625","10984.016249999999","1295.1937500000001","0","858.3075000000001","947.2312499999999","24604.81499999999","0","0","0","0","0","0","0","0","0","0","0","0","0","0","0","0","0","0","0","0","0","10527.79875","11119.335","1906.06125","0","773.25","1152.1425","25478.587499999994","10864.162499999999","12074.298749999996","1635.42375","0","935.6324999999999","1229.4675000000002","26738.985","11003.347500000002","10852.56375","1275.8625","0","750.0525","1059.3525","24941.178750000003","0","0","0","0","0","0","0","0","0","0","0","0","0","0","0","0","0","0","0","0","0","10597.39125","11780.463749999999","1902.195","0","765.5174999999999","1252.665","26298.23250000001","11049.7425","11981.508749999999","1681.81875","0","846.70875","1237.2","26796.97875000001","10891.22625","11038.14375","1310.6587499999998","0","757.785","1043.8874999999998","25041.70124999999","0","0","0","0","0","0","0","0","0","0","0","0","0","0","0","0","0","0","0","0","0","10802.302500000002","11598.749999999998","1902.195","0","734.5875","1190.8049999999998","26228.640000000003","10732.710000000001","11490.494999999999","1685.6850000000002","0","939.4987500000001","1202.40375","26050.7925","10736.576250000002","10686.315","1283.5949999999998","0","854.44125","978.16125","24539.08875","0","0","0","0","0","0","0","0","0","0","0","0","0","0","0","0","0","0","0","0","0","10601.2575","11575.552499999998","1836.4687499999998","0","719.1225","1136.6775","25869.078749999997","11042.009999999998","11606.482500000002","1666.35375","0","954.9637499999999","1221.7350000000001","26491.545000000013","10775.238750000002","10972.417499999998","1345.455","0","804.1800000000001","1020.69","24917.98125","0","0","0","0","0","0","0","0","0","0","0","0","0","0","0","0","0","0","0","0","0","10767.50625","11281.717500000004","1728.21375","0","742.3199999999999","1291.3274999999999","25811.08499999999","10956.952499999998","11498.227499999999","1654.7549999999999","0","947.23125","1248.79875","26305.964999999997","10601.257499999996","11339.71125","1241.06625","0","850.575","947.23125","24979.841249999987","0","0","0","0","0","0","0","0","0","0","0","0","0","0","0","0","0","0","0","0","0","10357.683749999997","11533.023750000002","1933.125","0","719.1225","1183.0724999999998","25726.02750000001","10914.42375","11366.774999999996","1728.2137499999997","0","954.96375","1349.32125","26313.697499999995","11169.596250000004","10968.551249999999","1140.5437499999998","0","773.25","850.575","24902.516250000004","0","0","0","0","0","0","0","0","0","0","0","0","0","0","0","0","0","0","0","0","0","10191.435000000001","11061.341250000001","1809.405","0","750.0525","1086.41625","24898.649999999998","10771.3725","11776.5975","1647.0225","0","889.2375","1248.79875","26333.02875","10953.086250000004","11022.67875","1291.3274999999999","0","835.1099999999999","815.7787500000001","24917.981249999993","0","0","0","0","0","0","0","0","0","0","0","0","0","0","0","0","0","0","0","0","0","10380.881250000002","11598.750000000002","1809.405","0","719.1225","1179.20625","25687.365000000013","10550.996249999998","11734.068749999999","1685.685","0","889.2375","1341.58875","26201.57625000001","10802.3025","10396.34625","1210.13625","0","796.4475","978.1612499999999","24183.393750000007","0","0","0","0","0","0","0","0","0","0","0","0","0","0","0","0","0","0","0","0","0","10493.002499999999","11691.540000000003","1720.48125","0","726.855","1148.27625","25780.155000000002","10489.13625","12027.903750000001","1650.8887499999996","0","920.1675","1349.32125","26437.4175","11525.291249999997","10868.028749999996","1248.79875","0","796.4475","1070.95125","25509.5175","0","0","0","0","0","0","0","0","0","0","0","0","0","0","0","0","0","0","0","0","0","10655.385","11726.336249999997","1778.475","0","742.3199999999999","1221.735","26124.25125000001","10833.2325","11691.539999999997","1619.95875","0","1020.6899999999999","1256.53125","26421.952499999996","10535.53125","10980.149999999998","1310.65875","0","726.855","966.5625","24519.75750000001","0","0","0","0","0","0","0","0","0","0","0","0","0","0","0","0","0","0","0","0","0","10697.913750000002","11780.463749999999","1801.6725","0","773.25","1241.0662499999999","26294.366249999992","11351.310000000001","11428.635","1666.3537499999998","0","931.7662500000001","1156.00875","26534.07375","10728.843750000002","10527.79875","1275.8625","0","703.6575","819.645","24055.807500000003","0","0","0","0","0","0","0","0","0","0","0","0","0","0","0","0","0","0","0","0","0","10779.105","11973.776250000003","1832.6025","0","750.0525","1233.33375","26568.870000000006","10844.831249999997","11699.272499999997","1677.9525","0","939.49875","1109.61375","26271.16874999999","10748.175000000001","10527.798749999998","1302.92625","0","854.44125","850.575","24283.916249999995","0","0","0","0","0","0","0","0","0","0","0","0","0","0","0","0","0","0","0","0","0","10388.61375","11745.667500000001","1747.545","0","757.785","1283.595","25923.20625000001","10871.894999999999","11687.673749999998","1616.0925","0","896.97","1190.805","26263.436249999995","10763.639999999998","10926.022500000003","1237.1999999999998","0","753.91875","993.62625","24674.40750000001","0","0","0","0","0","0","0","0","0","0","0","0","0","0","0","0","0","0","0","0","0","10295.823750000001","11366.774999999998","1832.6024999999997","0","765.5174999999999","1210.13625","25470.855000000007","10307.422500000002","11277.851250000002","1793.9399999999998","0","978.16125","1271.9962500000001","25629.371249999997","10697.913750000003","10918.289999999999","1345.455","0","699.79125","985.8937500000001","24647.343750000004","0","0","0","0","0","0","0","0","0","0","0","0","0","0","0","0","0","0","0","0","0","10902.824999999997","11475.03","1855.8000000000002","0","765.5174999999999","1128.945","26128.11749999999","10624.454999999998","11505.960000000001","1608.36","0","916.30125","1163.74125","25818.817499999997","10879.6275","11877.120000000006","1318.39125","0","769.38375","947.23125","25791.753750000003","0","0","0","0","0","0","0","0","0","0","0","0","0","0","0","0","0","0","0","0","0","10655.385","11467.297500000002","1743.6787499999998","0","757.785","1206.27","25830.41625","10837.098750000001","11351.310000000003","1592.895","0","924.03375","1136.6775","25842.014999999996","10895.0925","10701.779999999997","1248.7987500000002","0","896.97","982.0274999999999","24724.668749999983","0","0","0","0","0","0","0","0","0","0","0","0","0","0","0","0","0","0","0","0","0","10554.862500000001","11544.622500000003","1832.6025","0","765.5174999999999","1105.7475","25803.352500000008","10740.4425","11343.577499999998","1608.36","0","962.69625","1229.4675","25884.543750000004","10995.615000000002","10798.436249999999","1283.5949999999998","0","769.3837500000001","1040.02125","24887.051250000004","0","0","0","0","0","0","0","0","0","0","0","0","0","0","0","0","0","0","0","0","0"
,"10523.932499999999","11668.3425","1906.0612500000002","0","757.785","1233.33375","26089.455","10968.55125","11301.048750000002","1674.0862499999998","0","900.8362500000001","1302.92625","26147.448750000003","10779.105","11115.468750000004","1237.2","0","707.5237500000001","777.11625","24616.413749999996","0","0","0","0","0","0","0","0","0","0","0","0","0","0","0","0","0","0","0","0","0","10574.193749999997","11799.795","1855.8000000000002","0","742.3199999999999","1268.1299999999999","26240.238749999986","10918.29","11969.909999999998","1600.6275","0","854.4412500000001","1202.40375","26545.67250000002","11057.475000000002","11088.404999999997","1337.7224999999999","0","757.785","1028.4225000000001","25269.809999999994","0","0","0","0","0","0","0","0","0","0","0","0","0","0","0","0","0","0","0","0","0","10624.455000000002","11475.030000000002","1848.0674999999997","0","742.3199999999999","1275.8625","25965.734999999993","10489.136250000001","12317.8725","1589.0287500000002","0","873.7725","1264.26375","26534.073750000003","10752.04125","11022.678750000003","1299.06","0","808.0462500000001","1032.28875","24914.114999999998","0","0","0","0","0","0","0","0","0","0","0","0","0","0","0","0","0","0","0","0","0","10597.391250000002","11130.93375","1878.9975","0","757.785","1136.6775","25501.785000000007","10883.493749999998","11533.023750000002","1635.42375","0","927.9000000000001","1175.34","26155.181249999994","10435.00875","10554.8625","1271.9962499999997","0","819.645","978.1612499999999","24059.67374999998","0","0","0","0","0","0","0","0","0","0","0","0","0","0","0","0","0","0","0","0","0","11161.863750000002","11243.055000000004","1797.80625","0","750.0525","1214.0025","26166.78","10848.6975","11084.538749999994","1674.0862499999998","0","951.0975000000001","1206.27","25764.690000000002","10593.525000000001","11003.347499999996","1291.3274999999999","0","788.7149999999999","1012.9575","24689.872499999983","0","0","0","0","0","0","0","0","0","0","0","0","0","0","0","0","0","0","0","0","0","10987.882499999998","11509.82625","1790.0737499999998","0","773.25","1183.0725","26244.104999999996","10709.512499999997","11594.883749999999","1743.6787499999998","0","877.6387500000001","1241.0662499999999","26166.77999999999","11239.188750000001","10883.493750000001","1345.455","0","788.715","931.76625","25188.618749999994","0","0","0","0","0","0","0","0","0","0","0","0","0","0","0","0","0","0","0","0","0","10295.82375","11888.71875","1840.335","0","742.3199999999999","1264.26375","26031.461249999993","11088.405","11355.17625","1689.5512499999998","0","970.42875","1364.7862499999999","26468.347500000014","10856.430000000002","10531.664999999995","1229.4675000000002","0","780.9825","1001.35875","24399.903750000005","0","0","0","0","0","0","0","0","0","0","0","0","0","0","0","0","0","0","0","0","0","10554.862499999997","11598.75","1728.21375","0","765.5174999999999","1287.46125","25934.805","10481.403750000001","11471.163749999998","1600.6275","0","873.7725","1252.665","25679.63250000001","10825.499999999998","10848.697500000002","1237.2","0","831.2437500000001","978.16125","24720.802500000005","0","0","0","0","0","0","0","0","0","0","0","0","0","0","0","0","0","0","0","0","0","10771.372500000001","11192.793749999999","1855.8","0","757.785","1194.6712499999999","25772.4225","10624.454999999993","11417.03625","1619.95875","0","916.3012500000001","1163.74125","25741.492499999997","10512.33375","10779.105","1357.05375","0","858.3075000000001","924.03375","24430.833749999994","0","0","0","0","0","0","0","0","0","0","0","0","0","0","0","0","0","0","0","0","0","10531.664999999999","11807.527500000002","1790.0737499999996","0","726.855","1210.13625","26066.2575","11034.2775","11861.654999999997","1596.76125","0","900.8362500000001","1372.51875","26766.048749999994","10856.429999999995","10724.977499999999","1244.9325000000001","0","811.9124999999999","881.505","24519.757499999992","0","0","0","0","0","0","0","0","0","0","0","0","0","0","0","0","0","0","0","0","0","10508.467499999999","11614.215000000004","1863.5325","0","742.3199999999999","1210.1362499999998","25938.671249999996","10659.251250000001","11347.44375","1728.21375","0","904.7024999999999","1287.4612499999998","25927.072500000017","11022.67875","10779.105","1337.7224999999999","0","684.32625","978.1612500000001","24801.99374999999","0","0","0","0","0","0","0","0","0","0","0","0","0","0","0","0","0","0","0","0","0","10825.499999999996","11273.985000000002","1921.5262500000001","0","757.785","1136.6775","25915.473749999994","11123.20125","11683.807500000003","1670.22","0","954.9637499999999","1244.9325","26677.12500000001","11003.347500000003","11370.641249999999","1314.5249999999999","0","773.25","966.5625","25428.32625","0","0","0","0","0","0","0","0","0","0","0","0","0","0","0","0","0","0","0","0","0","10810.035","11451.8325","1813.2712499999998","0","773.25","1256.53125","26104.920000000016","11533.023749999998","11737.935","1546.4999999999998","0","982.0274999999999","1140.54375","26940.03","10674.71625","10601.257500000002","1156.00875","0","738.45375","1032.28875","24202.724999999988","0","0","0","0","0","0","0","0","0","0","0","0","0","0","0","0","0","0","0","0","0","10435.008749999997","11993.107500000002","1863.5325","0","750.0525","1299.06","26340.761250000003","10438.874999999998","11873.253750000002","1561.965","0","912.435","1163.74125","25950.26999999999","10056.116250000003","11138.666250000002","1318.39125","0","916.30125","943.365","24372.84000000001","0","0","0","0","0","0","0","0","0","0","0","0","0","0","0","0","0","0","0","0","0","10639.92","11420.902500000002","1894.4624999999999","0","773.25","1217.8687499999999","25946.403749999994","10960.818750000002","11084.538750000003","1600.6274999999998","0","869.90625","1299.06","25814.951249999995","10895.0925","10937.62125","1310.6587499999998","0","788.7149999999999","862.17375","24794.261250000007","0","0","0","0","0","0","0","0","0","0","0","0","0","0","0","0","0","0","0","0","0","10512.33375","11676.075","1878.9975","0","695.925","1202.40375","25965.735000000004","10454.340000000002","11223.723750000003","1685.685","0","927.9000000000001","1163.74125","25455.389999999996","10342.218749999998","10608.990000000005","1256.53125","0","896.97","1009.09125","24113.801249999997","0","0","0","0","0","0","0","0","0","0","0","0","0","0","0","0","0","0","0","0","0","11007.213750000003","11807.5275","1821.0037499999999","0","750.0525","1221.735","26607.532499999998","10902.824999999995","11463.431250000001","1619.9587499999998","0","920.1675","1291.3274999999999","26197.71000000001","10922.156250000002","10860.296250000001","1364.78625","0","784.8487500000001","1094.14875","25026.236249999994","0","0","0","0","0","0","0","0","0","0","0","0","0","0","0","0","0","0","0","0","0","10659.251249999998","11386.106249999997","1817.1375","0","750.0525","1194.67125","25807.218749999996","10910.557500000003","11741.801249999999","1739.8125","0","924.0337499999999","1256.53125","26572.736249999987","10620.588750000003","10875.761249999996","1372.51875","0","784.84875","1036.155","24689.872499999987","0","0","0","0","0","0","0","0","0","0","0","0","0","0","0","0","0","0","0","0","0","10721.111249999998","11289.449999999999","1909.9275","0","726.855","1260.3974999999998","25907.741249999995","10705.646249999998","11297.182499999999","1743.67875","0","985.89375","1098.0149999999999","25830.416249999995","10574.193749999999","11088.405","1241.06625","0","750.0525","920.1675","24573.885000000002","0","0","0","0","0","0","0","0","0","0","0","0","0","0","0","0","0","0","0","0","0","10245.5625","11177.328750000002","1643.15625","0","742.3199999999999","1128.945","24937.31249999999","10543.263749999996","11196.66","1716.615","0","912.435","1179.20625","25548.179999999997","10829.366250000001","11076.806250000001","1302.92625","0","842.8425","1047.75375","25099.694999999996","0","0","0","0","0","0","0","0","0","0","0","0","0","0","0","0","0","0","0","0","0","10717.244999999997","11169.596250000002","1763.01","0","757.785","1175.34","25582.976250000007","10195.30125","12344.93625","1619.95875","0","920.1675","1248.7987500000002","26329.162499999995","10342.218750000004","10895.092499999997","1244.9325","0","804.18","850.575","24136.998749999995","0","0","0","0","0","0","0","0","0","0","0","0","0","0","0","0","0","0","0","0","0","10663.117499999998","11293.316250000002","1809.4050000000002","0","719.1225","1156.00875","25640.970000000005","11420.902499999995","12325.605000000001","1670.22","0","989.76","1337.7224999999999","27744.21","10094.77875","10694.047500000002","1190.8049999999998","0","811.9125000000001","962.69625","23754.23999999999","0","0","0","0","0","0","0","0","0","0","0","0","0","0","0","0","0","0","0","0","0","10539.397499999997","11096.137499999997","1898.32875","0","742.3199999999999","1167.6074999999998","25443.79124999999","10767.506249999999","11869.387500000004","1662.4875","0","939.4987500000001","1217.86875","26456.748749999995","10771.372500000001","10767.50625","1376.385","0","722.98875","904.7025","24542.954999999998","0","0","0","0","0","0","0","0","0","0","0","0","0","0","0","0","0","0","0","0","0","10624.455","11335.845","1836.4687499999998","0","742.3199999999999","1194.6712499999999","25733.760000000006","11123.201249999996","11297.182500000004","1639.29","0","939.49875","1163.74125","26162.913750000003","10833.232500000002","11134.8","1248.79875","0","811.9125","989.76","25018.503750000007","0","0","0","0","0","0","0","0","0","0","0","0","0","0","0","0","0","0","0","0","0","10446.607500000002","11273.985000000002","1681.81875","0","719.1225","1109.61375","25231.147499999992","10752.04125","11985.375000000004","1600.6274999999998","0","904.7025","1179.20625","26421.95249999999","10875.76125","11080.6725","1190.8049999999998","0","769.38375","1183.0724999999998","25099.695","0","0","0","0","0","0","0","0","0","0","0","0","0","0","0","0","0","0","0","0","0","10612.856250000003","11092.27125","1782.34125","0","750.0525","1063.21875","25300.739999999998","11022.67875","12124.560000000001","1581.29625","0","920.1675","1291.3274999999999","26940.03000000001","10284.225","11428.634999999998","1271.9962500000001","0","726.855","1005.225","24716.936250000013","0","0","0","0","0","0","0","0","0","0","0","0","0","0","0","0","0","0","0","0","0","10647.6525","11413.17","1867.3987499999998","0","757.785","1241.0662499999999","25927.0725","11003.347499999996","11362.908750000002","1635.42375","0","912.435","1256.53125","26170.64625","10678.5825","11142.532499999998","1229.4675","0","804.1800000000001","900.8362500000001","24755.598749999986","0","0","0","0","0","0","0","0","0","0","0","0","0","0","0","0","0","0","0","0","0","10450.473749999997","11413.169999999998","1705.0162500000001","0","765.5174999999999","1179.20625","25513.383750000005","10868.028750000003","11749.53375","1623.825","0","912.435","1206.27","26360.092500000006","10709.512499999997","10976.28375","1171.4737499999999","0","788.715","1040.02125","24686.006250000013","0","0","0","0","0","0","0","0","0","0","0","0","0","0","0","0","0","0","0","0","0","10883.49375","11552.355","1836.46875","0","726.855","1113.48","26112.652500000007","10469.805","11324.246250000002","1677.9524999999999","0","1005.2249999999999","1264.26375","25741.492500000004","10810.035000000002","10856.43","1229.4675000000002","0","730.72125","958.8299999999999","24585.483750000007","0","0","0","0","0","0","0","0","0","0","0","0","0","0","0","0","0","0","0","0","0","10686.314999999997","11378.37375","1716.615","0","742.3199999999999","1256.53125","25780.155000000002","10840.965","11714.737500000003","1674.08625","0","958.8299999999999","1171.4737499999999","26360.0925","10833.2325","10875.761249999998","1183.0725000000002","0","796.4475","993.62625","24682.14","0","0","0","0","0","0","0","0","0","0","0","0","0","0","0","0","0","0","0","0","0","10365.416250000002","11645.145000000004","1805.53875","0","742.3199999999999","1040.02125","25598.44125","10411.81125","11478.89625","1647.0225000000003","0","896.97","1268.13","25702.829999999994","10782.97125","11022.67875","1256.53125","0","796.4475","1020.69","24879.318750000002","0","0","0","0","0","0","0","0","0","0","0","0","0","0","0","0","0","0","0","0","0","10523.9325","11258.52","1828.73625","0","742.3199999999999","1148.27625","25501.784999999993","11254.653750000001","11393.838750000003","1747.5449999999998","0","1009.09125","1167.6075","26572.736250000005","10628.321249999995","11277.85125","1210.13625","0","842.8425","962.69625","24921.847499999996","0","0","0","0","0","0","0","0","0","0","0","0","0","0","0","0","0","0","0","0","0","11161.863749999999","12004.70625","1805.53875","0","719.1225","1198.5375000000001","26889.768750000003","10937.621250000002","12163.222500000002","1697.2837499999998","0","989.76","1287.4612499999998","27075.34875","10636.053750000003","11138.666249999998","1268.13","0","866.04","943.365","24852.255000000005","0","0","0","0","0","0","0","0","0","0","0","0","0","0","0","0","0","0","0","0","0","10697.91375","11591.017500000002","1739.8124999999998","0","719.1225","1140.54375","25888.410000000003","10450.47375","11637.4125","1670.22","0","1012.9575","1070.95125","25842.015000000003","10960.818749999999","11084.538749999998","1337.7224999999999","0","753.91875","1047.7537499999999","25184.7525","0","0","0","0","0","0","0","0","0","0","0","0","0","0","0","0","0","0","0","0","0","10589.658750000002","11397.705000000002","1886.73","0","765.5174999999999","1101.88125","25741.4925","10922.156250000002","11869.387500000003","1616.0925","0","889.2375","1302.92625","26599.800000000003","10531.665","10906.691250000003","1310.65875","0","842.8425","869.90625","24461.763749999995","0","0","0","0","0","0","0","0","0","0","0","0","0","0","0","0","0","0","0","0","0","10554.862500000003","11973.77625","1832.6025","0","765.5174999999999","1121.2125","26247.971249999995","10442.741249999997","11629.680000000004","1685.6849999999997","0","912.435","1167.6075","25838.148750000008","10516.199999999999","11355.176249999999","1291.3274999999999","0","912.4350000000001","1001.35875","25076.497499999994","0","0","0","0","0","0","0","0","0","0","0","0","0","0","0","0","0","0","0","0","0","10771.372500000001","11672.208750000002","1855.8","0","773.25","1148.27625","26220.907500000012","10782.971249999999","12271.477499999999","1670.2199999999998","0","943.3649999999999","1244.9325","26912.966250000005","10813.901249999999","10608.989999999994","1264.2637499999998","0","796.4475","1098.0149999999999","24581.617499999997","0","0","0","0","0","0","0","0","0","0","0","0","0","0","0","0","0","0","0","0","0","10465.938750000001","11780.463749999999","1739.8125","0","788.7149999999999","1225.60125","26000.53125000001","11107.736250000002","11575.552499999998","1705.01625","0","943.365","1109.61375","26441.283750000006","10454.340000000004","11169.596249999997","1264.2637499999998","0","726.855","935.6325000000002","24550.687499999996","0","0","0","0","0","0","0","0","0","0","0","0","0","0","0","0","0","0","0","0","0","10249.428750000001","11996.973749999997","1863.5325","0","719.1225","1078.68375","25907.741249999992","11076.80625","11262.386250000001","1650.8887499999998","0","904.7025","1287.46125","26182.245000000006","11053.60875","10670.849999999997","1291.3274999999999","0","889.2375","1090.2825","24995.306250000012","0","0","0","0","0","0","0","0","0","0","0","0","0","0","0","0","0","0","0","0","0","10288.09125","11649.01125","1855.7999999999997","0","726.855","1268.13","25787.887499999997","10937.621250000002","11621.947499999998","1778.475","0","869.90625","1125.0787500000001","26333.02875000001","10933.755000000003","10999.481249999999","1086.41625","0","827.3775","1101.88125","24948.91125","0","0","0","0","0","0","0","0","0","0","0","0","0","0","0","0","0","0","0","0","0","10493.002500000002","11215.99125","1848.0675","0","742.3199999999999","1167.6075","25466.98875","10713.378750000002","11328.112500000001","1546.5","0","951.0975000000001","1283.5950000000003","25822.68375","10353.8175","10987.882499999998","1194.6712499999999","0","889.2375000000001","1179.20625","24604.815000000002","0","0","0","0","0","0","0","0","0","0","0","0","0","0","0","0","0","0","0","0","0","10717.245","11096.1375","1967.9212499999999","0","703.6575","1252.665","25737.62624999999","10369.2825","11567.819999999996","1604.4937499999999","0","862.17375","1256.53125","25660.301249999993","10601.2575","10686.314999999997","1229.4675","0","835.11","920.1675000000001","24272.3175","0","0","0","0","0","0","0","0","0","0","0","0","0","0","0","0","0","0","0","0","0","10415.6775","11320.380000000001","1751.4112499999997","0","734.5875","1217.8687499999999","25439.924999999992","11285.583750000002","12433.859999999999","1670.22","0","908.5687500000001","1136.6775","27434.909999999985","11100.00375","10527.79875","1140.54375","0","889.2375","873.7725","24531.356250000008","0","0","0","0","0","0","0","0","0","0","0","0","0","0","0","0","0","0","0","0","0","10779.105","11297.182499999999","1890.59625","0","773.25","1156.00875","25896.14249999999","11258.520000000002","11440.233749999998","1720.4812499999998","0","920.1675","1202.40375","26541.806250000012","10612.85625","10775.238750000002","1302.92625","0","753.91875","993.6262499999999","24438.56625","0","0","0","0","0","0","0","0","0","0","0","0","0","0","0","0","0","0","0","0","0","10481.403750000001","11475.030000000002","1851.93375","0","765.5174999999999","1202.40375","25776.288750000007","10991.748750000002","11239.188749999998","1735.9462500000002","0","885.3712500000001","1256.53125","26108.786250000005","10581.926249999999","10914.423750000002","1391.85","0","854.44125","1198.5375","24941.178749999985","0","0","0","0","0","0","0","0","0","0","0","0","0","0","0","0","0","0","0","0","0","10593.525000000001","11556.221249999997","1701.15","0","726.855","1214.0024999999998","25791.75375","11072.94","11490.494999999997","1612.22625","0","927.9000000000001","1186.93875","26290.500000000015","10373.148750000002","11304.914999999999","1337.7225","0","715.25625","931.76625","24662.808749999997","0","0","0","0","0","0","0","0","0","0","0","0","0","0","0","0","0","0","0","0","0","10087.046250000001","11370.641249999997","1859.6662500000002","0","780.9825","1260.3975","25358.73375","10895.0925","11915.7825","1600.6274999999998","0","900.83625","1148.2762500000001","26460.615000000005","10465.93875","11011.08","1256.53125","0","846.70875","823.51125","24403.769999999997","0","0","0","0","0","0","0","0","0","0","0","0","0","0","0","0","0","0","0","0","0","10852.563750000001","11270.11875","1616.0925","0","742.3199999999999","1186.9387499999998","25668.033749999988","11069.073749999998","11502.09375","1627.69125","0","958.83","1264.26375","26421.952499999996","10203.03375","10860.296249999996","1329.99","0","707.5237500000001","1101.88125","24202.725","0","0","0","0","0","0","0","0","0","0","0","0","0","0","0","0","0","0","0","0","0","10759.773750000002","11575.552499999998","1902.195","0","726.855","1248.79875","26213.175000000003","11339.711250000004","11931.247500000001","1647.0224999999998","0","951.0975","1144.4099999999999","27013.488749999993","11289.450000000004","11061.341249999998","1364.7862499999999","0","753.91875","924.0337499999999","25393.52999999999","0","0","0","0","0","0","0","0","0","0","0","0","0","0","0","0","0","0","0","0","0","10860.296250000001","11440.233750000005","1836.4687499999998","0","726.855","1252.665","26116.518750000007","10628.321249999999","11231.45625","1581.2962499999999","0","904.7025000000001","1322.2575","25668.033750000013","10570.327499999998","11285.583750000002","1295.19375","0","916.30125","1074.8175","25142.223750000005","0","0","0","0","0","0","0","0","0","0","0","0","0","0","0","0","0","0","0","0","0","10338.3525","11598.75","1886.73","0","773.25","1214.0024999999998","25811.084999999995","11687.67375","11223.723750000001","1643.15625","0","912.435","1252.665","26719.653749999998","10183.702500000001","11142.532500000003","1295.19375","0","804.1800000000001","835.1100000000001","24260.71875","0","0","0","0","0","0","0","0","0","0","0","0","0","0","0","0","0","0","0","0","0","10663.117499999998","11026.545","1786.2074999999998","0","719.1225","1171.47375","25366.466249999994","10926.022500000003","11254.653749999998","1650.8887499999998","0","966.5625","1098.015","25896.142500000005","10840.965","10601.2575","1244.9325","0","889.2375","1140.5437499999998","24716.936250000002","0","0","0","0","0","0","0","0","0","0","0","0","0","0","0","0","0","0","0","0","0","10724.9775","11536.890000000001","1863.5325000000003","0","773.25","1229.4674999999997","26128.117500000004","11301.048750000002","11335.845","1654.755","0","993.62625","1271.99625","26557.271249999998","10980.150000000001","10732.710000000001","1283.5949999999998","0","769.38375","1028.4225","24794.26125000001","0","0","0","0","0","0","0","0","0","0","0","0","0","0","0","0","0","0","0","0","0","10694.0475","11362.908749999999","1701.15","0","773.25","1225.60125","25756.957500000004","10628.32125","11625.81375","1608.36","0","997.4925000000001","1241.06625","26101.053750000006","10547.130000000001","11277.851249999998","1264.26375","0","889.2375","850.5749999999999","24829.057499999995","0","0","0","0","0","0","0","0","0","0","0","0","0","0","0","0","0","0","0","0","0","10349.951249999998","11610.348750000001","1821.0037499999999","0","757.785","1194.6712499999999","25733.75999999999","10922.156249999998","11966.04375","1616.0924999999997","0","885.3712499999999","1125.0787500000001","26514.742500000004","10763.64","11130.933749999998","1175.34","0","769.38375","1040.02125","24879.31875","0","0","0","0","0","0","0","0","0","0","0","0","0","0","0","0","0","0","0","0","0","10690.181250000001","11614.215000000002","1790.07375","0","757.785","1190.805","26043.06000000001","10864.162499999997","11459.564999999997","1569.6975000000002","0","951.0975","1252.665","26097.187500000004","10697.913749999996","10937.62125","1171.47375","0","811.9124999999999","935.6324999999999","24554.553749999995","0","0","0","0","0","0","0","0","0","0","0","0","0","0","0","0","0","0","0","0","0","10446.6075","11618.081250000001","1759.1437499999997","0","765.5174999999999","1225.60125","25814.95125","11687.673750000002","12306.273749999998","1647.0225","0","889.2375","1271.99625","27802.20375","11076.806250000001","10705.646249999998","1241.06625","0","854.44125","1256.53125","25134.491250000003","0","0","0","0","0","0","0","0","0","0","0","0","0","0","0","0","0","0","0","0","0","10659.25125","11993.107500000002","1805.53875","0","765.5174999999999","1047.7537499999999","26271.168749999997","10512.333749999998","11606.4825","1770.7424999999998","0","885.3712499999999","1295.19375","26070.123750000006","10987.882499999998","10949.219999999998","1248.7987500000002","0","850.575","1036.155","25072.631249999995","0","0","0","0","0","0","0","0","0","0","0","0","0","0","0","0","0","0","0","0","0","10612.85625","11119.335000000003","1790.0737499999998","0","719.1225","1117.34625","25358.73375","10566.461249999998","11475.029999999999","1666.35375","0","935.6325","1260.3975","25903.874999999996","10980.149999999998","10779.105000000001","1275.8625000000002","0","873.7725","1125.0787500000001","25033.96875","0","0","0","0","0","0","0","0","0","0","0","0","0","0","0","0","0","0","0","0","0","10945.35375","11691.540000000006","1821.00375","0","780.9825","1349.32125","26588.201249999995","11100.00375","11478.896250000002","1596.7612499999998","0","927.8999999999999","1287.46125","26391.022500000014","10794.57","10574.193750000002","1283.595","0","765.5175","982.0275","24399.90375","0","0","0","0","0","0","0","0","0","0","0","0","0","0","0","0","0","0","0","0","0","10647.652499999998","11343.577500000001","1840.335","0","750.0525","1148.27625","25729.893750000007","11084.53875","11846.189999999999","1658.6212500000001","0","966.5625","1233.33375","26789.246250000007","10736.576249999998","11359.0425","1329.99","0","842.8425","974.2950000000001","25242.746250000007","0","0","0","0","0","0","0","0","0","0","0","0","0","0","0","0","0","0","0","0","0","10670.85","11049.742500000002","1766.87625","0","757.785","1136.6775","25381.931250000016","10608.990000000003","11869.3875","1639.29","0","889.2375","1260.3975","26267.3025","10419.54375","10790.703749999999","1372.51875","0","800.3137499999999","927.9000000000001","24310.979999999996","0","0","0","0","0","0","0","0","0","0","0","0","0","0","0","0","0","0","0","0","0","10666.983750000001","11111.6025","1801.6725","0","742.3199999999999","1198.5375","25521.11624999999","10871.894999999997","12221.216250000001","1693.4175","0","927.9000000000001","1287.4612499999998","27001.890000000007","10531.665","10639.920000000002","1229.4675000000002","0","831.24375","916.30125","24148.597500000007","0","0","0","0","0","0","0","0","0","0","0","0","0","0","0","0","0","0","0","0","0","10377.015000000005","11741.801250000004","1828.73625","0","750.0525","1128.9450000000002","25826.550000000007","11304.915","11687.673750000002","1612.22625","0","927.9","1283.5949999999998","26816.30999999999","10802.302499999998","10910.5575","1225.60125","0","885.37125","997.4925000000001","24821.32500000001","0","0","0","0","0","0","0","0","0","0","0","0","0","0","0","0","0","0","0","0","0","10871.894999999999","11405.437500000004","1824.87","0","765.5174999999999","1302.92625","26170.64625","10782.97125","11308.78125","1732.0799999999997","0","954.96375","1295.19375","26073.99","10566.46125","11343.5775","1264.2637499999998","0","722.98875","869.90625","24767.197500000002","0","0","0","0","0","0","0","0","0","0","0","0","0","0","0","0","0","0","0","0","0","10875.761249999998","11444.1","1705.01625","0","773.25","1179.20625","25977.333750000005","10929.888749999996","11246.921250000001","1608.36","0","982.0274999999999","1152.1425","25919.340000000007","10365.416249999998","10964.685000000003","1318.3912500000001","0","815.77875","1001.35875","24465.629999999997","0","0","0","0","0","0","0","0","0","0","0","0","0","0","0","0","0","0","0","0","0","10357.683750000004","11123.20125","1735.9462499999997","0","780.9825","1156.00875","25153.822499999995","11324.24625","11471.163750000005","1623.825","0","896.97","1167.6075","26483.8125","10330.62","11239.18875","1225.60125","0","773.25","1082.55","24651.21","0","0","0","0","0","0","0","0","0","0","0","0","0","0","0","0","0","0","0","0","0","10496.868750000003","11359.0425","1774.6087499999999","0","726.855","1132.81125","25490.18625","10933.755","12198.018750000001","1581.2962499999999","0","958.8299999999999","1310.65875","26982.558750000004","10438.875","11231.45625","1322.2575","0","765.5174999999999","1012.9575","24771.063750000005","0","0","0","0","0","0","0","0","0","0","0","0","0","0","0","0","0","0","0","0","0","10535.531250000002","11985.374999999998","1708.8824999999997","0","719.1225","1190.8049999999998","26139.716249999994","10848.697500000002","12070.4325","1635.42375","0","835.1099999999999","1275.8625","26665.526249999995","10059.982500000002","10968.551249999999","1310.6587499999998","0","672.7275","873.7724999999999","23885.69249999999","0","0","0","0","0","0","0","0","0","0","0","0","0","0","0","0","0","0","0","0","0","10558.728750000002","11254.653750000001","1658.62125","0","765.5174999999999","1101.88125","25339.402500000007","10643.786250000005","11795.92875","1747.545","0","900.8362500000001","1244.9325","26333.028749999998","10721.11125","10779.105000000001","1384.1174999999998","0","850.575","1090.2825","24825.191249999996","0","0","0","0","0","0","0","0","0","0","0","0","0","0","0","0","0","0","0","0","0","10659.25125","11478.896249999998","1805.5387499999997","0","726.855","1109.61375","25780.155000000002","10543.263750000004","11892.585000000001","1604.4937499999999","0","970.42875","1345.455","26356.226250000003","11200.526249999999","11061.341250000003","1264.26375","0","877.6387500000001","982.0274999999999","25385.797499999993","0","0","0","0","0","0","0","0","0","0","0","0","0","0","0","0","0","0","0","0","0","10806.168749999999","11003.3475","1801.6725000000001","0","750.0525","1086.41625","25447.657500000016","10910.5575","11281.717500000004","1573.56375","0","924.0337499999999","1179.2062500000002","25869.07875000001","10639.92","11181.195000000002","1214.0025","0","761.6512499999999","1159.875","24956.64374999998","0","0","0","0","0","0","0","0","0","0","0","0","0","0","0","0","0","0","0","0","0","10493.002499999999","11235.3225","1821.00375","0","773.25","1229.4675","25552.046249999996","10489.136250000001","11842.323750000001","1705.0162499999997","0","866.04","1295.19375","26197.709999999985","10736.576249999998","10995.614999999998","1256.5312499999998","0","889.2375","1001.35875","24879.318749999984","0","0","0","0","0","0","0","0","0","0","0","0","0","0","0","0","0","0","0","0","0","10937.621250000002","11873.253750000003","1763.0100000000002","0","757.785","1098.0149999999999","26429.685","10860.29625","11618.081249999997","1732.0799999999997","0","958.8300000000002","1337.7224999999999","26507.01000000001","11119.334999999997","11432.501250000003","1349.32125","0","873.7724999999999","1005.225","25780.155000000002","0","0","0","0","0","0","0","0","0","0","0","0","0","0","0","0","0","0","0","0","0","10431.1425","11451.832499999999","1875.1312500000001","0","742.3199999999999","1109.61375","25610.039999999997","11467.2975","11931.2475","1701.15","0","877.63875","1291.3275","27268.661249999994","11146.398750000002","11107.736249999998","1217.8687499999999","0","815.77875","904.7025000000001","25192.485000000008","0","0","0","0","0","0","0","0","0","0","0","0","0","0","0","0","0","0","0","0","0","10666.983750000001","11687.673750000004","1890.59625","0","750.0525","1136.6775","26131.983750000003","10794.570000000002","11834.59125","1689.55125","0","947.2312499999999","1198.5375","26464.481250000008","10755.9075","10701.779999999997","1210.13625","0","811.9125000000001","1152.1425","24631.878749999996","0","0","0","0","0","0","0","0","0","0","0","0","0","0","0","0","0","0","0","0","0","10411.811250000004","11393.838749999999","1759.14375","0","719.1225","1067.0849999999998","25351.001249999998","10322.887499999999","11776.597499999998","1739.8125","0","993.62625","1302.92625","26135.85000000001","10682.448749999998","10705.646250000002","1291.3274999999999","0","819.645","858.3075","24357.37499999999","0","0","0","0","0","0","0","0","0","0","0","0","0","0","0","0","0","0","0","0","0","10454.34","11761.1325","1743.6787499999998","0","726.855","1179.20625","25865.2125","11119.335","11676.074999999999","1662.4875","0","908.56875","1260.3975","26626.863749999997","10883.493750000003","10516.199999999999","1302.9262500000002","0","866.04","734.5875","24303.24750000001","0","0","0","0","0","0","0","0","0","0","0","0","0","0","0","0","0","0","0","0","0","10589.65875","11045.876250000001","1828.7362499999997","0","750.0525","1210.13625","25424.459999999995","10941.487500000001","11505.960000000001","1639.29","0","908.5687499999999","1140.54375","26135.849999999995","10512.33375","10825.5","1244.9325","0","707.5237500000001","896.97","24187.26","0","0","0","0","0","0","0","0","0","0","0","0","0","0","0","0","0","0","0","0","0","10469.804999999997","11057.475","1863.5324999999998","0","773.25","1152.1425","25316.205000000013","10736.576250000002","11977.6425","1735.94625","0","924.03375","1271.99625","26646.195","10868.028750000001","10933.755000000001","1295.19375","0","750.0525","889.2375000000001","24736.2675","0","0","0","0","0","0","0","0","0","0","0","0","0","0","0","0","0","0","0","0","0","10813.901249999999","11405.437500000002","1855.8000000000002","0","757.785","1156.00875","25988.932500000006","10404.07875","11718.603749999997","1623.8249999999998","0","939.49875","1163.7412499999998","25849.747500000012","11011.079999999994","10817.7675","1229.4675000000002","0","835.11","1144.4099999999999","25037.834999999995","0","0","0","0","0","0","0","0","0","0","0","0","0","0","0","0","0","0","0","0","0","10748.174999999997","11656.74375","1821.0037499999999","0","726.855","1206.27","26159.04750000002","10462.072499999998","11641.278750000003","1708.8825","0","889.2375","1105.7475","25807.218750000004","10315.154999999999","10817.767499999998","1202.40375","0","881.5050000000001","823.51125","24040.3425","0","0","0","0","0","0","0","0","0","0","0","0","0","0","0","0","0","0","0","0","0","10473.671249999998","10871.895000000002","1735.94625","0","773.25","1113.48","24968.242500000008","10794.57","11374.507499999998","1619.95875","0","908.5687499999999","1171.47375","25869.078750000004","10717.244999999999","10949.22","1318.39125","0","780.9825000000001","920.1675","24686.00625","0","0","0","0","0","0","0","0","0","0","0","0","0","0","0","0","0","0","0","0","0","10879.627499999999","11505.96","1797.8062499999999","0","719.1225","1159.875","26062.39125000001","10663.1175","11656.743750000001","1739.8125","0","885.37125","1214.0025","26159.0475","11022.678750000005","11045.87625","1302.92625","0","637.93125","1183.0725","25192.48500000001","0","0","0","0","0","0","0","0","0","0","0","0","0","0","0","0","0","0","0","0","0","10504.601250000002","12101.362500000001","1766.87625","0","780.9825","1086.41625","26240.238750000008","10705.646250000003","11819.12625","1612.22625","0","924.0337499999999","1221.735","26282.767499999994","10976.283749999999","11324.246249999998","1275.8625","0","757.785","1024.55625","25358.733750000007","0","0","0","0","0","0","0","0","0","0","0","0","0","0","0","0","0","0","0","0","0","10578.060000000003","11660.610000000002","1805.53875","0","757.785","1175.34","25977.333750000005","10929.88875","11447.966249999998","1689.55125","0","989.76","1360.9199999999996","26418.086250000004","10601.257500000002","11173.4625","1283.5949999999998","0","908.5687500000001","1012.9575000000001","24979.841249999998","0","0","0","0","0","0","0","0","0","0","0","0","0","0","0","0","0","0","0","0","0","10419.54375","11525.291250000002","1813.2712499999998","0","742.3199999999999","1183.0725","25683.498750000002","11188.927499999998","11494.36125","1728.21375","0","858.3075000000001","1221.7350000000001","26491.545000000013","10717.245000000003","11022.678750000001","1221.7350000000001","0","823.51125","927.9000000000001","24713.069999999996","0","0","0","0","0","0","0","0","0","0","0","0","0","0","0","0","0","0","0","0","0","10941.4875","11471.163749999998","1906.06125","0","773.25","1241.06625","26333.028750000005","10516.199999999999","11505.960000000001","1666.35375","0","978.1612500000001","1279.7287500000002","25946.40375","10976.28375","11467.297499999993","1275.8625000000002","0","862.1737499999999","939.49875","25521.116249999995","0","0","0","0","0","0","0","0","0","0","0","0","0","0","0","0","0","0","0","0","0","10516.199999999997","11618.081250000001","1859.6662499999998","0","750.0525","1156.00875","25900.008750000008","10674.716250000001","11208.258749999995","1596.76125","0","904.7024999999999","1237.2","25621.63875000001","10829.36625","10516.199999999999","1310.65875","0","788.715","1063.21875","24508.158749999995","0","0","0","0","0","0","0","0","0","0","0","0","0","0","0","0","0","0","0","0","0","10435.008749999999","11447.966249999998","1805.53875","0","726.855","1171.4737499999999","25586.8425","10767.506250000004","11842.323749999998","1739.8124999999998","0","978.16125","1221.735","26549.538750000003","10779.105","11065.207500000002","1237.1999999999998","0","738.45375","893.10375","24713.070000000007","0","0","0","0","0","0","0","0","0","0","0","0","0","0","0","0","0","0","0","0","0","10697.913750000003","11347.443750000002","1766.87625","0","765.5174999999999","1090.2824999999998","25668.033750000006","11231.456249999997","11513.692500000003","1681.8187499999997","0","962.69625","1302.92625","26692.590000000004","10883.493749999996","10779.105","1299.06","0","873.7725","835.11","24670.541249999995","0","0","0","0","0","0","0","0","0","0","0","0","0","0","0","0","0","0","0","0","0","10620.58875","12035.636250000003","1763.01","0","726.855","1252.665","26398.755","11161.863750000002","11792.062499999998","1658.62125","0","889.2375","1202.40375","26704.188749999998","10624.455000000002","11134.8","1322.2575","0","835.1100000000001","1094.14875","25010.77125000001","0","0","0","0","0","0","0","0","0","0","0","0","0","0","0","0","0","0","0","0","0","10411.811249999999","11432.50125","1832.6024999999997","0","750.0525","1086.4162499999998","25513.38375","11169.596250000002","11026.545000000002","1623.8249999999998","0","985.89375","1337.7225","26143.582499999986","10945.35375","11018.812500000002","1364.7862499999999","0","831.2437500000001","974.2950000000001","25134.491249999995","0","0","0","0","0","0","0","0","0","0","0","0","0","0","0","0","0","0","0","0","0","10558.72875","11815.260000000002","1766.8762499999998","0","780.9825","1140.54375","26062.391250000004","11014.94625","11815.260000000002","1697.28375","0","1020.6899999999999","1241.0662499999999","26789.246249999997","10369.2825","10922.156249999998","1233.33375","0","889.2375","931.76625","24345.77624999999","0","0","0","0","0","0","0","0","0","0","0","0","0","0","0","0","0","0","0","0","0","10771.3725","11478.89625","1759.14375","0","773.25","1183.0725","25965.73500000001","11011.08","11826.85875","1619.95875","0","958.8299999999999","1256.53125","26673.258750000008","10353.817499999997","10608.990000000002","1275.8625000000002","0","726.855","1225.6012500000002","24191.126249999994","0","0","0","0","0","0","0","0","0","0","0","0","0","0","0","0","0","0","0","0","0","10802.302500000003","11424.768750000001","1898.32875","0","750.0525","1179.20625","26054.658750000002","10906.69125","11482.7625","1716.615","0","958.8299999999999","1136.6775","26201.57625000001","10581.92625","11092.27125","1260.3975","0","819.645","1132.81125","24887.05125","0","0","0","0","0","0","0","0","0","0","0","0","0","0","0","0","0","0","0","0","0","10821.63375","11904.183750000002","1859.66625","0","742.3199999999999","1175.34","26503.143749999992","10906.691249999998","11517.55875","1650.8887499999998","0","900.8362500000001","1183.0724999999998","26159.0475","10377.015000000001","11022.678750000001","1310.6587499999998","0","912.435","1016.82375","24639.611249999994","0","0","0","0","0","0","0","0","0","0","0","0","0","0","0","0","0","0","0","0","0","10767.506250000002","11057.474999999999","1851.93375","0","765.5174999999999","1125.0787500000001","25567.511250000014","11111.6025","12058.833750000002","1592.895","0","935.6324999999999","1275.8625","26974.826250000002","10802.302499999998","11235.322499999995","1372.51875","0","846.70875","1136.6775","25393.529999999995","0","0","0","0","0","0","0","0","0","0","0","0","0","0","0","0","0","0","0","0","0","10562.594999999996","11575.552500000002","1786.2075","0","695.925","1128.945","25749.225000000002","10755.907499999998","11842.323750000003","1705.0162500000001","0","881.5049999999999","1198.5375","26383.290000000005","10705.64625","10964.685000000003","1391.85","0","900.8362500000001","1082.5500000000002","25045.567500000005","0","0","0","0","0","0","0","0","0","0","0","0","0","0","0","0","0","0","0","0","0","10535.531250000002","11053.608749999998","1813.27125","0","726.855","1225.6012499999997","25354.867499999997","10489.136250000001","12244.41375","1677.9524999999999","0","1005.2249999999999","1252.665","26669.3925","10535.53125","11103.87","1337.7224999999999","0","842.8425","1098.0149999999999","24917.981249999993","0","0","0","0","0","0","0","0","0","0","0","0","0","0","0","0","0","0","0","0","0"
,"10481.403750000001","11088.404999999999","1832.6025","0","773.25","1175.34","25351.001249999998","10868.028750000001","11536.890000000001","1507.8375","0","920.1675","1109.61375","25942.537500000017","10427.276249999999","10636.05375","1229.4675","0","792.58125","1105.7475","24191.126250000005","0","0","0","0","0","0","0","0","0","0","0","0","0","0","0","0","0","0","0","0","0","10782.97125","11494.36125","1705.01625","0","757.785","1094.1487499999998","25834.2825","10705.646249999998","11966.043749999999","1658.62125","0","912.435","1364.7862499999999","26607.532500000005","10431.142500000004","10964.684999999998","1368.6525000000001","0","769.38375","989.76","24523.623749999995","0","0","0","0","0","0","0","0","0","0","0","0","0","0","0","0","0","0","0","0","0","10496.868750000003","11389.972500000003","1859.66625","0","719.1225","1179.20625","25644.836250000004","10593.525000000001","11602.616250000001","1658.6212500000001","0","862.17375","1264.26375","25981.200000000004","10570.327499999998","10937.621249999997","1202.40375","0","792.58125","800.31375","24303.247499999998","0","0","0","0","0","0","0","0","0","0","0","0","0","0","0","0","0","0","0","0","0","10724.977500000003","10871.895","1824.87","0","726.855","1163.74125","25312.33874999999","10624.455","11641.278750000001","1693.4175","0","823.5112499999999","1295.19375","26077.85624999999","10523.932499999997","10183.702500000001","1202.40375","0","808.0462500000001","831.24375","23549.32875","0","0","0","0","0","0","0","0","0","0","0","0","0","0","0","0","0","0","0","0","0","10539.3975","11513.692500000001","1786.2075","0","788.7149999999999","1244.9325000000001","25872.944999999996","10543.26375","11355.176249999999","1604.4937499999999","0","893.10375","1136.6775","25532.715","10566.46125","10840.965","1256.53125","0","742.32","966.5625","24372.84","0","0","0","0","0","0","0","0","0","0","0","0","0","0","0","0","0","0","0","0","0","10593.524999999998","11428.635000000004","1747.5449999999996","0","726.855","1221.7350000000001","25718.295","10620.588749999999","11652.877500000002","1635.4237500000002","0","908.56875","1368.6525","26186.111249999998","10705.646250000002","10477.5375","1229.4675","0","916.30125","908.5687499999999","24237.521249999998","0","0","0","0","0","0","0","0","0","0","0","0","0","0","0","0","0","0","0","0","0","11080.672499999999","11312.647500000001","1755.2775","0","719.1225","1217.86875","26085.58874999999","10705.64625","11502.093750000002","1623.8249999999998","0","862.1737499999999","1171.4737499999999","25865.212500000005","10728.84375","11366.775","1372.51875","0","800.31375","1067.085","25335.536249999997","0","0","0","0","0","0","0","0","0","0","0","0","0","0","0","0","0","0","0","0","0","10732.71","11718.603750000002","1647.0224999999996","0","773.25","1214.0025","26085.58874999999","10616.7225","10995.615000000002","1643.15625","0","908.56875","1159.875","25323.937500000004","10694.047499999995","11308.781249999998","1202.40375","0","796.4475","927.9","24929.58","0","0","0","0","0","0","0","0","0","0","0","0","0","0","0","0","0","0","0","0","0","10670.85","11200.526250000003","1770.7425","0","742.3199999999999","1221.735","25606.17375000001","10709.5125","11343.5775","1712.74875","0","951.0975000000001","1256.53125","25973.4675","10442.741249999997","11142.532500000001","1299.06","0","780.9825","1036.155","24701.47125","0","0","0","0","0","0","0","0","0","0","0","0","0","0","0","0","0","0","0","0","0","10794.57","11610.348750000003","1635.42375","0","742.3199999999999","1163.74125","25946.40375","9994.25625","10852.563749999998","1716.615","0","947.2312499999999","1326.12375","24836.790000000008","10330.62","10914.42375","1302.9262500000002","0","889.2375","1024.5562499999999","24461.76374999999","0","0","0","0","0","0","0","0","0","0","0","0","0","0","0","0","0","0","0","0","0","10334.486250000002","11440.233750000001","1859.6662499999998","0","695.925","1179.20625","25509.5175","10864.1625","12232.815","1689.55125","0","912.435","1159.875","26858.838749999995","10790.703749999999","10984.016250000002","1310.65875","0","761.65125","1136.6775","24983.707500000004","0","0","0","0","0","0","0","0","0","0","0","0","0","0","0","0","0","0","0","0","0","10303.556249999998","11436.367499999998","1967.92125","0","757.785","1225.60125","25691.231249999997","10755.9075","11649.011250000001","1654.755","0","927.9","1244.9325","26232.506250000006","11034.277499999998","11080.6725","1260.3975","0","850.575","1016.82375","25242.746250000004","0","0","0","0","0","0","0","0","0","0","0","0","0","0","0","0","0","0","0","0","0","10508.467499999999","11703.138750000002","1863.5324999999998","0","773.25","1163.74125","26012.130000000016","11142.532500000001","11641.27875","1658.62125","0","993.62625","1287.46125","26723.52","10543.263749999996","10550.996249999998","1391.85","0","815.77875","1113.48","24415.36874999999","0","0","0","0","0","0","0","0","0","0","0","0","0","0","0","0","0","0","0","0","0","11072.939999999999","12062.7","1809.405","0","773.25","1144.41","26862.705000000013","10972.417500000001","11637.412500000004","1666.35375","0","924.03375","1067.085","26267.302499999998","10493.0025","10771.372499999998","1357.0537499999998","0","796.4475","974.2950000000001","24392.171250000003","0","0","0","0","0","0","0","0","0","0","0","0","0","0","0","0","0","0","0","0","0","10357.683750000002","11308.781250000002","1728.2137500000001","0","750.0525","1067.085","25211.816249999985","11432.50125","11420.902500000002","1712.74875","0","831.2437499999999","1244.9325000000001","26642.328750000015","11072.94","11065.207499999999","1302.92625","0","838.9762499999999","1082.55","25362.6","0","0","0","0","0","0","0","0","0","0","0","0","0","0","0","0","0","0","0","0","0","10740.442500000001","11722.470000000005","1844.20125","0","750.0525","1183.0725","26240.238750000004","10864.162500000002","11591.017500000002","1701.1499999999999","0","997.4925000000001","1341.5887500000001","26495.411249999997","10926.022500000001","10384.7475","1237.2","0","808.0462500000001","974.2950000000001","24330.31125000001","0","0","0","0","0","0","0","0","0","0","0","0","0","0","0","0","0","0","0","0","0","10500.735000000004","11606.4825","1797.80625","0","703.6575","1171.47375","25780.155000000002","10914.423750000002","11768.865","1662.4875","0","951.0975000000001","1260.3975","26557.27124999998","11127.067500000003","10779.105000000003","1256.5312500000002","0","916.30125","924.03375","25003.038750000003","0","0","0","0","0","0","0","0","0","0","0","0","0","0","0","0","0","0","0","0","0","10655.385","11556.22125","1821.0037499999999","0","742.3199999999999","1202.40375","25977.333750000005","10608.990000000002","11575.552499999998","1592.895","0","873.7725","1403.44875","26054.658750000006","10790.703749999999","10694.0475","1329.99","0","796.4475","985.8937500000001","24597.08250000001","0","0","0","0","0","0","0","0","0","0","0","0","0","0","0","0","0","0","0","0","0","10628.32125","11366.775","1886.7299999999998","0","742.3199999999999","1175.34","25799.486250000005","11146.398749999995","11297.1825","1585.1625000000001","0","900.83625","1217.86875","26147.448749999996","10504.601250000002","11107.736250000002","1210.13625","0","800.31375","858.3075","24481.09499999999","0","0","0","0","0","0","0","0","0","0","0","0","0","0","0","0","0","0","0","0","0","10655.385","11780.46375","1778.4750000000001","0","719.1225","1183.0725","26116.51875","11393.83875","11243.055000000002","1739.8125","0","954.96375","1210.13625","26541.806249999994","10833.2325","10562.595000000001","1337.7224999999999","0","831.24375","1009.09125","24573.884999999995","0","0","0","0","0","0","0","0","0","0","0","0","0","0","0","0","0","0","0","0","0","10581.926250000002","10887.359999999995","1724.3474999999999","0","757.785","1206.27","25157.688749999994","11254.65375","11235.322500000004","1716.615","0","920.1675","1314.525","26441.283749999995","10330.620000000003","10864.162500000002","1117.34625","0","846.70875","935.6324999999999","24094.470000000005","0","0","0","0","0","0","0","0","0","0","0","0","0","0","0","0","0","0","0","0","0","10523.932499999997","11556.221250000002","1747.545","0","757.785","1148.27625","25733.76","11061.341250000001","11826.858749999998","1592.895","0","893.10375","1279.72875","26653.9275","10790.703749999999","10624.455000000002","1302.92625","0","730.72125","993.62625","24442.432499999995","0","0","0","0","0","0","0","0","0","0","0","0","0","0","0","0","0","0","0","0","0","10562.595000000003","11788.196249999999","1770.7425","0","719.1225","1159.875","26000.53125","10786.837500000001","11490.495000000003","1531.0349999999999","0","970.42875","1183.0725","25961.868749999998","10713.37875","11119.335000000001","1291.3274999999999","0","811.9124999999999","985.89375","24921.8475","0","0","0","0","0","0","0","0","0","0","0","0","0","0","0","0","0","0","0","0","0","10786.837500000001","11853.922500000002","1867.3987499999998","0","734.5875","1175.3400000000001","26418.086249999997","10442.74125","11861.654999999995","1658.6212500000001","0","935.6324999999999","1283.595","26182.245","10906.691250000002","10585.7925","1322.2575","0","842.8425","958.83","24616.41375","0","0","0","0","0","0","0","0","0","0","0","0","0","0","0","0","0","0","0","0","0","10636.053750000001","11567.82","1886.7299999999998","0","719.1225","1183.0725","25992.798749999987","11014.946250000003","11583.285","1728.2137500000001","0","974.295","1264.26375","26565.003750000003","10094.778749999996","10972.417499999998","1128.945","0","715.25625","985.89375","23897.291250000006","0","0","0","0","0","0","0","0","0","0","0","0","0","0","0","0","0","0","0","0","0","10752.041250000004","11718.603750000002","1786.2075","0","719.1225","1179.20625","26155.18125","10960.818749999999","11150.265000000001","1600.6274999999998","0","896.97","1241.06625","25849.74750000001","11007.213750000003","10860.296250000001","1210.13625","0","896.97","846.70875","24821.325000000004","0","0","0","0","0","0","0","0","0","0","0","0","0","0","0","0","0","0","0","0","0","10539.3975","11374.5075","1755.2774999999997","0","780.9825","1159.875","25610.03999999999","10605.123749999995","11486.628750000002","1654.7549999999999","0","1005.2250000000001","1179.20625","25930.938749999998","10311.288749999998","10825.5","1318.3912500000001","0","904.7025000000001","1086.41625","24446.298749999998","0","0","0","0","0","0","0","0","0","0","0","0","0","0","0","0","0","0","0","0","0","10423.410000000002","11401.571249999997","1875.13125","0","750.0525","1252.665","25702.830000000016","11119.334999999997","11436.367499999998","1527.16875","0","869.90625","1326.12375","26278.90125000001","10612.856249999997","10678.582500000002","1364.7862499999999","0","796.4475","780.9825","24233.655000000002","0","0","0","0","0","0","0","0","0","0","0","0","0","0","0","0","0","0","0","0","0","10802.302500000002","11552.355000000003","1728.21375","0","773.25","1244.9325","26101.053749999985","10895.092499999999","11316.51375","1685.6850000000002","0","954.9637500000001","1229.4675","26081.722499999993","10516.199999999999","11088.404999999995","1345.455","0","808.0462499999999","893.10375","24651.209999999995","0","0","0","0","0","0","0","0","0","0","0","0","0","0","0","0","0","0","0","0","0","10311.28875","11401.57125","1739.8125","0","765.5174999999999","1214.0025","25432.19250000001","10535.53125","11950.578749999999","1720.4812499999998","0","939.49875","1094.14875","26240.23875","10670.850000000002","11026.544999999996","1291.3274999999999","0","838.9762499999999","951.0975","24778.79624999998","0","0","0","0","0","0","0","0","0","0","0","0","0","0","0","0","0","0","0","0","0","10465.938749999998","11173.462500000001","1855.8000000000002","0","780.9825","1167.6074999999998","25443.791249999987","11560.087499999996","11857.788749999998","1573.56375","0","904.7025000000001","1275.8625000000002","27172.004999999997","10883.493749999998","10782.971250000004","1244.9325","0","792.58125","935.6324999999999","24639.61124999999","0","0","0","0","0","0","0","0","0","0","0","0","0","0","0","0","0","0","0","0","0","10705.646250000003","11830.724999999999","1805.5387499999997","0","719.1225","1094.1487499999998","26155.181250000016","10856.43","11606.482499999996","1778.4750000000001","0","927.9000000000001","1132.81125","26302.09875","10964.685","10895.092499999999","1310.6587499999998","0","815.77875","993.62625","24979.841249999983","0","0","0","0","0","0","0","0","0","0","0","0","0","0","0","0","0","0","0","0","0","10659.25125","11687.673750000002","1774.6087499999999","0","757.785","1333.85625","26213.175","10782.97125","11007.213749999999","1635.42375","0","904.7025000000001","1244.9325","25575.243749999998","10516.199999999999","10759.773750000002","1364.7862499999999","0","889.2375","1043.8874999999998","24573.884999999995","0","0","0","0","0","0","0","0","0","0","0","0","0","0","0","0","0","0","0","0","0","10647.652499999997","11660.61","1878.9975","0","742.3199999999999","1248.79875","26178.378749999985","11092.271249999998","11652.8775","1616.0925000000002","0","974.2950000000001","1306.7924999999998","26642.328750000008","10902.825","10666.98375","1291.3274999999999","0","881.505","904.7025","24647.343749999996","0","0","0","0","0","0","0","0","0","0","0","0","0","0","0","0","0","0","0","0","0","10442.741250000001","10879.627499999997","1821.0037499999999","0","719.1225","1198.5375","25061.032499999987","10547.13","11610.348750000003","1666.35375","0","869.90625","1264.26375","25958.0025","10616.7225","10898.95875","1391.85","0","808.04625","858.3075","24573.884999999995","0","0","0","0","0","0","0","0","0","0","0","0","0","0","0","0","0","0","0","0","0","10840.965","11815.26","1759.1437499999997","0","780.9825","1128.945","26325.296249999992","10651.518750000001","11509.826250000002","1616.0924999999997","0","970.42875","1190.805","25938.671250000007","10960.818750000004","11134.799999999997","1140.54375","0","862.17375","827.3775","24925.713750000006","0","0","0","0","0","0","0","0","0","0","0","0","0","0","0","0","0","0","0","0","0","10786.837500000005","11092.271249999998","1735.9462499999997","0","773.25","1244.9325","25633.237500000007","10771.372500000001","12429.99375","1681.8187500000001","0","924.03375","1244.9325","27052.151250000003","10346.084999999997","10473.671250000003","1264.2637499999998","0","804.1800000000001","804.1800000000001","23692.380000000005","0","0","0","0","0","0","0","0","0","0","0","0","0","0","0","0","0","0","0","0","0","10879.627499999997","11138.666250000002","1890.5962499999998","0","757.785","1233.3337499999998","25900.008749999997","10829.36625","11177.32875","1647.0225","0","900.83625","1291.3275","25845.881249999995","11142.532499999998","11312.6475","1318.39125","0","808.04625","966.5625","25548.179999999993","0","0","0","0","0","0","0","0","0","0","0","0","0","0","0","0","0","0","0","0","0","10786.8375","11533.02375","1913.7937499999998","0","780.9825","1121.2125","26135.850000000002","11157.997500000001","11339.711249999997","1631.5575","0","947.23125","1264.26375","26340.76125000001","10303.556250000001","11146.398749999997","1345.455","0","699.79125","1005.2250000000001","24500.426249999993","0","0","0","0","0","0","0","0","0","0","0","0","0","0","0","0","0","0","0","0","0","10512.333750000002","11486.628750000003","1832.6025","0","726.855","1194.6712499999999","25753.091249999994","10713.378749999996","11030.411249999997","1608.36","0","951.0975000000001","1117.34625","25420.593750000007","11312.647500000003","11215.99125","1256.53125","0","800.31375","912.4350000000001","25497.918749999997","0","0","0","0","0","0","0","0","0","0","0","0","0","0","0","0","0","0","0","0","0","10330.620000000003","11602.616250000001","1890.5962499999998","0","719.1225","1163.74125","25706.696250000008","10748.175000000003","11776.597499999998","1701.1499999999999","0","939.49875","1206.27","26371.691250000007","10581.926249999999","10910.557499999995","1364.7862499999999","0","804.1800000000001","1028.4225000000001","24689.872499999987","0","0","0","0","0","0","0","0","0","0","0","0","0","0","0","0","0","0","0","0","0","10771.3725","11780.463750000006","1790.07375","0","742.3199999999999","1190.8049999999998","26275.034999999996","10895.092499999999","11343.577499999996","1616.0925","0","866.04","1167.6075","25888.41","11130.933750000002","10550.996249999998","1217.8687499999999","0","827.3775","924.03375","24651.210000000003","0","0","0","0","0","0","0","0","0","0","0","0","0","0","0","0","0","0","0","0","0","10860.29625","11316.513750000002","1824.87","0","780.9825","1229.4675","26012.129999999994","10918.29","11517.558749999998","1701.15","0","982.0275","1113.48","26232.506250000017","10249.428750000003","11157.9975","1268.1299999999999","0","761.65125","1001.3587500000001","24438.56625","0","0","0","0","0","0","0","0","0","0","0","0","0","0","0","0","0","0","0","0","0","10291.9575","11734.06875","1790.07375","0","750.0525","1322.2575","25888.41","10960.81875","11328.112499999997","1677.9524999999999","0","939.49875","1175.34","26081.7225","10462.072500000004","11096.1375","1337.7224999999999","0","761.65125","858.3074999999999","24515.891250000015","0","0","0","0","0","0","0","0","0","0","0","0","0","0","0","0","0","0","0","0","0","10694.0475","11142.5325","1871.2649999999999","0","742.3199999999999","1086.41625","25536.58125","11053.60875","11482.762500000003","1608.36","0","889.2375","1144.41","26178.378749999996","10462.072500000002","10902.824999999999","1329.9899999999998","0","800.31375","931.76625","24426.967500000006","0","0","0","0","0","0","0","0","0","0","0","0","0","0","0","0","0","0","0","0","0","10605.123750000002","11919.648749999997","1793.94","0","726.855","1128.945","26174.512500000008","10253.295","11618.08125","1662.4875","0","912.435","1380.25125","25826.55","10995.615","10833.232499999998","1318.39125","0","769.3837500000001","947.23125","24863.85375","0","0","0","0","0","0","0","0","0","0","0","0","0","0","0","0","0","0","0","0","0","10396.34625","10875.76125","1878.9975","0","742.3199999999999","1206.27","25099.695","11045.876250000001","11533.02375","1693.4175","0","931.76625","1268.13","26472.21375","10755.907500000001","10697.913750000002","1299.06","0","684.32625","924.03375","24361.241250000006","0","0","0","0","0","0","0","0","0","0","0","0","0","0","0","0","0","0","0","0","0","10574.19375","11819.126249999996","1855.7999999999997","0","773.25","1202.40375","26224.773749999997","11177.32875","11123.20125","1585.1625","0","962.69625","1163.74125","26012.130000000005","10539.397500000003","11045.876249999998","1329.9899999999998","0","827.3775","1063.21875","24805.86","0","0","0","0","0","0","0","0","0","0","0","0","0","0","0","0","0","0","0","0","0","10802.302500000002","11679.94125","1790.07375","0","719.1225","1183.0725","26174.512500000008","10605.123750000004","11741.80125","1585.1625","0","858.3075","1121.2125","25911.6075","10782.971249999995","11165.73","1271.99625","0","750.0525","958.83","24929.57999999999","0","0","0","0","0","0","0","0","0","0","0","0","0","0","0","0","0","0","0","0","0","10608.990000000002","11366.775","1759.1437499999997","0","765.5174999999999","1136.6775","25637.103749999995","10601.257500000002","11308.781250000004","1689.5512500000002","0","1012.9575","1190.8049999999998","25803.3525","10976.283749999999","10732.71","1376.385","0","927.9000000000001","924.0337499999999","24937.312500000007","0","0","0","0","0","0","0","0","0","0","0","0","0","0","0","0","0","0","0","0","0","10338.3525","11618.081249999997","1743.6787499999998","0","750.0525","1241.0662499999999","25691.231249999986","10183.7025","11490.495000000003","1766.8762499999998","0","931.7662499999999","1306.7925","25679.632500000007","10446.607500000002","11246.921249999998","1364.7862499999999","0","711.39","1070.95125","24840.65625000001","0","0","0","0","0","0","0","0","0","0","0","0","0","0","0","0","0","0","0","0","0","10419.543749999997","12217.349999999999","1743.6787499999998","0","742.3199999999999","1194.6712499999999","26317.563749999998","11065.2075","11888.718749999998","1759.1437499999997","0","873.7725","1221.7350000000001","26808.577500000007","11069.073749999998","10597.39125","1237.2","0","773.25","1074.8175","24751.73249999999","0","0","0","0","0","0","0","0","0","0","0","0","0","0","0","0","0","0","0","0","0","10709.512500000003","11591.017500000002","1797.8062499999999","0","742.3199999999999","1237.1999999999998","26077.856249999993","11014.94625","11587.151249999999","1581.2962499999999","0","920.1675","1221.7350000000001","26325.296249999992","10520.066249999998","10748.174999999997","1248.79875","0","753.9187499999999","1024.5562499999999","24295.51500000001","0","0","0","0","0","0","0","0","0","0","0","0","0","0","0","0","0","0","0","0","0","10624.455","10956.952499999998","1766.87625","0","750.0525","1179.20625","25277.542499999992","11014.94625","11080.672500000002","1554.2325","0","866.04","1283.595","25799.48625","10806.16875","11374.5075","1167.6075","0","765.5174999999999","1074.8175","25188.618749999994","0","0","0","0","0","0","0","0","0","0","0","0","0","0","0","0","0","0","0","0","0","10469.805","10980.150000000003","1844.20125","0","711.39","1221.735","25227.28124999999","10926.0225","11625.81375","1616.0925","0","943.3649999999999","1357.05375","26468.3475","10643.78625","11011.08","1337.7224999999999","0","900.8362500000001","966.5625","24859.987499999992","0","0","0","0","0","0","0","0","0","0","0","0","0","0","0","0","0","0","0","0","0","10276.492500000002","11335.845","1836.46875","0","719.1225","1082.55","25250.47875","10817.767499999998","11834.591250000003","1666.35375","0","916.3012500000001","1237.2","26472.21374999999","10883.49375","11111.602499999997","1291.3274999999999","0","823.51125","1125.07875","25235.01375","0","0","0","0","0","0","0","0","0","0","0","0","0","0","0","0","0","0","0","0","0","10284.225","11405.437500000002","1813.2712499999998","0","742.3199999999999","1186.93875","25432.1925","10837.098750000001","11838.457500000002","1647.0224999999998","0","842.8425","1256.53125","26421.952500000003","10922.156249999996","10585.792500000001","1345.455","0","765.5174999999999","943.3649999999999","24562.286249999986","0","0","0","0","0","0","0","0","0","0","0","0","0","0","0","0","0","0","0","0","0","10659.251249999998","10879.627500000002","1813.27125","0","750.0525","1152.1425","25254.344999999998","10423.410000000003","11730.2025","1658.62125","0","896.9699999999999","1241.0662499999999","25950.269999999997","10984.01625","10810.035000000003","1318.39125","0","719.1225","1020.6899999999999","24852.254999999997","0","0","0","0","0","0","0","0","0","0","0","0","0","0","0","0","0","0","0","0","0","10353.817500000005","11478.89625","1701.15","0","742.3199999999999","1156.00875","25432.192500000005","10670.85","11668.342499999999","1705.01625","0","889.2375","1299.06","26232.506249999995","11014.946249999999","10779.104999999998","1256.53125","0","773.25","931.76625","24755.598750000005","0","0","0","0","0","0","0","0","0","0","0","0","0","0","0","0","0","0","0","0","0","10380.881250000002","11405.4375","1782.34125","0","765.5174999999999","1163.74125","25497.918749999993","10887.359999999997","11351.310000000003","1693.4175","0","954.9637500000001","1094.14875","25981.199999999997","10806.168750000003","10639.92","1364.7862499999999","0","734.5875","947.23125","24492.69375","0","0","0","0","0","0","0","0","0","0","0","0","0","0","0","0","0","0","0","0","0","10844.83125","11540.756250000002","1817.1375","0","757.785","1256.53125","26217.041250000002","10960.81875","11405.4375","1565.83125","0","893.10375","1368.6525","26193.84375","10500.735000000002","10694.0475","1302.9262500000002","0","804.1800000000001","1005.225","24307.113750000004","0","0","0","0","0","0","0","0","0","0","0","0","0","0","0","0","0","0","0","0","0","10933.755000000001","11691.54","1766.87625","0","750.0525","1113.48","26255.70375000001","11142.532500000003","11370.641249999997","1716.615","0","877.6387500000001","1005.225","26112.652499999997","10690.181250000001","10991.748750000002","1275.8625000000002","0","866.04","939.4987500000001","24763.331249999992","0","0","0","0","0","0","0","0","0","0","0","0","0","0","0","0","0","0","0","0","0","10713.378749999998","11312.647500000001","1770.7424999999998","0","726.855","1179.20625","25702.829999999998","11107.736249999996","11521.425000000001","1662.4875","0","1024.55625","1241.0662499999999","26557.271249999998","10701.779999999997","10779.105","1264.2637499999998","0","862.1737499999999","947.2312499999999","24554.553750000003","0","0","0","0","0","0","0","0","0","0","0","0","0","0","0","0","0","0","0","0","0","10690.181250000001","11602.616250000001","1701.1499999999999","0","780.9825","1206.27","25981.200000000008","10736.57625","11842.32375","1623.8249999999998","0","900.8362500000001","1210.13625","26313.697500000002","11092.271250000002","11080.672499999997","1241.0662499999999","0","726.855","978.16125","25119.026250000003","0","0","0","0","0","0","0","0","0","0","0","0","0","0","0","0","0","0","0","0","0","10465.938750000001","11668.342499999993","1836.46875","0","780.9825","1167.6075","25919.340000000007","10984.016250000002","11397.705000000002","1627.6912499999999","0","943.365","1237.2","26189.977500000008","10581.92625","10744.30875","1329.9900000000002","0","866.04","1090.2825","24612.547500000004","0","0","0","0","0","0","0","0","0","0","0","0","0","0","0","0","0","0","0","0","0","10570.3275","11161.86375","1871.2649999999999","0","734.5875","1221.735","25559.778750000012","10319.021250000005","11161.863749999997","1612.22625","0","920.1675","1175.34","25188.618749999998","10840.965000000004","10941.487499999997","1275.8625","0","893.10375","1198.5375","25149.95624999999","0","0","0","0","0","0","0","0","0","0","0","0","0","0","0","0","0","0","0","0","0","10531.665000000005","11757.266250000002","1832.6024999999997","0","773.25","1190.8049999999998","26085.58875","11459.564999999999","11784.33","1635.42375","0","1005.2250000000001","1190.805","27075.34875000001","10512.333749999998","11308.78125","1248.7987500000002","0","858.3074999999999","1105.7475","25033.968750000004","0","0","0","0","0","0","0","0","0","0","0","0","0","0","0","0","0","0","0","0","0","10396.346250000002","11030.411250000003","1863.5325000000003","0","757.785","1260.3975","25308.472500000003","10709.512500000004","11316.513749999998","1577.4299999999998","0","831.2437499999999","1422.78","25857.47999999999","10295.823750000001","10767.50625","1337.7224999999999","0","846.7087499999999","958.8299999999999","24206.591249999998","0","0","0","0","0","0","0","0","0","0","0","0","0","0","0","0","0","0","0","0","0","10392.48","11177.328749999999","1790.0737499999998","0","750.0525","1210.13625","25320.071250000005","11038.14375","11629.68","1616.0924999999997","0","966.5625","1175.34","26425.818749999995","10566.461249999998","11215.991250000003","1337.7224999999999","0","780.9825","842.8425","24744.000000000007","0","0","0","0","0","0","0","0","0","0","0","0","0","0","0","0","0","0","0","0","0","10500.734999999999","11645.145","1871.2649999999999","0","703.6575","1244.9325","25965.734999999986","11212.124999999998","11749.53375","1643.15625","0","927.8999999999999","1241.0662499999999","26773.781249999996","10926.022499999995","10898.958749999998","1322.2575","0","866.04","862.17375","24875.452500000014","0","0","0","0","0","0","0","0","0","0","0","0","0","0","0","0","0","0","0","0","0","10705.646249999998","10701.780000000002","1763.01","0","750.0525","1202.40375","25122.892499999998","10593.525000000001","11734.068749999997","1643.15625","0","920.1675","1260.3975","26151.315000000002","10435.00875","11304.915","1268.13","0","688.1925","1063.21875","24759.465","0","0","0","0","0","0","0","0","0","0","0","0","0","0","0","0","0","0","0","0","0","10597.39125","11359.042500000001","1875.13125","0","750.0525","1210.13625","25791.75375","10984.016249999997","11378.373749999997","1693.4175","0","893.10375","1210.13625","26159.047499999993","10666.98375","10763.64","1283.5949999999998","0","750.0525","866.04","24330.311249999988","0","0","0","0","0","0","0","0","0","0","0","0","0","0","0","0","0","0","0","0","0","10949.220000000003","11672.208750000003","1871.2649999999999","0","726.855","1179.20625","26398.755","10701.78","11447.96625","1550.36625","0","947.23125","1256.53125","25903.875000000007","10450.473750000001","11173.462499999998","1329.99","0","823.51125","1101.88125","24879.31875","0","0","0","0","0","0","0","0","0","0","0","0","0","0","0","0","0","0","0","0","0","10732.709999999997","11892.585000000001","1917.6599999999999","0","726.855","1148.27625","26418.086250000004","10794.57","10926.0225","1670.22","0","970.4287499999999","1244.9325","25606.173749999994","10864.162500000002","10678.582499999999","1372.51875","0","808.04625","912.435","24635.745","0","0","0","0","0","0","0","0","0","0","0","0","0","0","0","0","0","0","0","0","0","10558.728749999998","12314.006250000002","1821.0037499999999","0","726.855","1167.6074999999998","26588.201250000016","11103.87","11962.1775","1577.4299999999998","0","970.42875","1171.4737499999999","26785.38","10837.098750000005","10748.175000000001","1221.7350000000001","0","846.70875","951.0975000000001","24604.814999999988","0","0","0","0","0","0","0","0","0","0","0","0","0","0","0","0","0","0","0","0","0","10636.053750000001","11413.17","1774.6087499999999","0","773.25","1248.79875","25845.881250000013","10744.308750000002","11552.355000000001","1647.0225","0","943.365","1252.665","26139.716249999998","10666.983750000001","10670.85","1210.13625","0","722.9887500000001","997.4925","24268.45125","0","0","0","0","0","0","0","0","0","0","0","0","0","0","0","0","0","0","0","0","0","10547.130000000001","11239.188750000001","1797.8062499999996","0","734.5875","1206.27","25524.982500000006","10856.43","11273.984999999999","1720.4812499999998","0","920.1675","1248.79875","26019.8625","10790.703749999999","11339.71125","1349.32125","0","719.1225","885.37125","25084.230000000014","0","0","0","0","0","0","0","0","0","0","0","0","0","0","0","0","0","0","0","0","0","10705.646250000002","11834.591249999998","1801.6725","0","726.855","1152.1425","26220.9075","11161.863749999995","11436.367499999998","1627.69125","0","943.365","1299.06","26468.347499999996","11362.90875","10342.218749999995","1384.1175","0","761.6512500000001","962.69625","24813.59249999999","0","0","0","0","0","0","0","0","0","0","0","0","0","0","0","0","0","0","0","0","0","10496.86875","11061.34125","1708.8825","0","734.5875","1229.4675","25231.147500000006","10601.2575","11799.795000000002","1677.9524999999999","0","858.3074999999999","1171.4737499999999","26108.786249999994","10732.710000000001","11444.1","1256.53125","0","811.9124999999999","935.6325","25180.886249999996","0","0","0","0","0","0","0","0","0","0","0","0","0","0","0","0","0","0","0","0","0","10493.002499999999","10578.06","1755.2775000000001","0","750.0525","1183.0725","24759.464999999997","10775.238749999999","11552.355000000003","1674.0862499999998","0","939.49875","1306.7925","26247.97124999999","10469.805000000002","11026.544999999998","1349.32125","0","804.1800000000001","1059.3525","24709.203749999993","0","0","0","0","0","0","0","0","0","0","0","0","0","0","0","0","0","0","0","0","0","10624.455000000004","11359.042500000001","1790.0737499999998","0","757.785","1183.0725","25714.428749999992","10891.22625","11502.09375","1643.15625","0","846.70875","1194.67125","26077.856250000008","11053.60875","10810.035","1314.525","0","908.5687499999999","1101.88125","25188.618749999994","0","0","0","0","0","0","0","0","0","0","0","0","0","0","0","0","0","0","0","0","0","10864.162500000002","11788.196249999999","1875.1312500000001","0","780.9825","1105.7475","26414.220000000005","10875.76125","11946.7125","1604.4937499999999","0","954.9637500000001","1144.41","26526.34125","10558.728749999998","10419.54375","1241.06625","0","761.65125","1067.085","24048.075","0","0","0","0","0","0","0","0","0","0","0","0","0","0","0","0","0","0","0","0","0","10825.500000000002","11618.081250000001","1848.0675","0","773.25","1117.34625","26182.245000000014","11146.398750000002","11188.9275","1705.01625","0","873.7725","1260.3975","26174.512499999993","10636.053749999997","10813.901249999997","1314.5249999999999","0","873.7725","1144.41","24782.662500000002","0","0","0","0","0","0","0","0","0","0","0","0","0","0","0","0","0","0","0","0","0","10462.072499999998","11718.603749999998","1828.73625","0","750.0525","1140.5437499999998","25900.008749999997","10697.913749999996","11560.087500000003","1631.5575","0","954.96375","1217.86875","26062.39125000001","10504.60125","10636.05375","1279.72875","0","815.77875","889.2375000000001","24125.400000000005","0","0","0","0","0","0","0","0","0","0","0","0","0","0","0","0","0","0","0","0","0","10516.199999999999","11556.221249999999","1743.67875","0","726.855","1241.0662499999999","25784.02125","10775.23875","11931.2475","1616.0924999999997","0","966.5625","1121.2125","26410.35375","10864.162499999999","11378.37375","1302.92625","0","796.4475","1009.09125","25351.00125000001","0","0","0","0","0","0","0","0","0","0","0","0","0","0","0","0","0","0","0","0","0","10593.525","11374.5075","1716.6150000000002","0","750.0525","1156.00875","25590.70875000001","11022.678750000003","11776.597500000003","1654.7549999999999","0","943.365","1159.875","26557.27124999999","10860.296249999998","10732.709999999997","1295.1937500000001","0","780.9825","1043.8875","24713.069999999992","0","0","0","0","0","0","0","0","0","0","0","0","0","0","0","0","0","0","0","0","0","10694.047499999999","11304.914999999999","1867.3987499999998","0","742.3199999999999","1283.595","25892.276250000003","11417.036250000001","11127.067500000003","1573.56375","0","1009.09125","1275.8625","26402.62124999999","10581.926249999999","10817.767499999998","1237.2","0","661.12875","1012.9574999999999","24310.979999999992","0","0","0","0","0","0","0","0","0","0","0","0","0","0","0","0","0","0","0","0","0","10597.391250000004","11552.355000000003","1728.2137500000001","0","773.25","1152.1425","25803.3525","10883.493749999996","11602.616249999997","1515.57","0","904.7025000000001","1090.2824999999998","25996.664999999997","10740.442500000001","10694.047499999997","1318.39125","0","831.24375","1078.6837500000001","24662.808750000015","0","0","0","0","0","0","0","0","0","0","0","0","0","0","0","0","0","0","0","0","0","11065.2075","11676.074999999999","1844.2012499999996","0","773.25","1171.4737499999999","26530.207500000004","10156.638750000002","11386.10625","1569.6975","0","924.0337499999999","1210.13625","25246.612499999992","10705.64625","10868.02875","1310.65875","0","877.6387500000001","1059.3525","24821.325000000004","0","0","0","0","0","0","0","0","0","0","0","0","0","0","0","0","0","0","0","0","0","10705.64625","11567.820000000002","1844.2012499999998","0","742.3199999999999","1059.3525","25919.34","11165.729999999996","11973.776249999999","1592.8950000000002","0","912.435","1244.9325","26889.768750000007","11053.608749999998","11250.787499999995","1256.53125","0","916.30125","1036.155","25513.383749999994","0","0","0","0","0","0","0","0","0","0","0","0","0","0","0","0","0","0","0","0","0","10898.958749999996","11641.27875","1732.08","0","726.855","1171.4737499999999","26170.646249999994","11119.334999999997","11502.09375","1631.5575000000001","0","858.3075","1256.53125","26367.824999999983","10280.358750000003","10991.748749999999","1310.65875","0","800.31375","854.44125","24237.52124999999","0","0","0","0","0","0","0","0","0","0","0","0","0","0","0","0","0","0","0","0","0","10570.327500000001","11478.89625","1871.2649999999999","0","780.9825","1214.0025","25915.473749999997","10906.691249999996","11726.33625","1693.4175","0","947.23125","1210.13625","26483.812500000004","10608.99","11393.838749999997","1275.8625000000002","0","761.65125","1063.21875","25103.561249999995","0","0","0","0","0","0","0","0","0","0","0","0","0","0","0","0","0","0","0","0","0","10779.105","11235.3225","1701.1499999999999","0","719.1225","1167.6074999999998","25602.307500000003","11127.067499999997","11575.552500000002","1666.3537499999998","0","947.23125","1326.12375","26642.328750000008","10968.55125","10806.168749999999","1329.99","0","777.11625","1028.4225000000001","24910.24875","0","0","0","0","0","0","0","0","0","0","0","0","0","0","0","0","0","0","0","0","0","10724.977500000003","11544.622500000001","1828.73625","0","757.785","1113.48","25969.60125","11331.978750000002","11505.960000000003","1689.55125","0","935.6324999999999","1217.86875","26680.991249999995","10558.728749999998","10833.2325","1364.7862499999999","0","804.1800000000001","947.23125","24508.158749999984","0","0","0","0","0","0","0","0","0","0","0","0","0","0","0","0","0","0","0","0","0","10806.16875","11490.494999999997","1724.3474999999999","0","726.855","1225.60125","25973.467499999988","10906.691250000003","11389.972500000003","1585.1625","0","854.44125","1210.13625","25946.403749999998","10771.372500000001","11038.143749999997","1210.13625","0","885.3712500000001","924.0337499999999","24829.05749999999","0","0","0","0","0","0","0","0","0","0","0","0","0","0","0","0","0","0","0","0","0","10608.989999999998","11691.54","1836.46875","0","757.785","1229.4675","26124.251250000005","11343.5775","11486.62875","1616.0925","0","943.365","1179.20625","26568.87","10423.410000000003","10844.83125","1302.92625","0","842.8425","1074.8174999999999","24488.827499999996","0","0","0","0","0","0","0","0","0","0","0","0","0","0","0","0","0","0","0","0","0","11150.265","11486.628749999998","1851.9337500000001","0","742.3199999999999","1113.48","26344.62750000001","11049.7425","11888.718750000002","1685.685","0","951.0975","1202.40375","26777.64749999998","10941.4875","10581.926249999997","1275.8625","0","869.90625","989.76","24658.9425","0","0","0","0","0","0","0","0","0","0","0","0","0","0","0","0","0","0","0","0","0","10442.74125","11428.635000000002","1801.6725","0","742.3199999999999","1175.34","25590.70874999999","11030.41125","11165.729999999998","1739.8124999999998","0","939.49875","1198.5375","26073.990000000013","10435.00875","10984.01625","1299.06","0","904.7025000000001","962.69625","24585.483750000007","0","0","0","0","0","0","0","0","0","0","0","0","0","0","0","0","0","0","0","0","0","11130.93375","11478.896250000002","1774.6087499999999","0","773.25","1229.4675","26387.15625","11107.736250000002","11606.482499999998","1600.6274999999998","0","947.2312499999999","1275.8625","26537.93999999999","10701.779999999999","11405.437500000002","1283.595","0","854.44125","1028.4225","25273.676249999997","0","0","0","0","0","0","0","0","0","0","0","0","0","0","0","0","0","0","0","0","0","10543.26375","11672.20875","1867.3987499999998","0","757.785","1183.0725","26023.728749999987","10636.053750000003","11707.005","1627.6912499999999","0","893.10375","1148.2762500000001","26012.13","10941.4875","10597.391249999997","1237.2","0","796.4475","1032.2887500000002","24604.815000000002","0","0","0","0","0","0","0","0","0","0","0","0","0","0","0","0","0","0","0","0","0"
,"10407.945000000003","11308.78125","1855.8","0","726.855","1183.0725","25482.453749999997","10346.085000000001","11826.858749999998","1689.55125","0","885.3712499999999","1117.34625","25865.212500000005","11215.991250000003","11026.545000000002","1248.79875","0","924.03375","943.365","25358.733750000003","0","0","0","0","0","0","0","0","0","0","0","0","0","0","0","0","0","0","0","0","0","10701.78","11726.336250000004","1697.2837499999998","0","726.855","1221.7350000000001","26073.989999999994","10539.397500000003","11923.515","1658.6212500000001","0","893.10375","1364.78625","26379.423749999987","10303.556250000005","10860.29625","1183.0725000000002","0","838.9762499999999","1140.54375","24326.445000000003","0","0","0","0","0","0","0","0","0","0","0","0","0","0","0","0","0","0","0","0","0","10597.391249999999","11757.266249999997","1855.7999999999997","0","773.25","1241.06625","26224.77375","10628.321250000003","11799.795","1705.01625","0","916.30125","1202.40375","26251.837499999998","10651.518750000003","10786.837500000001","1202.40375","0","757.785","1032.28875","24430.83374999999","0","0","0","0","0","0","0","0","0","0","0","0","0","0","0","0","0","0","0","0","0","10241.696249999999","11130.933750000004","1844.2012499999998","0","750.0525","1206.27","25173.153750000012","10763.64","11513.692500000001","1616.0925","0","924.03375","1264.26375","26081.722500000007","10810.035000000002","10902.824999999999","1337.7224999999999","0","773.25","850.575","24674.4075","0","0","0","0","0","0","0","0","0","0","0","0","0","0","0","0","0","0","0","0","0","10651.518750000003","11270.11875","1871.2649999999999","0","742.3199999999999","1163.74125","25698.963750000006","11057.475","11548.48875","1604.49375","0","869.90625","1360.9199999999998","26441.283750000002","10620.588749999999","10995.615000000002","1314.525","0","676.59375","1028.4225","24635.745","0","0","0","0","0","0","0","0","0","0","0","0","0","0","0","0","0","0","0","0","0","10245.562500000002","11204.392500000004","1759.14375","0","773.25","1271.9962500000001","25254.344999999994","11127.067500000003","11629.679999999998","1647.0225","0","920.1675","1183.0725","26507.009999999995","10419.54375","10991.748750000002","1210.13625","0","777.11625","1009.0912500000001","24407.636250000003","0","0","0","0","0","0","0","0","0","0","0","0","0","0","0","0","0","0","0","0","0","10527.798750000002","11544.6225","1859.6662499999998","0","719.1225","1202.40375","25853.613749999993","11038.14375","11679.94125","1647.0225","0","893.10375","1380.25125","26638.462499999994","10342.21875","10775.23875","1229.4674999999997","0","815.7787500000001","1032.28875","24194.992499999997","0","0","0","0","0","0","0","0","0","0","0","0","0","0","0","0","0","0","0","0","0","10813.90125","11266.252500000002","1770.7424999999996","0","742.3199999999999","1117.3462499999998","25710.562500000004","10415.6775","11811.393750000005","1689.55125","0","854.4412499999999","1059.3525","25830.41625000002","10902.825000000003","10585.792500000001","1264.26375","0","850.575","1001.35875","24604.815000000002","0","0","0","0","0","0","0","0","0","0","0","0","0","0","0","0","0","0","0","0","0","10767.506249999999","11374.507500000002","1793.94","0","773.25","1248.79875","25958.00249999999","10883.493749999998","11652.8775","1677.9524999999999","0","811.9124999999999","1117.34625","26143.58250000001","10195.301250000002","11069.073749999998","1194.67125","0","738.45375","1194.6712499999999","24392.17125","0","0","0","0","0","0","0","0","0","0","0","0","0","0","0","0","0","0","0","0","0","10307.4225","11204.392499999996","1712.7487499999997","0","719.1225","1175.34","25119.02624999999","10868.028750000001","11451.832499999999","1616.0925","0","912.435","1032.28875","25880.677500000005","10705.64625","11169.596249999997","1364.7862499999999","0","842.8425","904.7025000000001","24987.57375","0","0","0","0","0","0","0","0","0","0","0","0","0","0","0","0","0","0","0","0","0","10779.105000000001","11084.538750000002","1840.335","0","726.855","1221.7350000000001","25652.56875","10906.69125","12058.833750000003","1751.4112499999999","0","920.1675","1186.93875","26824.0425","10566.461249999998","10945.353750000002","1241.0662499999999","0","792.58125","842.8425","24388.304999999993","0","0","0","0","0","0","0","0","0","0","0","0","0","0","0","0","0","0","0","0","0","10643.786249999997","12031.769999999999","1782.34125","0","711.39","1156.00875","26325.296249999992","11103.869999999999","11594.883749999999","1724.3474999999999","0","958.8299999999999","1067.085","26449.016250000004","10999.481249999997","11343.577499999998","1217.86875","0","746.18625","1032.2887500000002","25339.402500000004","0","0","0","0","0","0","0","0","0","0","0","0","0","0","0","0","0","0","0","0","0","10624.455","11741.801249999997","1817.1374999999998","0","742.3199999999999","1175.34","26101.053749999995","10790.703749999995","11316.513750000002","1631.5575","0","920.1675","1287.4612499999998","25946.403750000005","10891.22625","11080.6725","1275.8624999999997","0","796.4475","1024.55625","25068.76500000001","0","0","0","0","0","0","0","0","0","0","0","0","0","0","0","0","0","0","0","0","0","10585.7925","11575.5525","1809.4049999999997","0","773.25","1059.3525","25803.35250000001","11065.2075","11432.501250000001","1774.60875","0","904.7024999999999","1167.6075","26344.627499999988","10879.6275","11127.0675","1310.6587499999998","0","792.58125","943.365","25053.29999999999","0","0","0","0","0","0","0","0","0","0","0","0","0","0","0","0","0","0","0","0","0","10686.315000000002","11413.169999999998","1878.9975","0","726.855","1183.0725","25888.410000000014","10898.958750000003","12209.617500000004","1585.1625","0","881.505","1210.13625","26785.380000000005","10500.734999999999","11710.871250000004","1302.92625","0","927.9000000000001","881.505","25323.937499999996","0","0","0","0","0","0","0","0","0","0","0","0","0","0","0","0","0","0","0","0","0","10465.938750000001","11556.221250000006","1840.3349999999998","0","765.5174999999999","1152.1425","25780.155000000002","11277.851250000002","11614.215000000002","1689.55125","0","889.2375","1233.33375","26704.188749999998","10566.461249999998","10632.187500000002","1202.40375","0","881.505","1024.55625","24307.113750000004","0","0","0","0","0","0","0","0","0","0","0","0","0","0","0","0","0","0","0","0","0","10295.823750000001","11904.183749999997","1797.8062499999999","0","773.25","1190.8049999999998","25961.868749999998","10953.086250000002","11215.991250000003","1616.0925","0","912.4350000000001","1275.8625","25973.4675","10879.6275","10933.755000000003","1357.05375","0","850.575","885.37125","24906.382500000003","0","0","0","0","0","0","0","0","0","0","0","0","0","0","0","0","0","0","0","0","0","10806.168750000003","10829.366250000003","1890.59625","0","734.5875","1171.4737499999999","25432.19250000001","10593.525","11842.323750000001","1739.8124999999998","0","993.62625","1194.6712499999999","26363.95874999999","11312.647500000001","10392.479999999998","1291.3275","0","784.84875","862.1737499999999","24643.477499999994","0","0","0","0","0","0","0","0","0","0","0","0","0","0","0","0","0","0","0","0","0","10574.19375","11076.806250000005","1720.48125","0","742.3199999999999","1299.06","25412.861249999998","10968.551249999997","11880.986250000002","1697.28375","0","842.8425","1152.1425","26541.80624999999","10941.4875","11045.876250000001","1291.3274999999999","0","831.2437500000001","927.9000000000001","25037.834999999992","0","0","0","0","0","0","0","0","0","0","0","0","0","0","0","0","0","0","0","0","0","10701.78","11618.08125","1902.1949999999997","0","773.25","1167.6075","26162.913749999996","10906.691250000002","11475.029999999999","1604.49375","0","954.9637500000001","1214.0025","26155.181250000016","10334.48625","10566.461249999998","1337.7224999999999","0","912.435","924.03375","24075.13875000001","0","0","0","0","0","0","0","0","0","0","0","0","0","0","0","0","0","0","0","0","0","10539.397499999997","11826.858750000003","1716.615","0","788.7149999999999","1113.4799999999998","25985.066250000007","10852.563750000001","11962.1775","1712.74875","0","862.1737499999999","1214.0025","26603.666249999995","10914.423750000004","11556.221249999997","1291.3275","0","947.23125","951.0975","25660.30125","0","0","0","0","0","0","0","0","0","0","0","0","0","0","0","0","0","0","0","0","0","10477.537500000002","11212.125000000002","1821.00375","0","750.0525","1194.6712499999999","25455.39000000001","10338.3525","11455.698749999996","1596.76125","0","889.2375","1082.55","25362.600000000002","10883.493749999998","11011.080000000002","1229.4675","0","707.5237500000001","974.2950000000001","24805.86","0","0","0","0","0","0","0","0","0","0","0","0","0","0","0","0","0","0","0","0","0","10709.5125","11173.462500000001","1793.9399999999998","0","719.1225","1156.00875","25552.046249999992","11289.45","11830.724999999999","1623.825","0","935.6324999999999","1264.26375","26943.896249999998","10338.3525","10929.88875","1268.13","0","866.04","970.42875","24372.839999999997","0","0","0","0","0","0","0","0","0","0","0","0","0","0","0","0","0","0","0","0","0","10427.276249999999","10636.053750000001","1805.53875","0","780.9825","1063.21875","24713.070000000018","10968.551250000002","11652.877499999999","1739.8125","0","935.6324999999999","1264.26375","26561.137499999993","10268.760000000002","10802.3025","1256.5312499999998","0","893.10375","978.16125","24198.858749999992","0","0","0","0","0","0","0","0","0","0","0","0","0","0","0","0","0","0","0","0","0","10782.97125","11556.221250000002","1770.7424999999998","0","750.0525","1067.085","25927.07249999999","10887.360000000004","11525.291249999998","1647.0225","0","877.63875","1101.88125","26039.193749999995","10775.238749999997","10810.035000000002","1283.5949999999998","0","765.5174999999999","931.7662499999999","24566.152499999997","0","0","0","0","0","0","0","0","0","0","0","0","0","0","0","0","0","0","0","0","0","10732.71","11780.463750000003","1759.14375","0","773.25","1241.0662499999999","26286.633750000005","10879.6275","11621.947500000002","1631.5575000000001","0","920.1675","1314.525","26367.825000000008","10489.13625","10736.576249999998","1214.0025","0","726.855","970.42875","24136.99875","0","0","0","0","0","0","0","0","0","0","0","0","0","0","0","0","0","0","0","0","0","10724.9775","11826.85875","1751.4112499999999","0","765.5174999999999","1152.1425","26220.90750000001","11026.544999999996","11788.196249999999","1534.9012500000001","0","939.49875","1109.61375","26398.755000000005","10632.187500000004","10960.818750000002","1384.1174999999998","0","862.1737499999999","1070.95125","24910.248749999995","0","0","0","0","0","0","0","0","0","0","0","0","0","0","0","0","0","0","0","0","0","11053.608750000005","11467.297500000004","1886.7300000000002","0","750.0525","1156.00875","26313.697499999995","10477.537499999999","11289.449999999999","1654.7549999999999","0","927.9000000000001","1283.595","25633.237499999992","10651.518750000001","10690.18125","1241.06625","0","750.0525","900.8362500000001","24233.654999999995","0","0","0","0","0","0","0","0","0","0","0","0","0","0","0","0","0","0","0","0","0","10779.105","11807.5275","1793.94","0","773.25","1163.74125","26317.56375000001","10578.060000000001","11946.7125","1724.3474999999999","0","881.5049999999999","1353.1875","26483.812500000004","10651.518750000003","10558.728749999998","1244.9325000000001","0","815.77875","974.295","24245.253750000003","0","0","0","0","0","0","0","0","0","0","0","0","0","0","0","0","0","0","0","0","0","10438.875","11517.558750000002","1894.4625","0","765.5174999999999","1183.0725","25799.486250000005","10450.473749999997","11896.451250000002","1631.5575","0","889.2375","1333.85625","26201.57625000001","10659.251250000001","10949.219999999998","1314.525","0","777.11625","954.9637499999999","24655.07625","0","0","0","0","0","0","0","0","0","0","0","0","0","0","0","0","0","0","0","0","0","10632.187499999998","11846.189999999997","1882.86375","0","750.0525","1202.40375","26313.697500000002","10779.105000000005","11656.743749999998","1677.9524999999999","0","854.44125","1271.99625","26240.238750000008","10864.162500000002","11177.32875","1326.12375","0","796.4475","1032.28875","25196.351250000003","0","0","0","0","0","0","0","0","0","0","0","0","0","0","0","0","0","0","0","0","0","10554.8625","11467.297499999999","1747.5449999999998","0","780.9825","1140.54375","25691.231250000023","11254.65375","11366.775000000001","1589.02875","0","912.435","1283.595","26406.487500000003","10253.295","11490.494999999999","1329.99","0","827.3775","920.1675","24821.325","0","0","0","0","0","0","0","0","0","0","0","0","0","0","0","0","0","0","0","0","0","10241.69625","11262.386250000001","1751.4112499999999","0","750.0525","1156.00875","25161.555","10883.493750000001","11842.323750000003","1693.4174999999998","0","989.76","1237.1999999999998","26646.194999999996","10446.607500000002","10303.55625","1275.8625","0","784.84875","889.2375","23700.112499999992","0","0","0","0","0","0","0","0","0","0","0","0","0","0","0","0","0","0","0","0","0","10755.907500000001","11069.073750000001","1786.2075","0","773.25","1171.47375","25555.912500000002","10647.652499999998","11239.18875","1701.1499999999999","0","862.1737499999999","1357.05375","25807.218750000015","10299.689999999997","10860.296249999998","1318.3912500000001","0","815.77875","947.23125","24241.3875","0","0","0","0","0","0","0","0","0","0","0","0","0","0","0","0","0","0","0","0","0","10616.722499999998","11370.64125","1801.6725","0","757.785","1233.33375","25780.155000000002","10605.123750000002","11884.852499999997","1732.08","0","947.23125","1206.27","26375.5575","11463.43125","11212.125","1229.4675","0","784.8487499999999","954.96375","25644.836250000008","0","0","0","0","0","0","0","0","0","0","0","0","0","0","0","0","0","0","0","0","0","10218.498750000004","11513.692499999997","1720.4812499999998","0","757.785","1171.4737499999999","25381.931250000016","10365.416250000004","11614.215000000002","1654.755","0","970.42875","1291.3274999999999","25896.1425","10802.302500000002","10794.570000000003","1337.7224999999999","0","792.58125","947.23125","24674.407500000005","0","0","0","0","0","0","0","0","0","0","0","0","0","0","0","0","0","0","0","0","0","10721.111250000002","11652.877499999997","1944.72375","0","734.5875","1183.0725","26236.372499999998","11123.201249999996","11034.277500000004","1708.8825000000002","0","896.97","1310.65875","26073.99","10914.42375","10794.57","1221.7350000000001","0","742.3199999999999","1009.09125","24682.14","0","0","0","0","0","0","0","0","0","0","0","0","0","0","0","0","0","0","0","0","0","10887.36","11339.711249999998","1763.0099999999998","0","773.25","1329.99","26093.321249999994","10964.685000000001","11475.030000000004","1519.43625","0","931.7662499999999","1295.19375","26186.111249999994","11042.009999999998","11127.0675","1229.4675","0","792.58125","1070.95125","25262.077499999996","0","0","0","0","0","0","0","0","0","0","0","0","0","0","0","0","0","0","0","0","0","10674.71625","11637.412499999999","1840.335","0","750.0525","1206.2699999999998","26108.78624999999","10810.035","11513.6925","1627.6912499999999","0","924.03375","1190.8049999999998","26066.257500000003","10697.913750000002","10883.49375","1357.0537499999998","0","908.5687499999999","924.03375","24771.063749999998","0","0","0","0","0","0","0","0","0","0","0","0","0","0","0","0","0","0","0","0","0","10806.168749999997","11188.927500000002","1859.6662499999998","0","750.0525","1198.5375000000001","25803.35249999999","10670.850000000004","12085.897500000001","1759.14375","0","900.8362499999998","1337.7224999999999","26754.45","10659.251249999998","10968.55125","1241.06625","0","854.4412500000001","1036.1550000000002","24759.465","0","0","0","0","0","0","0","0","0","0","0","0","0","0","0","0","0","0","0","0","0","10319.021250000002","11254.65375","1778.475","0","765.5174999999999","1194.67125","25312.338750000003","10953.086250000002","11668.342499999999","1612.2262500000002","0","908.5687499999999","1256.53125","26398.754999999997","10864.162500000002","10744.308749999998","1295.19375","0","792.58125","1086.41625","24782.662500000002","0","0","0","0","0","0","0","0","0","0","0","0","0","0","0","0","0","0","0","0","0","10226.231250000004","11672.20875","1801.6725000000001","0","695.925","1241.06625","25637.10375","11038.143750000001","11857.78875","1650.8887499999998","0","935.6325","1198.5375","26680.99125000001","10361.550000000003","11038.143750000003","1302.92625","0","730.72125","1132.81125","24566.152500000004","0","0","0","0","0","0","0","0","0","0","0","0","0","0","0","0","0","0","0","0","0","10523.932500000003","12016.305","1840.3349999999998","0","726.855","1190.8049999999998","26298.232500000002","10404.078749999999","12078.165","1647.0225","0","943.365","1156.00875","26228.640000000003","10535.531249999998","11389.9725","1353.1874999999998","0","842.8425","788.715","24910.24875","0","0","0","0","0","0","0","0","0","0","0","0","0","0","0","0","0","0","0","0","0","10291.957499999999","11374.507500000002","1828.73625","0","719.1225","1221.7350000000001","25436.05874999999","10728.84375","11830.724999999999","1647.0224999999998","0","873.7725","1418.9137500000002","26499.277499999993","10504.601249999998","10980.15","1210.1362500000002","0","746.18625","951.0975000000001","24392.171250000007","0","0","0","0","0","0","0","0","0","0","0","0","0","0","0","0","0","0","0","0","0","10593.525000000001","11308.781249999996","1739.8125","0","765.5174999999999","1299.0600000000002","25706.696250000005","10914.423749999998","11923.515","1608.36","0","924.0337499999999","1144.4099999999999","26514.74250000001","10651.518750000003","10628.321249999997","1291.3275000000003","0","827.3775","939.4987500000001","24338.04375","0","0","0","0","0","0","0","0","0","0","0","0","0","0","0","0","0","0","0","0","0","10547.13","11328.112499999997","1790.07375","0","788.7149999999999","1190.805","25644.836250000004","10500.735000000002","11610.348750000003","1650.88875","0","850.5749999999999","1098.0149999999999","25710.5625","10369.282500000003","11196.66","1353.1874999999998","0","854.4412500000001","877.63875","24651.210000000006","0","0","0","0","0","0","0","0","0","0","0","0","0","0","0","0","0","0","0","0","0","10547.129999999996","11150.265000000001","1913.79375","0","757.785","1229.4675","25598.44125000001","11014.946249999997","11181.195000000002","1662.4875","0","869.90625","1206.27","25934.804999999997","11003.347500000003","10469.804999999997","1244.9325","0","850.575","1047.75375","24616.41375","0","0","0","0","0","0","0","0","0","0","0","0","0","0","0","0","0","0","0","0","0","10547.130000000001","11552.355","1735.94625","0","726.855","1202.40375","25764.690000000002","11455.69875","11591.017500000004","1554.2324999999998","0","904.7025","1221.735","26727.38625","10593.525","10558.72875","1337.7224999999999","0","808.04625","1005.2249999999999","24303.247500000005","0","0","0","0","0","0","0","0","0","0","0","0","0","0","0","0","0","0","0","0","0","10485.27","11088.404999999999","1693.4174999999998","0","765.5174999999999","1171.4737499999999","25204.083749999994","10670.850000000002","11741.801250000002","1712.74875","0","939.49875","1225.6012500000002","26290.5","10705.646250000002","11188.927499999998","1283.595","0","850.575","1198.5375","25227.281250000004","0","0","0","0","0","0","0","0","0","0","0","0","0","0","0","0","0","0","0","0","0","10284.225000000002","11250.787499999997","1832.6025","0","773.25","1206.2699999999998","25347.135000000006","11397.705","11618.081249999997","1612.22625","0","900.83625","1287.4612499999998","26816.30999999998","10786.837499999998","10856.429999999998","1268.13","0","858.3075","947.23125","24716.936250000002","0","0","0","0","0","0","0","0","0","0","0","0","0","0","0","0","0","0","0","0","0","10442.74125","11737.935","1836.46875","0","765.5174999999999","1156.00875","25938.671249999996","10755.907499999998","11536.89","1670.2199999999998","0","804.18","1376.385","26143.582500000008","10346.085000000003","10678.582500000002","1271.9962500000001","0","680.46","1055.48625","24032.609999999993","0","0","0","0","0","0","0","0","0","0","0","0","0","0","0","0","0","0","0","0","0","10523.932499999999","11676.075","1774.6087499999999","0","742.3199999999999","1140.54375","25857.48","10860.296250000001","11618.08125","1666.35375","0","900.8362500000001","1125.0787500000001","26170.646249999998","10516.2","11123.201249999998","1310.6587499999998","0","846.70875","900.8362500000001","24697.60499999999","0","0","0","0","0","0","0","0","0","0","0","0","0","0","0","0","0","0","0","0","0","10732.710000000003","11347.443750000002","1782.34125","0","742.3199999999999","1252.665","25857.480000000007","11188.927499999994","10898.958750000003","1647.0224999999998","0","924.03375","1136.6775","25795.620000000003","10902.825000000003","10984.016249999999","1183.0725","0","854.4412500000001","954.96375","24879.318750000002","0","0","0","0","0","0","0","0","0","0","0","0","0","0","0","0","0","0","0","0","0","10953.08625","11873.253750000003","1844.20125","0","765.5174999999999","1121.2124999999999","26557.271250000005","10794.57","11567.820000000002","1627.6912499999999","0","916.30125","1271.99625","26178.378750000003","10342.218749999998","10705.64625","1210.13625","0","699.79125","993.62625","23951.418750000008","0","0","0","0","0","0","0","0","0","0","0","0","0","0","0","0","0","0","0","0","0","10597.39125","11065.207500000002","1701.1499999999999","0","765.5174999999999","1237.2","25366.46625","10980.15","11505.96","1565.83125","0","954.96375","1217.86875","26224.773750000015","10651.51875","11014.946249999999","1256.53125","0","893.10375","784.84875","24600.94875","0","0","0","0","0","0","0","0","0","0","0","0","0","0","0","0","0","0","0","0","0","10539.397500000003","11973.77625","1824.87","0","765.5174999999999","1202.40375","26305.965","10752.041250000002","11679.941249999996","1662.4875000000002","0","889.2375","1302.92625","26286.63375","10612.856249999999","11022.678750000005","1248.79875","0","850.575","893.10375","24628.012500000004","0","0","0","0","0","0","0","0","0","0","0","0","0","0","0","0","0","0","0","0","0","10779.105","11401.571250000003","1840.335","0","773.25","1202.40375","25996.664999999994","10342.21875","11142.532499999998","1627.6912499999999","0","877.63875","1360.92","25351.00125000001","10786.837499999996","11161.863749999999","1391.85","0","862.1737499999999","885.37125","25088.09624999999","0","0","0","0","0","0","0","0","0","0","0","0","0","0","0","0","0","0","0","0","0","10844.831250000001","12174.821249999999","1809.4049999999997","0","765.5174999999999","1086.41625","26680.99124999999","11049.7425","12283.076249999998","1732.08","0","962.69625","1291.3274999999999","27318.9225","11177.32875","10446.6075","1283.5949999999998","0","827.3775","1016.82375","24751.73249999999","0","0","0","0","0","0","0","0","0","0","0","0","0","0","0","0","0","0","0","0","0","10496.86875","11544.6225","1759.1437500000002","0","726.855","1136.6775","25664.16750000001","10326.753750000002","11625.813750000001","1577.43","0","924.03375","1291.3275","25745.358750000007","10616.7225","10875.761250000003","1244.9325000000001","0","796.4475","1070.95125","24604.815000000002","0","0","0","0","0","0","0","0","0","0","0","0","0","0","0","0","0","0","0","0","0","10724.977499999999","11417.036250000001","1809.4050000000002","0","719.1225","1183.0725","25853.613749999997","10666.98375","11606.4825","1565.83125","0","920.1675","1063.21875","25822.68375","10272.626250000001","11235.3225","1329.99","0","893.10375","734.5875","24465.629999999994","0","0","0","0","0","0","0","0","0","0","0","0","0","0","0","0","0","0","0","0","0","10713.378749999998","11328.112499999997","1747.5449999999998","0","742.3199999999999","1252.665","25784.021250000005","11181.195","11250.787499999997","1608.3599999999997","0","997.4925000000001","1233.33375","26271.16875","10330.619999999995","10636.053749999994","1229.4675000000002","0","920.1675","1113.48","24229.78875","0","0","0","0","0","0","0","0","0","0","0","0","0","0","0","0","0","0","0","0","0","10639.919999999998","11389.972500000002","1793.9399999999998","0","750.0525","1221.735","25795.620000000014","10949.220000000003","11707.005","1685.685","0","935.6324999999999","1198.5375","26476.08","10349.95125","11022.678750000001","1268.1299999999999","0","734.5875","866.04","24241.387499999993","0","0","0","0","0","0","0","0","0","0","0","0","0","0","0","0","0","0","0","0","0","10690.18125","11266.2525","1855.7999999999997","0","780.9825","1217.86875","25811.084999999995","10790.70375","11656.743750000003","1619.95875","0","927.9","1179.20625","26174.5125","11177.328749999999","10914.423749999996","1268.1299999999999","0","885.37125","1148.27625","25393.53","0","0","0","0","0","0","0","0","0","0","0","0","0","0","0","0","0","0","0","0","0","10315.154999999997","11378.37375","1739.8125000000002","0","773.25","1136.6775","25343.26875","10543.26375","11726.33625","1674.0862499999998","0","885.3712499999999","1186.9387499999998","26015.996250000004","10976.283749999997","10516.199999999997","1275.8625","0","893.10375","1063.21875","24724.66875000001","0","0","0","0","0","0","0","0","0","0","0","0","0","0","0","0","0","0","0","0","0","10848.6975","11096.137499999999","1743.6787499999998","0","750.0525","1190.805","25629.37124999999","10914.423749999998","12209.617499999998","1705.01625","0","900.83625","1171.4737499999999","26901.36750000001","11169.59625","11231.45625","1337.7224999999999","0","734.5875","1001.35875","25474.721250000006","0","0","0","0","0","0","0","0","0","0","0","0","0","0","0","0","0","0","0","0","0","10554.8625","11513.692500000001","1832.6025","0","726.855","1163.74125","25791.75375","10516.2","11606.482499999998","1542.63375","0","881.505","1202.40375","25749.225","10898.958750000003","10987.8825","1248.79875","0","900.8362500000001","920.1675","24956.643749999996","0","0","0","0","0","0","0","0","0","0","0","0","0","0","0","0","0","0","0","0","0","10852.56375","11552.355000000001","1848.0674999999999","0","773.25","1225.60125","26251.837500000012","10902.824999999999","11246.92125","1705.01625","0","974.2950000000001","1283.5949999999998","26112.652500000004","10450.473750000001","11014.946250000003","1086.4162500000002","0","908.5687500000001","993.62625","24454.031249999993","0","0","0","0","0","0","0","0","0","0","0","0","0","0","0","0","0","0","0","0","0","10574.193749999999","11525.291250000006","1712.74875","0","757.785","1136.6775","25706.69624999999","10794.569999999998","11737.935000000001","1766.8762499999998","0","916.30125","1210.13625","26425.81875000001","11053.60875","11219.8575","1357.05375","0","804.18","958.8299999999999","25393.530000000006","0","0","0","0","0","0","0","0","0","0","0","0","0","0","0","0","0","0","0","0","0","10767.506250000002","11208.258749999999","1801.6725000000001","0","780.9825","1190.8049999999998","25749.225000000002","11208.258749999999","11792.062499999998","1681.81875","0","881.5049999999999","1194.6712499999999","26758.316250000007","10732.710000000001","11316.513749999996","1295.1937500000001","0","850.575","966.5624999999999","25161.555000000008","0","0","0","0","0","0","0","0","0","0","0","0","0","0","0","0","0","0","0","0","0","10736.57625","11362.908750000004","1720.48125","0","726.855","1256.53125","25803.3525","11219.857499999998","11451.8325","1596.76125","0","943.365","1144.4099999999999","26356.22625","10794.570000000002","10736.576250000004","1384.1174999999998","0","854.4412500000001","893.10375","24662.808749999997","0","0","0","0","0","0","0","0","0","0","0","0","0","0","0","0","0","0","0","0","0","10670.849999999999","11730.202500000001","1840.335","0","757.785","1159.875","26159.047499999993","10821.633750000005","11378.37375","1612.22625","0","943.365","1310.65875","26066.257500000007","10473.671250000003","11022.67875","1283.5949999999998","0","804.1800000000001","777.1162499999999","24361.241250000003","0","0","0","0","0","0","0","0","0","0","0","0","0","0","0","0","0","0","0","0","0","10821.633749999999","11838.457500000002","1840.335","0","695.925","1214.0024999999998","26410.353749999987","10767.506249999997","11757.266249999999","1473.04125","0","966.5625","1156.00875","26120.385000000006","10868.028749999996","10724.9775","1364.7862499999999","0","769.38375","893.1037499999999","24620.28","0","0","0","0","0","0","0","0","0","0","0","0","0","0","0","0","0","0","0","0","0","10709.512499999999","11784.329999999998","1782.34125","0","734.5875","1082.55","26093.321249999997","11161.86375","11440.233750000001","1654.7549999999999","0","993.62625","1210.13625","26460.615000000013","10272.626250000003","11123.201250000002","1237.2","0","854.4412499999999","1059.3525","24546.82125","0","0","0","0","0","0","0","0","0","0","0","0","0","0","0","0","0","0","0","0","0","10477.5375","11525.291250000007","1851.93375","0","773.25","1132.81125","25760.823750000003","10759.77375","12283.07625","1623.8249999999998","0","842.8425","1214.0025","26723.52000000001","10844.831250000001","10902.825000000003","1183.0725","0","637.93125","900.8362500000001","24469.49625","0","0","0","0","0","0","0","0","0","0","0","0","0","0","0","0","0","0","0","0","0","11011.08","11281.7175","1797.80625","0","773.25","1117.3462499999998","25981.200000000008","10504.601249999998","11463.43125","1589.02875","0","962.69625","1074.8175","25594.575","10562.595","10438.875","1337.7224999999999","0","908.5687499999999","858.3075","24106.068749999995","0","0","0","0","0","0","0","0","0","0","0","0","0","0","0","0","0","0","0","0","0","10531.664999999999","11962.1775","1755.2775","0","742.3199999999999","1237.2","26228.640000000003","11088.404999999999","11799.794999999998","1693.4175","0","838.9762499999999","1179.20625","26599.799999999996","10910.557500000003","10852.563750000001","1329.9899999999998","0","858.3075000000001","958.8299999999999","24910.24874999999","0","0","0","0","0","0","0","0","0","0","0","0","0","0","0","0","0","0","0","0","0","10342.218750000004","11316.51375","1844.2012499999998","0","780.9825","1179.20625","25463.1225","10326.75375","11869.387500000003","1600.6275","0","931.7662499999999","1217.86875","25946.403749999994","11092.271249999994","10585.792500000001","1202.4037500000002","0","719.1225","827.3775","24426.967500000002","0","0","0","0","0","0","0","0","0","0","0","0","0","0","0","0","0","0","0","0","0","10415.677500000002","10964.685","1801.6725","0","788.7149999999999","1136.6775","25107.4275","10825.500000000002","11571.68625","1662.4875","0","920.1675","1117.34625","26097.1875","10732.710000000003","10840.965","1329.99","0","850.575","962.6962500000001","24716.93624999999","0","0","0","0","0","0","0","0","0","0","0","0","0","0","0","0","0","0","0","0","0","10319.02125","11370.641249999999","1871.2649999999999","0","757.785","1082.55","25401.2625","10922.156249999998","11455.69875","1647.0224999999998","0","927.8999999999999","1333.85625","26286.633749999997","10937.62125","10821.633749999999","1349.32125","0","750.0525","1183.0724999999998","25041.701249999995","0","0","0","0","0","0","0","0","0","0","0","0","0","0","0","0","0","0","0","0","0","10531.665000000003","11173.462500000001","1774.6087499999999","0","750.0525","1279.7287499999998","25509.5175","10976.28375","11776.597500000002","1670.2199999999998","0","924.03375","1295.19375","26642.328749999982","10937.621249999998","10736.576249999998","1237.1999999999998","0","835.1099999999999","1078.6837500000001","24825.191250000003","0","0","0","0","0","0","0","0","0","0","0","0","0","0","0","0","0","0","0","0","0","11115.468749999998","11397.704999999996","1925.3925","0","750.0525","1198.5375","26387.15624999999","11250.787499999999","11417.03625","1666.3537499999998","0","904.7025","1217.86875","26456.748749999988","10852.56375","10237.829999999996","1345.455","0","753.91875","997.4925000000001","24187.26000000001","0","0","0","0","0","0","0","0","0","0","0","0","0","0","0","0","0","0","0","0","0","10655.385","10825.500000000002","1743.67875","0","719.1225","1121.2124999999999","25064.898750000008","11003.3475","11687.673750000002","1735.94625","0","873.7725","1156.00875","26456.74875","11045.87625","10864.1625","1357.0537499999998","0","769.3837500000001","1074.8174999999999","25111.293749999986","0","0","0","0","0","0","0","0","0","0","0","0","0","0","0","0","0","0","0","0","0","10871.894999999997","11471.16375","1778.4749999999997","0","765.5174999999999","1144.4099999999999","26031.46125","11042.010000000002","11969.909999999998","1689.55125","0","931.7662499999999","1271.99625","26905.233749999996","9994.256249999999","10953.086249999998","1183.0725","0","862.1737499999999","1067.085","24059.673750000005","0","0","0","0","0","0","0","0","0","0","0","0","0","0","0","0","0","0","0","0","0","10500.734999999999","11142.532500000001","1851.9337499999997","0","726.855","1152.1425","25374.198750000007","10771.372500000001","11935.113749999997","1635.42375","0","954.96375","1264.26375","26561.13749999999","10512.333750000002","11273.984999999995","1372.5187499999997","0","862.17375","881.505","24902.516249999993","0","0","0","0","0","0","0","0","0","0","0","0","0","0","0","0","0","0","0","0","0","10477.5375","11579.418750000003","1786.2074999999998","0","742.3199999999999","1105.7475","25691.231249999997","10407.945000000002","12256.012499999997","1685.6850000000002","0","947.23125","1125.07875","26421.952499999996","10771.3725","10999.481249999999","1256.53125","0","761.6512499999999","1005.2249999999999","24794.26125","0","0","0","0","0","0","0","0","0","0","0","0","0","0","0","0","0","0","0","0","0","10469.804999999997","11420.902500000002","1859.6662500000002","0","773.25","1113.48","25637.10375000001","10821.633749999999","11900.317500000001","1600.6275","0","997.4925000000001","1233.33375","26553.40500000001","10806.168750000003","10798.436249999999","1376.3849999999998","0","823.51125","893.10375","24697.605","0","0","0","0","0","0","0","0","0","0","0","0","0","0","0","0","0","0","0","0","0","10597.391249999997","11324.246249999998","1724.3475","0","750.0525","1194.67125","25590.70875","10724.9775","11811.39375","1654.755","0","881.5049999999999","1244.9325","26317.56375","11084.538749999998","10976.283749999999","1299.06","0","765.5174999999999","970.42875","25095.828750000008","0","0","0","0","0","0","0","0","0","0","0","0","0","0","0","0","0","0","0","0","0","10284.225","11413.17","1693.4175","0","765.5174999999999","1117.34625","25273.67625000001","10632.187500000004","11915.7825","1550.3662499999998","0","920.1675","1271.99625","26290.5","10740.442500000001","11266.2525","1283.595","0","726.855","982.0274999999999","24999.17250000001","0","0","0","0","0","0","0","0","0","0","0","0","0","0","0","0","0","0","0","0","0","10504.60125","10980.149999999998","1716.615","0","742.3199999999999","1183.0724999999998","25126.75874999998","10949.22","11467.297499999997","1732.08","0","920.1675","1295.19375","26363.958749999998","11130.933749999998","10821.633749999999","1306.7925","0","796.4475","862.1737499999999","24917.98124999999","0","0","0","0","0","0","0","0","0","0","0","0","0","0","0","0","0","0","0","0","0","10326.753750000002","10724.977499999997","1832.6025","0","742.3199999999999","1198.5375","24825.191249999996","10987.882499999996","12035.63625","1647.0225","0","920.1675","1271.99625","26862.70499999999","10647.6525","10883.493749999998","1194.6712499999999","0","777.11625","1128.9450000000002","24631.878749999993","0","0","0","0","0","0","0","0","0","0","0","0","0","0","0","0","0","0","0","0","0","10701.780000000002","11150.264999999998","1851.9337500000001","0","765.5174999999999","1156.00875","25625.504999999997","10964.685000000003","11768.865000000003","1674.0862499999998","0","947.23125","1295.19375","26650.06124999999","10550.996249999998","10922.156249999998","1302.92625","0","815.77875","939.49875","24531.35624999999","0","0","0","0","0","0","0","0","0","0","0","0","0","0","0","0","0","0","0","0","0","10694.0475","11316.513749999998","1817.1375","0","773.25","1167.6074999999998","25768.556250000005","10902.825","11374.5075","1685.685","0","947.23125","1391.85","26302.098750000016","10179.836250000004","11119.334999999995","1264.2637499999998","0","753.91875","800.31375","24117.667500000003","0","0","0","0","0","0","0","0","0","0","0","0","0","0","0","0","0","0","0","0","0","10736.57625","11977.6425","1805.53875","0","765.5174999999999","1132.81125","26418.086249999997","11335.845000000001","11096.1375","1654.7549999999999","0","881.5049999999999","1117.34625","26085.58875","10616.722500000002","11262.386249999996","1194.6712499999999","0","777.11625","1016.82375","24867.72","0","0","0","0","0","0","0","0","0","0","0","0","0","0","0","0","0","0","0","0","0","10531.665000000003","11285.58375","1848.0674999999997","0","780.9825","1148.27625","25594.575","10663.117500000002","11633.546250000003","1619.95875","0","985.89375","1268.13","26170.646250000005","10496.868750000003","10496.86875","1275.8625","0","831.24375","1001.35875","24102.202500000003","0","0","0","0","0","0","0","0","0","0","0","0","0","0","0","0","0","0","0","0","0","10554.862500000001","11378.373749999999","1832.6025","0","757.785","1233.33375","25756.957500000008","10686.315000000002","11587.151249999997","1658.62125","0","1009.0912500000001","1306.7925","26247.971250000002","10728.84375","10694.0475","1256.53125","0","842.8425","1082.55","24604.815000000002","0","0","0","0","0","0","0","0","0","0","0","0","0","0","0","0","0","0","0","0","0","10504.601250000003","11417.03625","1782.34125","0","726.855","1175.34","25606.173750000005","10810.035","11973.77625","1732.08","0","900.83625","1202.40375","26619.131250000006","10906.69125","11424.768749999994","1326.1237499999997","0","773.25","931.76625","25362.600000000002","0","0","0","0","0","0","0","0","0","0","0","0","0","0","0","0","0","0","0","0","0","10411.81125","11780.463750000006","1793.9399999999998","0","773.25","1233.3337499999998","25992.798749999994","10678.582499999999","12054.967499999997","1720.4812499999998","0","951.0975000000001","1283.5949999999998","26688.723749999994","10435.00875","10864.1625","1357.05375","0","753.91875","846.70875","24256.8525","0","0","0","0","0","0","0","0","0","0","0","0","0","0","0","0","0","0","0","0","0","10550.99625","11563.953749999997","1817.1374999999998","0","765.5174999999999","1167.6074999999998","25865.212499999998","10798.43625","11625.81375","1751.4112499999999","0","896.97","1291.3275","26363.95875","10697.91375","10910.557499999999","1175.34","0","815.77875","974.2950000000001","24573.885000000002","0","0","0","0","0","0","0","0","0","0","0","0","0","0","0","0","0","0","0","0","0","10933.755000000001","11525.291250000002","1886.73","0","742.3199999999999","1167.6074999999998","26255.70375000001","10790.70375","11668.342499999999","1689.55125","0","993.62625","1264.26375","26406.487499999996","10914.42375","10786.8375","1283.5949999999998","0","877.63875","1012.9575","24875.452499999996","0","0","0","0","0","0","0","0","0","0","0","0","0","0","0","0","0","0","0","0","0","10697.91375","11428.634999999998","1724.3475","0","757.785","1171.47375","25780.155000000006","10713.378750000003","11552.355000000001","1631.5575","0","889.2375","1341.5887500000001","26128.11750000001","11088.404999999999","10724.9775","1283.5949999999998","0","881.505","1109.61375","25088.096249999988","0","0","0","0","0","0","0","0","0","0","0","0","0","0","0","0","0","0","0","0","0"
,"10616.722500000002","11231.456250000003","1878.9975","0","719.1225","1179.20625","25625.504999999994","10852.563749999994","11761.132500000002","1627.69125","0","900.8362500000001","1244.9325","26387.156250000004","10446.607499999998","10713.378750000002","1357.05375","0","835.1100000000001","920.1675","24272.317500000005","0","0","0","0","0","0","0","0","0","0","0","0","0","0","0","0","0","0","0","0","0","10257.16125","11386.106250000003","1855.8","0","757.785","1171.4737499999999","25428.326250000002","10148.90625","11339.711249999998","1612.22625","0","924.03375","1233.33375","25258.21125","11053.608749999998","10755.907499999996","1357.0537499999998","0","866.0400000000001","997.4925000000001","25030.102499999994","0","0","0","0","0","0","0","0","0","0","0","0","0","0","0","0","0","0","0","0","0","10605.12375","11475.03","1728.2137500000001","0","773.25","1094.1487499999998","25675.766250000004","10864.162499999997","10910.5575","1592.895","0","896.97","1159.875","25424.459999999995","10984.01625","10821.633749999999","1333.85625","0","827.3774999999999","1047.7537499999999","25014.6375","0","0","0","0","0","0","0","0","0","0","0","0","0","0","0","0","0","0","0","0","0","9943.995000000003","11061.341250000003","1913.7937500000003","0","780.9825","1214.0024999999998","24914.115","10257.16125","11996.973749999997","1643.15625","0","889.2375","1264.26375","26050.792499999985","10763.64","11076.806249999998","1291.3274999999999","0","881.505","985.8937500000001","24999.172499999986","0","0","0","0","0","0","0","0","0","0","0","0","0","0","0","0","0","0","0","0","0","10377.015000000001","11525.291250000006","1732.08","0","757.785","1225.60125","25617.772500000003","11227.59","11107.736250000002","1542.63375","0","982.0275000000001","1310.65875","26170.64625000001","10736.576250000004","10736.576249999996","1337.7224999999999","0","858.3074999999999","1105.7475","24774.929999999993","0","0","0","0","0","0","0","0","0","0","0","0","0","0","0","0","0","0","0","0","0","10199.1675","11679.94125","1859.6662499999998","0","773.25","1113.48","25625.504999999997","11146.398749999998","11633.54625","1697.2837499999998","0","904.7024999999999","1217.86875","26599.79999999999","10636.053749999997","10701.780000000002","1364.78625","0","800.31375","970.4287499999999","24473.362500000007","0","0","0","0","0","0","0","0","0","0","0","0","0","0","0","0","0","0","0","0","0","10485.269999999999","11618.081250000001","1848.0675","0","726.855","1094.1487499999998","25772.422500000004","11219.8575","11621.947500000004","1600.6274999999998","0","974.295","1268.1299999999999","26684.857500000006","10782.971249999999","10968.55125","1229.4675","0","908.56875","943.365","24832.92375","0","0","0","0","0","0","0","0","0","0","0","0","0","0","0","0","0","0","0","0","0","10914.423750000004","11304.914999999997","1855.8","0","742.3199999999999","1229.4675","26046.926249999997","11173.462500000001","11103.87","1639.2899999999997","0","924.03375","1179.2062500000002","26019.862499999992","10782.971249999999","10543.26375","1322.2574999999997","0","815.77875","835.11","24299.381250000006","0","0","0","0","0","0","0","0","0","0","0","0","0","0","0","0","0","0","0","0","0","10469.805000000002","11494.361250000002","1894.4625","0","750.0525","1186.9387499999998","25795.620000000006","10624.454999999998","11633.546250000003","1623.8249999999998","0","982.0274999999999","1163.74125","26027.595","11080.672499999999","10821.63375","1271.9962499999997","0","804.1800000000001","1225.60125","25204.08375000001","0","0","0","0","0","0","0","0","0","0","0","0","0","0","0","0","0","0","0","0","0","10280.358750000001","11382.24","1886.73","0","750.0525","1314.5249999999999","25613.90625","10980.15","11652.877500000002","1643.1562499999998","0","896.97","1186.93875","26360.092500000002","10435.008750000003","11223.723749999996","1310.65875","0","842.8425","1082.5500000000002","24894.783749999995","0","0","0","0","0","0","0","0","0","0","0","0","0","0","0","0","0","0","0","0","0","10531.664999999999","11212.124999999996","1840.335","0","773.25","1144.4099999999999","25501.785000000003","10713.37875","11703.13875","1685.685","0","908.56875","1152.1425","26162.91375","10906.691250000002","11134.799999999997","1295.19375","0","873.7725","1128.945","25339.402500000004","0","0","0","0","0","0","0","0","0","0","0","0","0","0","0","0","0","0","0","0","0","10550.996249999997","11409.303750000001","1921.52625","0","726.855","1167.6075","25776.288750000007","10759.773749999998","12066.566250000005","1832.6025","0","912.435","1233.33375","26804.711250000004","10500.735","10891.226250000003","1217.8687499999999","0","846.70875","1063.21875","24519.757500000003","0","0","0","0","0","0","0","0","0","0","0","0","0","0","0","0","0","0","0","0","0","10709.5125","11494.36125","1817.1374999999998","0","750.0525","1128.945","25900.00875000001","11339.71125","11672.208749999998","1712.74875","0","962.69625","1132.81125","26820.17625","10763.640000000001","11157.997499999996","1318.39125","0","726.855","1090.2825","25057.166249999995","0","0","0","0","0","0","0","0","0","0","0","0","0","0","0","0","0","0","0","0","0","10535.53125","11285.58375","1821.00375","0","757.785","1109.61375","25509.5175","10829.366250000001","11231.456249999997","1666.35375","0","982.0275","1287.46125","25996.665000000008","10427.27625","10512.333750000002","1310.6587499999998","0","757.785","954.9637500000001","23963.0175","0","0","0","0","0","0","0","0","0","0","0","0","0","0","0","0","0","0","0","0","0","10856.429999999997","12000.84","1909.9274999999998","0","742.3199999999999","1171.4737499999999","26680.991249999995","10392.480000000003","11463.431249999998","1670.2199999999998","0","989.76","1299.0600000000002","25814.951250000006","11057.474999999995","10856.429999999998","1302.92625","0","792.58125","1113.48","25122.89250000001","0","0","0","0","0","0","0","0","0","0","0","0","0","0","0","0","0","0","0","0","0","10616.722500000002","11266.2525","1786.2075","0","742.3199999999999","1171.47375","25582.976249999996","10554.862499999997","11100.003750000002","1650.88875","0","866.04","1101.88125","25273.676249999997","10380.881250000002","10670.850000000004","1210.13625","0","811.9125","947.2312499999999","24021.011249999992","0","0","0","0","0","0","0","0","0","0","0","0","0","0","0","0","0","0","0","0","0","10411.81125","11320.380000000001","1925.3925","0","750.0525","1159.875","25567.511250000003","10578.060000000001","11857.788750000003","1619.9587499999998","0","877.63875","1291.3274999999999","26224.773750000008","10465.938750000003","10697.913749999998","1229.4675","0","773.25","927.9","24094.469999999994","0","0","0","0","0","0","0","0","0","0","0","0","0","0","0","0","0","0","0","0","0","10585.792499999994","11297.182500000003","1848.0674999999999","0","773.25","1148.2762500000001","25652.568750000002","10663.117500000002","11509.826250000002","1685.685","0","943.365","1237.2","26039.193749999995","11146.398750000002","10612.856250000003","1283.5949999999998","0","854.4412500000001","1047.7537499999999","24945.045000000006","0","0","0","0","0","0","0","0","0","0","0","0","0","0","0","0","0","0","0","0","0","10531.665000000003","11328.112500000003","1952.45625","0","750.0525","1244.9325000000001","25807.21875","11188.9275","12078.165","1689.55125","0","893.10375","1333.85625","27183.603750000002","10191.435000000001","11246.921250000001","1264.26375","0","773.25","943.365","24419.234999999997","0","0","0","0","0","0","0","0","0","0","0","0","0","0","0","0","0","0","0","0","0","10616.722500000003","11038.143750000003","1793.9399999999998","0","757.785","1190.8049999999998","25397.396249999983","10871.895000000002","11772.73125","1558.09875","0","873.7725","1217.86875","26294.366250000003","11061.341249999996","10891.22625","1202.4037500000002","0","877.63875","989.76","25022.370000000003","0","0","0","0","0","0","0","0","0","0","0","0","0","0","0","0","0","0","0","0","0","10319.021250000002","11154.131249999999","1867.3987499999998","0","765.5174999999999","1225.60125","25331.66999999999","10709.512500000003","11509.826250000004","1701.1499999999999","0","970.42875","1217.86875","26108.78625000001","10585.7925","10833.2325","1345.455","0","827.3775","1063.21875","24655.07625","0","0","0","0","0","0","0","0","0","0","0","0","0","0","0","0","0","0","0","0","0","10489.136250000001","11587.151250000006","1805.5387499999997","0","742.3199999999999","1179.20625","25803.352500000015","11297.182499999999","10953.08625","1596.76125","0","889.2375","1024.5562499999999","25760.823749999996","10752.04125","10705.646249999998","1275.8625","0","804.1800000000001","819.645","24357.374999999996","0","0","0","0","0","0","0","0","0","0","0","0","0","0","0","0","0","0","0","0","0","10446.6075","11420.9025","1821.0037499999999","0","773.25","1171.4737499999999","25633.23750000001","10972.4175","11594.883749999999","1608.36","0","858.3075000000001","1171.47375","26205.442500000012","10728.84375","10999.48125","1248.7987500000002","0","761.65125","1055.4862500000002","24794.26125","0","0","0","0","0","0","0","0","0","0","0","0","0","0","0","0","0","0","0","0","0","10794.569999999998","11718.60375","1809.405","0","726.855","1148.27625","26197.710000000006","10338.352500000005","11324.24625","1747.5449999999998","0","935.6324999999999","1179.2062500000002","25524.9825","10632.187499999998","10608.989999999998","1372.51875","0","823.51125","877.6387500000001","24314.846249999995","0","0","0","0","0","0","0","0","0","0","0","0","0","0","0","0","0","0","0","0","0","10264.893750000001","11734.068749999999","1747.5449999999998","0","757.785","1163.7412499999998","25668.03375000001","11119.335","11440.23375","1647.0225","0","985.89375","1217.86875","26410.35375000001","10647.6525","11088.405","1256.53125","0","769.38375","869.9062499999999","24631.878749999993","0","0","0","0","0","0","0","0","0","0","0","0","0","0","0","0","0","0","0","0","0","10593.525","11602.616249999997","1712.7487499999997","0","750.0525","1237.1999999999998","25896.1425","11057.475","11502.093749999998","1608.36","0","939.49875","1306.7925","26414.22","10558.72875","10570.3275","1318.3912500000001","0","924.03375","1063.21875","24434.69999999999","0","0","0","0","0","0","0","0","0","0","0","0","0","0","0","0","0","0","0","0","0","10810.035","11374.507500000002","1840.335","0","726.855","1283.5949999999998","26035.32750000001","10713.378750000003","11475.029999999999","1631.5575","0","873.7724999999999","1229.4675","25923.20625000001","10574.193749999999","11223.72375","1310.65875","0","854.4412500000001","912.4350000000001","24875.452499999992","0","0","0","0","0","0","0","0","0","0","0","0","0","0","0","0","0","0","0","0","0","10550.996249999997","11328.1125","1906.06125","0","750.0525","1221.735","25756.9575","10763.64","11432.501249999998","1585.1625000000001","0","935.6324999999999","1333.8562499999998","26050.792499999992","10663.1175","10895.092500000002","1318.39125","0","823.51125","1059.3525","24759.465","0","0","0","0","0","0","0","0","0","0","0","0","0","0","0","0","0","0","0","0","0","10527.798750000002","11869.387499999999","1817.1374999999996","0","734.5875","1229.4675000000002","26178.378749999996","10902.825000000003","11107.73625","1647.0225","0","974.295","1244.9325","25876.811249999988","10562.594999999998","11235.322499999998","1349.32125","0","819.645","780.9825000000001","24747.86625","0","0","0","0","0","0","0","0","0","0","0","0","0","0","0","0","0","0","0","0","0","10373.14875","11656.74375","1728.21375","0","757.785","1175.3400000000001","25691.231250000008","10539.3975","12047.235","1546.4999999999998","0","931.7662500000001","1186.93875","26251.83749999999","10369.282499999996","10636.053750000005","1283.595","0","773.2499999999999","761.6512500000001","23823.832499999997","0","0","0","0","0","0","0","0","0","0","0","0","0","0","0","0","0","0","0","0","0","10465.938750000001","11486.62875","1728.21375","0","734.5875","1214.0024999999998","25629.37125","11293.31625","11591.017500000002","1708.8825","0","877.63875","1202.40375","26673.258750000008","10550.99625","10724.977499999999","1345.455","0","846.70875","1098.0149999999999","24566.152499999986","0","0","0","0","0","0","0","0","0","0","0","0","0","0","0","0","0","0","0","0","0","10914.42375","11405.437499999998","1886.73","0","750.0525","1082.55","26039.19375","11123.201250000002","12136.15875","1689.55125","0","908.5687499999999","1132.81125","26990.29125","10759.773750000002","10817.767499999996","1302.92625","0","811.9124999999999","1028.4225000000001","24720.802499999987","0","0","0","0","0","0","0","0","0","0","0","0","0","0","0","0","0","0","0","0","0","10508.467500000004","11927.381249999999","1755.2775000000001","0","750.0525","1136.6775","26077.856250000008","11014.94625","12058.833749999998","1674.08625","0","958.8299999999999","1032.28875","26738.985","11018.812500000002","10419.543749999999","1291.3274999999999","0","688.1925","920.1674999999999","24338.04375","0","0","0","0","0","0","0","0","0","0","0","0","0","0","0","0","0","0","0","0","0","10481.403750000001","11138.666250000002","1844.20125","0","765.5174999999999","1105.7475","25335.536250000012","10431.1425","11486.628749999998","1577.43","0","962.69625","1202.40375","25660.301250000004","11061.341250000003","11069.073749999996","1310.6587499999998","0","827.3775","1055.48625","25323.937500000007","0","0","0","0","0","0","0","0","0","0","0","0","0","0","0","0","0","0","0","0","0","10133.441249999998","12136.15875","1793.94","0","773.25","1233.3337500000002","26070.123750000002","11304.914999999997","11737.935","1666.35375","0","985.89375","1411.1812499999999","27106.278749999998","10771.372500000001","10875.76125","1283.5949999999998","0","866.04","908.5687499999999","24705.337499999994","0","0","0","0","0","0","0","0","0","0","0","0","0","0","0","0","0","0","0","0","0","10404.07875","10794.57","1801.6725","0","711.39","1198.5375","24910.248749999995","10543.26375","11463.43125","1712.7487499999997","0","966.5625","1159.875","25845.881249999995","10253.295000000002","10933.755000000003","1364.7862499999999","0","838.9762499999999","954.96375","24345.776249999995","0","0","0","0","0","0","0","0","0","0","0","0","0","0","0","0","0","0","0","0","0","10632.187499999998","11687.67375","1805.5387499999997","0","773.25","1179.20625","26077.85625000001","10949.22","11915.7825","1465.3087500000001","0","900.8362500000001","1291.3274999999999","26522.47500000001","10431.142499999998","10798.436249999995","1237.2","0","869.90625","1001.3587499999999","24338.043750000008","0","0","0","0","0","0","0","0","0","0","0","0","0","0","0","0","0","0","0","0","0","10349.951249999998","11618.081249999997","1763.0100000000002","0","765.5174999999999","1140.5437499999998","25637.103750000002","11100.003750000002","11993.107499999996","1743.67875","0","931.7662499999999","1283.595","27052.151250000003","10647.6525","10732.71","1163.74125","0","773.25","1140.5437499999998","24457.897499999995","0","0","0","0","0","0","0","0","0","0","0","0","0","0","0","0","0","0","0","0","0","10554.862499999997","11533.02375","1797.80625","0","780.9825","1086.41625","25753.09125000001","10898.958749999998","11799.795","1534.9012500000001","0","962.69625","1329.99","26526.34125","10694.0475","11142.532499999996","1248.7987500000002","0","850.575","1059.3525","24995.306249999994","0","0","0","0","0","0","0","0","0","0","0","0","0","0","0","0","0","0","0","0","0","10435.008749999997","11737.934999999996","1909.9275","0","765.5174999999999","1233.3337499999998","26081.722500000007","10690.181249999998","11853.922500000002","1561.965","0","862.1737499999999","1275.8625","26244.105","10535.53125","11034.277499999997","1337.7224999999999","0","742.32","1005.2250000000001","24655.076250000002","0","0","0","0","0","0","0","0","0","0","0","0","0","0","0","0","0","0","0","0","0","10868.02875","11498.227499999999","1828.73625","0","773.25","1202.40375","26170.64625","11042.010000000002","11753.4","1689.55125","0","958.83","1283.5949999999998","26727.38625","10724.977499999999","11115.46875","1337.7224999999999","0","722.98875","815.7787500000001","24716.936250000002","0","0","0","0","0","0","0","0","0","0","0","0","0","0","0","0","0","0","0","0","0","10666.983750000001","11571.68625","1805.53875","0","734.5875","1086.41625","25865.212499999994","10810.035000000002","11548.488750000002","1639.29","0","850.575","1113.48","25961.868749999987","10728.843750000002","10608.989999999994","1310.6587499999998","0","889.2375","1036.155","24573.885","0","0","0","0","0","0","0","0","0","0","0","0","0","0","0","0","0","0","0","0","0","10821.63375","11420.9025","1677.9524999999999","0","742.3199999999999","1167.6074999999998","25830.41625","11053.608750000001","11772.731250000004","1554.2325","0","970.42875","1202.40375","26553.405000000002","10570.327500000001","11215.991250000001","1337.7224999999999","0","947.2312499999999","862.17375","24933.446250000005","0","0","0","0","0","0","0","0","0","0","0","0","0","0","0","0","0","0","0","0","0","10678.582499999999","11188.9275","1766.8762499999998","0","742.3199999999999","1183.0725","25559.778749999987","10620.58875","11185.06125","1639.29","0","920.1675","1156.00875","25521.116250000003","10686.314999999997","11262.38625","1167.6075","0","831.24375","951.0975","24898.649999999994","0","0","0","0","0","0","0","0","0","0","0","0","0","0","0","0","0","0","0","0","0","10887.36","11594.883750000003","1844.2012499999998","0","773.25","1241.0662499999999","26340.761250000014","11084.538750000002","11254.653750000001","1693.4174999999998","0","916.30125","1252.665","26201.576250000006","10748.175000000001","10852.563749999998","1194.67125","0","854.44125","877.63875","24527.489999999998","0","0","0","0","0","0","0","0","0","0","0","0","0","0","0","0","0","0","0","0","0","10454.340000000004","11181.195","1716.6149999999998","0","773.25","1101.88125","25227.281250000004","10721.111250000002","12159.356249999999","1565.8312500000002","0","962.69625","1275.8625","26684.857500000002","10806.16875","11169.596250000002","1318.39125","0","788.715","1043.8874999999998","25126.75874999999","0","0","0","0","0","0","0","0","0","0","0","0","0","0","0","0","0","0","0","0","0","10589.658749999997","10918.290000000003","1828.7362499999997","0","780.9825","1163.74125","25281.408749999988","10817.767499999998","11320.380000000001","1670.2199999999998","0","943.365","1275.8625","26027.59499999999","10736.576249999998","10825.499999999998","1310.6587499999998","0","672.7275","997.4925000000001","24542.95499999999","0","0","0","0","0","0","0","0","0","0","0","0","0","0","0","0","0","0","0","0","0","10922.15625","11803.66125","1778.475","0","765.5174999999999","1210.13625","26479.946250000005","10632.187500000002","12275.343749999998","1751.41125","0","889.2375","1175.34","26723.520000000008","10670.850000000004","10941.487499999997","1275.8625000000002","0","866.04","1074.8175","24829.057500000006","0","0","0","0","0","0","0","0","0","0","0","0","0","0","0","0","0","0","0","0","0","10578.06","11707.005000000001","1817.1374999999998","0","773.25","1295.19375","26170.646249999994","11239.188749999994","12112.961250000004","1654.7549999999999","0","885.3712499999999","1225.60125","27117.877500000002","10643.786250000001","10813.90125","1302.92625","0","866.04","850.5749999999999","24477.228749999995","0","0","0","0","0","0","0","0","0","0","0","0","0","0","0","0","0","0","0","0","0","10682.448750000001","11533.02375","1786.2074999999998","0","780.9825","1167.6075","25950.270000000004","10647.6525","11919.648749999998","1577.43","0","920.1675","1237.1999999999998","26302.09875000001","10415.677499999996","11181.195","1183.0725","0","838.9762499999999","1109.61375","24728.535","0","0","0","0","0","0","0","0","0","0","0","0","0","0","0","0","0","0","0","0","0","10929.88875","11320.380000000001","1701.15","0","765.5174999999999","1291.3274999999999","26008.263749999984","10705.646250000005","11880.98625","1639.2900000000002","0","958.8299999999999","1337.7224999999999","26522.475000000002","10504.601249999996","10926.022500000003","1364.7862499999999","0","908.5687499999999","1036.155","24740.133749999986","0","0","0","0","0","0","0","0","0","0","0","0","0","0","0","0","0","0","0","0","0","10690.181250000005","11749.533749999999","1755.2775","0","719.1225","1167.6074999999998","26081.722499999996","10813.90125","11610.348750000003","1689.5512499999998","0","858.3075000000001","1233.33375","26205.442500000012","10972.417500000005","10856.43","1275.8625","0","738.45375","935.6324999999999","24778.79625","0","0","0","0","0","0","0","0","0","0","0","0","0","0","0","0","0","0","0","0","0","10643.786250000001","10945.35375","1848.0674999999999","0","750.0525","1214.0025","25401.262499999997","11042.01","11776.597500000002","1701.15","0","889.2375","1125.0787500000001","26534.073750000007","10473.671250000001","10690.181250000001","1302.92625","0","850.575","1144.4099999999999","24461.763749999995","0","0","0","0","0","0","0","0","0","0","0","0","0","0","0","0","0","0","0","0","0","10396.346249999999","11695.406249999998","1836.46875","0","750.0525","1186.9387499999998","25865.212499999987","10918.290000000003","11714.737500000001","1716.6149999999998","0","904.7025000000001","1302.92625","26557.27125","10535.531249999996","10593.525","1271.9962500000001","0","823.51125","881.505","24106.068749999995","0","0","0","0","0","0","0","0","0","0","0","0","0","0","0","0","0","0","0","0","0","10721.111250000002","11351.309999999998","1824.87","0","719.1225","1113.48","25729.893749999992","10477.537499999999","11591.017499999998","1735.94625","0","943.365","1148.2762500000001","25896.142499999998","10844.831250000003","11227.59","1302.9262500000002","0","784.84875","993.62625","25153.822499999995","0","0","0","0","0","0","0","0","0","0","0","0","0","0","0","0","0","0","0","0","0","10021.32","10949.220000000003","1844.20125","0","742.3199999999999","1237.1999999999998","24794.26125","10987.8825","11428.635000000002","1677.9524999999999","0","962.69625","1268.13","26325.296249999996","10736.576249999996","10906.69125","1310.6587499999998","0","866.04","947.23125","24767.1975","0","0","0","0","0","0","0","0","0","0","0","0","0","0","0","0","0","0","0","0","0","10214.6325","11459.565000000004","1774.6087499999999","0","750.0525","1241.06625","25439.925","10752.04125","11757.26625","1732.0800000000002","0","962.69625","1152.1425","26356.226249999996","10724.977500000005","11293.31625","1372.51875","0","792.58125","1001.3587500000001","25184.752500000002","0","0","0","0","0","0","0","0","0","0","0","0","0","0","0","0","0","0","0","0","0","10821.633749999997","10968.551250000002","1759.1437499999997","0","773.25","1183.0725","25505.651249999995","10740.442500000005","11502.09375","1631.5575","0","1009.0912500000001","1051.62","25934.805000000008","10918.289999999997","11486.62875","1291.3274999999999","0","738.45375","889.2375","25323.937499999996","0","0","0","0","0","0","0","0","0","0","0","0","0","0","0","0","0","0","0","0","0","10500.735","11270.11875","1774.60875","0","703.6575","1225.60125","25474.721249999988","11100.003749999998","11652.8775","1631.5575","0","970.42875","1214.0025","26568.870000000006","10663.1175","10721.111249999998","1264.2637500000003","0","842.8425","1032.28875","24523.623749999995","0","0","0","0","0","0","0","0","0","0","0","0","0","0","0","0","0","0","0","0","0","10454.339999999998","11289.450000000003","1809.4049999999997","0","742.3199999999999","1233.33375","25528.848749999994","10860.296250000001","11645.145","1565.8312500000002","0","912.435","1221.735","26205.442499999997","10813.901249999999","11192.793749999999","1391.85","0","796.4475","920.1675","25115.159999999993","0","0","0","0","0","0","0","0","0","0","0","0","0","0","0","0","0","0","0","0","0","10987.882499999998","10991.748750000002","1782.34125","0","788.7149999999999","1221.735","25772.42249999999","11250.787499999997","11737.935000000001","1639.29","0","935.6324999999999","1360.92","26924.565000000006","10322.8875","10848.697500000002","1357.05375","0","672.7275","773.25","23974.616249999992","0","0","0","0","0","0","0","0","0","0","0","0","0","0","0","0","0","0","0","0","0","10512.333749999998","11509.82625","1886.73","0","750.0525","1210.13625","25869.07875","11115.468749999998","11695.40625","1681.81875","0","893.10375","1167.6075","26553.40500000001","11103.869999999999","11231.456249999997","1244.9325","0","831.2437500000001","985.89375","25397.39625000001","0","0","0","0","0","0","0","0","0","0","0","0","0","0","0","0","0","0","0","0","0","10608.989999999996","11621.947500000004","1863.5324999999998","0","773.25","1148.2762500000001","26015.99625","11285.583750000002","11877.119999999999","1612.22625","0","916.30125","1190.805","26882.036249999997","10678.5825","10570.3275","1329.99","0","792.58125","951.0975","24322.578749999997","0","0","0","0","0","0","0","0","0","0","0","0","0","0","0","0","0","0","0","0","0","10469.805000000006","11540.756249999997","1778.4750000000004","0","773.25","1140.54375","25702.829999999998","10249.42875","11397.704999999998","1658.62125","0","927.9000000000001","1098.0149999999999","25331.669999999995","10802.3025","10759.773750000002","1291.3274999999999","0","746.18625","985.89375","24585.483749999996","0","0","0","0","0","0","0","0","0","0","0","0","0","0","0","0","0","0","0","0","0","10806.16875","10848.697500000002","1759.14375","0","726.855","1279.72875","25420.593750000007","10574.193750000002","11370.641249999997","1635.42375","0","939.49875","1152.1425","25671.900000000005","10334.486249999996","11200.526249999997","1372.51875","0","889.2375","900.8362500000001","24697.60499999999","0","0","0","0","0","0","0","0","0","0","0","0","0","0","0","0","0","0","0","0","0","10848.6975","11803.66125","1805.53875","0","734.5875","1271.99625","26464.48125","10690.18125","11618.08125","1716.615","0","912.435","1275.8625","26213.175000000003","10868.028750000003","10709.5125","1329.99","0","784.84875","1098.0149999999999","24790.395000000008","0","0","0","0","0","0","0","0","0","0","0","0","0","0","0","0","0","0","0","0","0","10740.4425","11598.750000000002","1840.3349999999998","0","711.39","1117.34625","26008.263749999995","10937.621250000002","11289.45","1658.62125","0","958.83","1144.41","25988.9325","10520.06625","10670.85","1391.85","0","773.25","958.83","24314.846249999995","0","0","0","0","0","0","0","0","0","0","0","0","0","0","0","0","0","0","0","0","0","10686.315","10775.23875","1817.1374999999998","0","773.25","1086.41625","25138.357500000006","10960.818749999999","12170.955","1732.08","0","958.8299999999999","1279.72875","27102.4125","11088.405","10960.81875","1244.9325","0","858.3074999999999","1098.0149999999999","25250.47875","0","0","0","0","0","0","0","0","0","0","0","0","0","0","0","0","0","0","0","0","0","10214.632500000002","11119.335000000001","1813.2712499999998","0","780.9825","1163.74125","25091.962500000005","10469.804999999998","11803.661250000005","1716.615","0","974.295","1047.7537499999999","26012.129999999997","10608.99","10233.963750000003","1310.6587499999998","0","885.37125","974.295","24013.27875000001","0","0","0","0","0","0","0","0","0","0","0","0","0","0","0","0","0","0","0","0","0","10628.321249999997","11540.75625","1917.6599999999999","0","734.5875","1070.9512499999998","25892.276249999995","10759.773749999998","12070.432499999997","1623.8249999999998","0","927.9","1244.9325","26626.863749999997","10732.709999999997","10976.28375","1214.0024999999998","0","854.4412500000001","912.4350000000001","24689.8725","0","0","0","0","0","0","0","0","0","0","0","0","0","0","0","0","0","0","0","0","0","10705.64625","11417.036249999997","1844.2012499999996","0","757.785","1121.2125","25845.881250000002","10926.0225","11761.132499999998","1608.3600000000001","0","978.1612499999999","1469.175","26742.85124999999","10535.53125","10922.156249999995","1202.40375","0","873.7725","1121.2125","24655.07624999999","0","0","0","0","0","0","0","0","0","0","0","0","0","0","0","0","0","0","0","0","0","10601.257499999998","11637.4125","1859.66625","0","757.785","1167.6075","26023.728750000006","10435.00875","11544.6225","1623.8249999999998","0","1005.225","1275.8625","25884.54375","10326.753749999998","10585.7925","1264.2637499999998","0","823.51125","1001.3587500000001","24001.679999999993","0","0","0","0","0","0","0","0","0","0","0","0","0","0","0","0","0","0","0","0","0","10643.786250000001","11625.813750000001","1863.5325000000003","0","773.25","1252.665","26159.047500000004","10655.384999999998","11656.743749999996","1612.2262500000002","0","912.4350000000001","1194.67125","26031.46125000001","10554.8625","11788.196250000003","1283.5949999999998","0","800.31375","947.23125","25374.19874999999","0","0","0","0","0","0","0","0","0","0","0","0","0","0","0","0","0","0","0","0","0","10767.506250000004","10980.149999999998","1755.2775","0","742.3199999999999","1217.86875","25463.122499999987","10848.6975","11285.583749999998","1674.08625","0","869.90625","1287.46125","25965.734999999997","9870.53625","11076.806249999994","1275.8625","0","773.25","1055.48625","24051.94125","0","0","0","0","0","0","0","0","0","0","0","0","0","0","0","0","0","0","0","0","0","11045.876249999998","11409.303750000001","1809.4049999999997","0","734.5875","1167.6075","26166.78","11154.131250000002","11312.6475","1639.29","0","900.8362500000001","1237.2","26244.104999999992","10361.549999999997","11011.079999999998","1391.85","0","695.925","974.2950000000001","24434.699999999993","0","0","0","0","0","0","0","0","0","0","0","0","0","0","0","0","0","0","0","0","0","10643.786250000001","11583.285000000002","1828.7362499999997","0","726.855","1202.40375","25985.06625","10315.155000000002","11652.877499999999","1585.1625","0","943.365","1217.86875","25714.42875","10771.3725","11072.94","1237.2","0","889.2375000000001","958.8299999999999","24929.579999999998","0","0","0","0","0","0","0","0","0","0","0","0","0","0","0","0","0","0","0","0","0","10790.70375","11954.445","1623.8250000000003","0","750.0525","1217.86875","26336.89499999999","10914.423750000002","11645.145000000002","1716.6149999999998","0","927.9","1237.2","26441.283749999995","10585.792500000003","11285.583750000002","1283.5949999999998","0","866.04","850.575","24871.586249999993","0","0","0","0","0","0","0","0","0","0","0","0","0","0","0","0","0","0","0","0","0","10581.926249999999","11386.106250000003","1855.7999999999997","0","726.855","1291.3274999999999","25842.01499999999","10759.77375","11517.558749999998","1728.21375","0","885.3712500000001","1357.05375","26247.97125","10817.767500000002","11088.404999999997","1229.4675000000002","0","769.38375","935.6324999999999","24840.65625","0","0","0","0","0","0","0","0","0","0","0","0","0","0","0","0","0","0","0","0","0","10485.270000000002","11591.0175","1759.14375","0","750.0525","1194.6712499999999","25780.15499999999","11173.462499999998","11919.648749999997","1662.4875","0","927.9","1279.72875","26963.227500000005","10632.187499999998","11018.812500000002","1364.7862499999999","0","773.25","1082.55","24871.586250000004","0","0","0","0","0","0","0","0","0","0","0","0","0","0","0","0","0","0","0","0","0","10941.487500000001","11587.151250000004","1805.53875","0","719.1225","1070.9512499999998","26124.25125","10736.576249999998","11212.125000000002","1735.9462499999997","0","916.30125","1090.2825","25691.23125000001","10241.696249999997","10829.366249999997","1384.1174999999998","0","769.38375","1032.28875","24256.8525","0","0","0","0","0","0","0","0","0","0","0","0","0","0","0","0","0","0","0","0","0","10578.060000000005","11370.641250000002","1793.94","0","757.785","1233.33375","25733.76000000001","11417.036250000001","11254.65375","1685.685","0","935.6324999999999","1163.74125","26456.74875","10860.296249999998","11409.303750000001","1310.65875","0","784.8487500000001","1005.2249999999999","25370.332499999997","0","0","0","0","0","0","0","0","0","0","0","0","0","0","0","0","0","0","0","0","0","10558.728750000002","10755.907500000001","1763.0099999999998","0","750.0525","1295.19375","25122.892499999998","10875.761250000001","11652.877499999997","1623.8249999999998","0","935.6324999999999","1237.1999999999998","26325.296250000003","10539.397500000003","11096.137499999997","1345.455","0","800.31375","1032.28875","24813.592500000002","0","0","0","0","0","0","0","0","0","0","0","0","0","0","0","0","0","0","0","0","0","10512.333750000002","10922.156249999996","1805.53875","0","780.9825","1179.2062500000002","25200.217499999988","10736.57625","12024.037500000004","1612.2262500000002","0","962.69625","1194.6712499999999","26530.207499999993","11304.915000000005","11084.538750000007","1244.9325000000001","0","792.58125","1082.55","25509.51750000001","0","0","0","0","0","0","0","0","0","0","0","0","0","0","0","0","0","0","0","0","0","10183.702500000001","11424.76875","1677.9525","0","726.855","1268.13","25281.408750000002","10666.983750000001","11896.451249999996","1635.42375","0","951.0975000000001","1132.81125","26282.767499999987","10438.875000000002","10744.30875","1384.1174999999998","0","792.58125","1140.54375","24500.42625000001","0","0","0","0","0","0","0","0","0","0","0","0","0","0","0","0","0","0","0","0","0","10349.951249999996","10717.244999999999","1662.4874999999997","0","780.9825","1148.27625","24658.942500000012","11057.474999999999","11714.737500000001","1674.0862499999998","0","927.9000000000001","1271.99625","26646.19500000001","10856.429999999997","10868.028750000003","1248.79875","0","900.8362500000001","1167.6075","25041.701250000006","0","0","0","0","0","0","0","0","0","0","0","0","0","0","0","0","0","0","0","0","0","10589.65875","11038.143750000003","1763.01","0","750.0525","1156.00875","25296.87375","10782.971250000002","11076.806250000005","1585.1625000000001","0","997.4925","1449.84375","25892.27624999999","10879.6275","10400.2125","1299.06","0","753.91875","1012.9575","24345.776250000003","0","0","0","0","0","0","0","0","0","0","0","0","0","0","0","0","0","0","0","0","0","10597.391250000004","11088.405000000002","1848.0674999999999","0","742.3199999999999","1148.27625","25424.45999999999","10821.63375","12151.623750000002","1677.9525","0","924.03375","1264.26375","26839.50750000001","10682.44875","10697.913749999998","1275.8625","0","726.855","815.7787500000001","24198.858749999996","0","0","0","0","0","0","0","0","0","0","0","0","0","0","0","0","0","0","0","0","0","10547.130000000005","11397.705000000004","1759.14375","0","750.0525","1252.665","25706.69625","10840.965000000002","11911.916249999998","1670.2199999999998","0","904.7024999999999","1121.2125","26449.01625","10790.70375","10968.551249999999","1248.7987500000002","0","707.5237500000001","893.10375","24608.681249999994","0","0","0","0","0","0","0","0","0","0","0","0","0","0","0","0","0","0","0","0","0","10523.932500000003","11200.526250000003","1739.8125","0","742.3199999999999","1121.2125","25327.80375000001","10922.156249999998","11598.750000000002","1720.48125","0","908.5687499999999","1275.8625","26425.818750000013","11038.143750000003","11270.11875","1202.40375","0","715.2562499999999","900.8362500000001","25126.75875","0","0","0","0","0","0","0","0","0","0","0","0","0","0","0","0","0","0","0","0","0","10697.913750000002","11892.584999999997","1840.3349999999998","0","726.855","1171.4737499999999","26329.162499999995","10964.685","12116.827500000001","1643.15625","0","951.0974999999999","1101.88125","26777.6475","10597.391250000002","10926.022500000001","1183.0724999999998","0","753.91875","924.0337499999999","24384.438749999998","0","0","0","0","0","0","0","0","0","0","0","0","0","0","0","0","0","0","0","0","0","10612.85625","11355.176250000002","1875.13125","0","757.785","1132.81125","25733.759999999995","11072.94","11656.743749999998","1600.6275","0","889.2375","1306.7925","26526.341249999998","10987.882499999998","10910.5575","1364.78625","0","869.90625","835.11","24968.24249999999","0","0","0","0","0","0","0","0","0","0","0","0","0","0","0","0","0","0","0","0","0","10454.340000000002","11355.176250000002","1724.3474999999999","0","742.3199999999999","1074.8174999999999","25351.001249999998","10597.39125","11819.126250000001","1697.2837499999998","0","974.2950000000001","1271.99625","26360.092499999988","11011.08","10245.5625","1372.51875","0","750.0525","943.365","24322.57875","0","0","0","0","0","0","0","0","0","0","0","0","0","0","0","0","0","0","0","0","0","10346.085","11660.609999999999","1824.87","0","773.25","1148.27625","25753.09124999999","10802.302499999998","11447.966250000001","1681.81875","0","958.8300000000002","1214.0025","26104.92","11235.322500000002","10489.136250000001","1302.92625","0","920.1675","989.76","24937.3125","0","0","0","0","0","0","0","0","0","0","0","0","0","0","0","0","0","0","0","0","0","10442.741250000001","11138.66625","1724.3475","0","734.5875","1237.1999999999998","25277.5425","10987.882500000005","11606.4825","1658.62125","0","896.97","1078.6837500000001","26228.640000000007","11034.2775","10829.366250000001","1241.06625","0","873.7725","970.4287499999999","24948.911249999994","0","0","0","0","0","0","0","0","0","0","0","0","0","0","0","0","0","0","0","0","0","10782.971249999999","11304.915","1848.0674999999999","0","780.9825","1125.07875","25842.015000000003","10844.831250000003","11915.7825","1658.6212500000001","0","943.365","1152.1425","26514.74250000001","10813.901250000004","11625.813749999998","1183.0725","0","819.645","881.5050000000001","25323.937500000015","0","0","0","0","0","0","0","0","0","0","0","0","0","0","0","0","0","0","0","0","0","10759.77375","11316.513750000004","1840.335","0","765.5174999999999","1159.875","25842.015000000007","11200.526249999999","12105.22875","1674.08625","0","920.1675","1210.13625","27110.14499999999","10400.2125","10404.078749999997","1291.3274999999999","0","866.04","920.1675","23881.82625","0","0","0","0","0","0","0","0","0","0","0","0","0","0","0","0","0","0","0","0","0","10821.633750000003","11718.603750000004","1832.6025","0","734.5875","1136.6775","26244.104999999996","10605.123749999999","11633.54625","1670.22","0","939.49875","1148.27625","25996.665","10442.741250000001","10779.104999999998","1384.1175","0","827.3775","974.295","24407.63625","0","0","0","0","0","0","0","0","0","0","0","0","0","0","0","0","0","0","0","0","0","10605.123750000002","11691.54","1863.5324999999998","0","780.9825","1086.41625","26027.59500000001","10550.99625","11857.788750000002","1619.95875","0","908.5687499999999","1237.1999999999998","26174.512499999993","10612.856249999999","11215.99125","1256.53125","0","804.1800000000001","924.03375","24813.59249999999","0","0","0","0","0","0","0","0","0","0","0","0","0","0","0","0","0","0","0","0","0","10570.327500000001","11266.252500000006","1801.6725","0","788.7149999999999","1156.00875","25582.97625","10798.436249999999","11212.125000000004","1674.0862499999998","0","877.63875","1275.8625","25838.148749999993","10137.307499999995","10782.971250000002","1264.2637499999998","0","738.45375","1001.35875","23924.355000000003","0","0","0","0","0","0","0","0","0","0","0","0","0","0","0","0","0","0","0","0","0","10562.595000000001","11246.921249999998","1840.335","0","726.855","1144.4099999999999","25521.11625","10810.035000000002","11869.387499999999","1685.685","0","997.4925000000001","1299.06","26661.659999999993","11034.2775","11022.678750000001","1221.735","0","765.5174999999999","920.1675","24964.376250000012","0","0","0","0","0","0","0","0","0","0","0","0","0","0","0","0","0","0","0","0","0"
,"10647.652500000006","11560.087499999998","1836.46875","0","695.925","1190.8049999999998","25930.938749999994","10477.537500000002","12402.929999999995","1716.615","0","904.7024999999999","1322.2575","26824.042499999996","10724.977499999999","10593.525","1268.13","0","862.1737499999999","966.5625","24415.36875000001","0","0","0","0","0","0","0","0","0","0","0","0","0","0","0","0","0","0","0","0","0","10508.467500000002","11614.215","1909.9275","0","742.3199999999999","1244.9325","26019.862499999996","10647.6525","11316.51375","1693.4174999999998","0","993.62625","1171.47375","25822.683750000004","10670.85","10407.945","1256.53125","0","780.9825","1005.2250000000001","24121.53375","0","0","0","0","0","0","0","0","0","0","0","0","0","0","0","0","0","0","0","0","0","10357.683750000004","11660.610000000002","1878.9975","0","765.5174999999999","1175.3400000000001","25838.148750000015","10721.111249999998","11459.565000000002","1643.15625","0","966.5625","1268.13","26058.524999999994","11014.94625","11080.6725","1175.34","0","699.79125","958.8299999999999","24929.579999999994","0","0","0","0","0","0","0","0","0","0","0","0","0","0","0","0","0","0","0","0","0","10578.06","11668.342500000002","1851.93375","0","757.785","1179.20625","26035.327499999996","10527.79875","11780.46375","1662.4875","0","912.4350000000001","1156.00875","26039.193750000006","10315.154999999999","10620.588749999999","1299.06","0","773.25","962.69625","23970.750000000007","0","0","0","0","0","0","0","0","0","0","0","0","0","0","0","0","0","0","0","0","0","10454.340000000002","11641.27875","1821.00375","0","726.855","1183.0725","25826.550000000003","11459.565","11223.723749999997","1616.0925","0","958.8299999999999","1190.805","26449.01625","10612.856249999999","10697.913749999998","1318.39125","0","773.25","885.37125","24287.782499999998","0","0","0","0","0","0","0","0","0","0","0","0","0","0","0","0","0","0","0","0","0","10674.71625","11594.883749999999","1751.4112499999999","0","765.5174999999999","1132.81125","25919.34","10535.53125","11977.6425","1542.63375","0","908.56875","1380.2512499999998","26344.627499999995","11088.404999999997","11130.93375","1291.3274999999999","0","808.0462500000001","951.0975000000001","25269.81","0","0","0","0","0","0","0","0","0","0","0","0","0","0","0","0","0","0","0","0","0","10558.728750000002","11521.425000000001","1790.0737499999998","0","742.3199999999999","1202.40375","25814.95125000001","10984.016250000004","11621.9475","1670.2199999999998","0","924.03375","1248.79875","26449.016250000015","10431.1425","10485.269999999999","1329.99","0","823.51125","966.5625000000001","24036.476249999996","0","0","0","0","0","0","0","0","0","0","0","0","0","0","0","0","0","0","0","0","0","10473.67125","11591.0175","1793.94","0","780.9825","1194.6712499999999","25834.2825","11061.341250000003","11215.99125","1693.4175","0","920.1675","1256.53125","26147.44875","10346.084999999995","10887.36","1268.1299999999999","0","784.84875","1024.55625","24310.979999999996","0","0","0","0","0","0","0","0","0","0","0","0","0","0","0","0","0","0","0","0","0","10245.562500000002","11397.705000000004","1732.08","0","719.1225","1040.02125","25134.49125000001","10694.047499999999","10910.557499999999","1643.15625","0","974.2950000000001","1237.2","25459.25625","10241.696249999997","10806.168750000003","1295.19375","0","900.8362500000001","850.575","24094.469999999998","0","0","0","0","0","0","0","0","0","0","0","0","0","0","0","0","0","0","0","0","0","10636.053750000001","12066.566250000002","1774.6087499999999","0","757.785","1183.0725","26418.086250000008","10674.716250000001","11776.5975","1589.02875","0","908.5687499999999","1221.7350000000001","26170.646249999998","10895.0925","10987.8825","1206.2700000000002","0","854.4412499999999","912.4350000000001","24856.121249999993","0","0","0","0","0","0","0","0","0","0","0","0","0","0","0","0","0","0","0","0","0","10090.912499999999","11169.596250000002","1755.2775","0","719.1225","1043.8875","24778.79625000001","10632.1875","11795.928750000003","1631.5575","0","943.3649999999999","1299.06","26302.09875000001","10299.690000000002","11107.736249999996","1291.3274999999999","0","838.97625","982.0275","24519.757500000003","0","0","0","0","0","0","0","0","0","0","0","0","0","0","0","0","0","0","0","0","0","10578.060000000001","11502.093750000002","1878.9975","0","726.855","1140.5437499999998","25826.55","10748.175","11935.113749999999","1604.4937499999999","0","893.10375","1275.8625","26456.748749999995","10187.56875","11250.787500000002","1221.735","0","846.70875","947.23125","24454.03125","0","0","0","0","0","0","0","0","0","0","0","0","0","0","0","0","0","0","0","0","0","10527.79875","10929.888749999996","1836.4687499999998","0","750.0525","1268.13","25312.338749999995","11007.213749999999","11308.781249999996","1670.2199999999998","0","904.7025000000001","1128.945","26019.862500000007","10670.85","11127.0675","1345.455","0","866.04","931.76625","24941.178749999992","0","0","0","0","0","0","0","0","0","0","0","0","0","0","0","0","0","0","0","0","0","10601.2575","11749.533750000004","1836.4687499999998","0","750.0525","1198.5375","26135.85","10554.862499999997","11366.775","1681.8187499999997","0","889.2375","1260.3975","25753.09125","10431.142500000002","11045.87625","1163.74125","0","835.11","896.97","24372.839999999993","0","0","0","0","0","0","0","0","0","0","0","0","0","0","0","0","0","0","0","0","0","10415.6775","11664.47625","1832.6025","0","750.0525","1214.0024999999998","25876.811250000006","10705.64625","11092.271249999996","1612.22625","0","935.6324999999999","1171.47375","25517.249999999993","10589.65875","11614.214999999998","1302.92625","0","838.9762499999999","1125.0787500000001","25470.854999999996","0","0","0","0","0","0","0","0","0","0","0","0","0","0","0","0","0","0","0","0","0","10991.748750000002","11594.883750000003","1821.0037499999999","0","757.785","1186.93875","26352.359999999997","10972.417500000003","11471.163749999998","1670.2199999999998","0","823.51125","1268.13","26205.442499999994","10485.27","11119.335","1237.2","0","792.58125","993.62625","24628.012499999993","0","0","0","0","0","0","0","0","0","0","0","0","0","0","0","0","0","0","0","0","0","10732.71","11749.533749999997","1755.2775","0","773.25","1217.86875","26228.64000000002","10276.492499999998","11649.011250000003","1724.3475","0","912.435","1105.7475","25668.03375000001","11451.832499999999","11057.475000000002","1283.595","0","792.5812500000001","978.16125","25563.644999999993","0","0","0","0","0","0","0","0","0","0","0","0","0","0","0","0","0","0","0","0","0","10427.276250000004","11359.0425","1828.73625","0","757.785","1206.27","25579.109999999982","10945.35375","11672.20875","1565.83125","0","935.6324999999999","1217.86875","26336.895000000004","10570.327500000001","10775.238749999999","1345.455","0","719.1225","970.4287499999999","24380.572500000002","0","0","0","0","0","0","0","0","0","0","0","0","0","0","0","0","0","0","0","0","0","10365.41625","11127.067500000001","1774.6087499999999","0","742.3199999999999","1248.79875","25258.211249999993","11065.2075","11212.125","1589.0287500000002","0","908.56875","1221.7350000000001","25996.664999999997","10848.697500000002","10554.862500000001","1391.85","0","796.4475","931.76625","24523.62375","0","0","0","0","0","0","0","0","0","0","0","0","0","0","0","0","0","0","0","0","0","10284.224999999997","11645.144999999999","1836.4687500000002","0","742.3199999999999","1210.13625","25718.295000000006","10589.658750000004","11641.278749999998","1674.08625","0","900.8362500000001","1125.0787500000001","25930.938750000005","10384.747499999998","10813.901249999999","1186.93875","0","784.84875","962.69625","24133.13249999999","0","0","0","0","0","0","0","0","0","0","0","0","0","0","0","0","0","0","0","0","0","10392.480000000003","11378.37375","1894.4625","0","719.1225","1171.4737499999999","25555.912500000006","10608.99","11548.488749999999","1519.43625","0","966.5625","1256.5312499999998","25900.008750000008","10929.88875","11436.367499999998","1244.9325","0","750.0525","1082.55","25443.791249999995","0","0","0","0","0","0","0","0","0","0","0","0","0","0","0","0","0","0","0","0","0","10396.346249999997","11316.51375","1716.6149999999998","0","757.785","1109.61375","25296.873750000006","10918.289999999999","11722.470000000003","1677.9524999999999","0","954.9637500000001","1186.9387499999998","26460.614999999998","10365.416249999998","10926.022500000001","1295.1937500000001","0","777.11625","819.645","24183.393750000003","0","0","0","0","0","0","0","0","0","0","0","0","0","0","0","0","0","0","0","0","0","10357.683750000004","11378.37375","1774.6087499999999","0","773.25","1098.015","25381.931250000012","10516.200000000003","11100.00375","1573.56375","0","912.435","1167.6075","25269.809999999994","10148.90625","10755.9075","1256.53125","0","750.0525","873.7725","23785.169999999995","0","0","0","0","0","0","0","0","0","0","0","0","0","0","0","0","0","0","0","0","0","10616.722500000002","11130.933749999998","1770.7424999999998","0","788.7149999999999","1117.3462499999998","25424.46000000001","10821.633749999995","11788.19625","1643.15625","0","924.03375","1163.7412499999998","26340.761250000007","10628.32125","10682.448749999998","1148.27625","0","711.39","885.3712499999999","24055.8075","0","0","0","0","0","0","0","0","0","0","0","0","0","0","0","0","0","0","0","0","0","10570.327500000001","11621.947500000002","1821.00375","0","719.1225","1225.60125","25958.002500000006","10794.569999999996","10976.283749999999","1627.6912499999999","0","947.2312499999999","1198.5375","25544.313750000005","10964.684999999998","10639.92","1329.99","0","800.31375","989.76","24724.668750000008","0","0","0","0","0","0","0","0","0","0","0","0","0","0","0","0","0","0","0","0","0","10755.9075","11649.01125","1790.0737499999998","0","734.5875","1241.06625","26170.64625000001","11258.52","11687.67375","1619.9587499999998","0","951.0975000000001","1194.6712499999999","26711.921250000007","11270.11875","10539.397500000003","1299.06","0","877.6387500000001","811.9124999999999","24798.127500000006","0","0","0","0","0","0","0","0","0","0","0","0","0","0","0","0","0","0","0","0","0","10477.537499999999","11567.819999999998","1902.1950000000002","0","765.5174999999999","1132.81125","25845.881250000006","11289.449999999997","11034.2775","1639.29","0","873.7724999999999","1256.53125","26093.321250000008","10721.111249999998","11123.201249999998","1283.5949999999998","0","777.11625","935.6324999999999","24840.656249999993","0","0","0","0","0","0","0","0","0","0","0","0","0","0","0","0","0","0","0","0","0","10875.761249999998","11266.2525","1763.01","0","750.0525","1159.875","25814.95125","10690.18125","11969.909999999998","1712.7487500000002","0","951.0975","1183.0725","26507.009999999995","10550.99625","10500.735","1256.53125","0","796.4475","893.10375","23997.81374999999","0","0","0","0","0","0","0","0","0","0","0","0","0","0","0","0","0","0","0","0","0","10404.078749999997","11343.577499999998","1871.265","0","719.1225","1183.0724999999998","25521.116250000017","10697.913749999998","11606.4825","1728.21375","0","877.6387500000001","1326.12375","26236.372500000005","11351.310000000003","11030.411249999997","1275.8625","0","827.3775","1051.62","25536.581250000003","0","0","0","0","0","0","0","0","0","0","0","0","0","0","0","0","0","0","0","0","0","10840.965","11734.06875","1778.4749999999997","0","742.3199999999999","1132.81125","26228.64","10902.825","11301.048750000002","1604.4937499999999","0","939.49875","1163.74125","25911.607500000002","10291.957499999999","10972.417500000003","1302.92625","0","769.38375","722.98875","24059.67375000001","0","0","0","0","0","0","0","0","0","0","0","0","0","0","0","0","0","0","0","0","0","10493.002499999999","11853.9225","1763.01","0","765.5174999999999","1322.2575000000002","26197.710000000006","10829.36625","11409.30375","1616.0924999999997","0","958.8299999999999","1121.2125","25934.805000000004","10493.0025","11324.246250000002","1287.4612499999998","0","904.7025000000001","939.49875","24948.91125","0","0","0","0","0","0","0","0","0","0","0","0","0","0","0","0","0","0","0","0","0","10392.480000000003","11571.68625","1797.8062499999996","0","757.785","1132.81125","25652.568749999995","9986.52375","11621.947499999998","1589.02875","0","935.6324999999999","1237.2","25370.332500000008","10825.5","10554.862499999997","1310.6587499999998","0","869.90625","1082.55","24643.477499999997","0","0","0","0","0","0","0","0","0","0","0","0","0","0","0","0","0","0","0","0","0","10659.25125","11366.774999999998","1732.0799999999997","0","734.5875","1167.6074999999998","25660.30125000001","10493.002499999999","11455.698749999998","1619.95875","0","985.8937500000001","1322.2575","25876.81125","10438.874999999998","11455.69875","1318.3912500000001","0","850.575","1020.69","25084.230000000003","0","0","0","0","0","0","0","0","0","0","0","0","0","0","0","0","0","0","0","0","0","10593.525000000001","11393.83875","1797.8062499999999","0","750.0525","1202.40375","25737.626249999994","10922.156249999998","11807.5275","1623.825","0","954.9637500000001","1248.79875","26557.271250000005","10666.98375","10976.283749999997","1237.2","0","831.24375","1024.55625","24736.267499999984","0","0","0","0","0","0","0","0","0","0","0","0","0","0","0","0","0","0","0","0","0","10585.792500000001","11614.215000000004","1708.8825","0","773.25","1268.1299999999999","25950.27","10628.32125","11486.628749999998","1693.4174999999998","0","858.3074999999999","1426.6462499999998","26093.321250000008","10724.9775","10694.0475","1376.385","0","715.25625","1032.28875","24542.955","0","0","0","0","0","0","0","0","0","0","0","0","0","0","0","0","0","0","0","0","0","10477.537500000002","11188.927500000002","1674.0862499999998","0","773.25","1156.00875","25269.809999999998","11096.1375","11652.877500000002","1666.35375","0","819.645","1171.4737499999999","26406.4875","10670.849999999999","10995.615","1256.53125","0","873.7725","970.42875","24767.197499999995","0","0","0","0","0","0","0","0","0","0","0","0","0","0","0","0","0","0","0","0","0","10647.652500000002","11440.233750000001","1821.00375","0","734.5875","1237.2","25880.677499999998","11397.705000000004","11958.31125","1685.685","0","989.76","1140.5437499999998","27172.005","10721.11125","11525.291249999998","1086.41625","0","850.5749999999999","1113.48","25296.87375","0","0","0","0","0","0","0","0","0","0","0","0","0","0","0","0","0","0","0","0","0","10632.187499999996","11335.845000000005","1712.7487500000002","0","773.25","1190.805","25644.83624999999","10825.500000000002","11996.973750000001","1585.1625","0","931.7662499999999","1341.58875","26680.991249999995","10670.85","10953.086249999995","1384.1174999999998","0","850.575","958.8299999999999","24817.458749999998","0","0","0","0","0","0","0","0","0","0","0","0","0","0","0","0","0","0","0","0","0","10516.2","11463.43125","1670.2199999999998","0","765.5174999999999","1163.74125","25579.11000000001","11107.736250000002","11567.819999999998","1531.0349999999999","0","1001.35875","1299.06","26507.010000000002","10496.86875","11200.526249999999","1244.9325","0","858.3075000000001","893.10375","24693.738749999993","0","0","0","0","0","0","0","0","0","0","0","0","0","0","0","0","0","0","0","0","0","10547.130000000003","11687.673750000002","1817.1375","0","765.5174999999999","1206.27","26023.728750000013","10589.658749999999","10724.977500000003","1650.88875","0","823.51125","1291.3274999999999","25080.36375000001","10891.226250000002","10964.684999999998","1310.6587499999998","0","831.2437500000001","920.1675","24917.981250000008","0","0","0","0","0","0","0","0","0","0","0","0","0","0","0","0","0","0","0","0","0","10442.741250000001","11749.53375","1774.6087499999999","0","765.5174999999999","1167.6075","25900.00875","11007.213749999999","11258.52","1685.685","0","889.2375","1268.1299999999999","26108.786250000012","10798.43625","10473.67125","1364.7862499999999","0","722.98875","1098.0149999999999","24457.897500000003","0","0","0","0","0","0","0","0","0","0","0","0","0","0","0","0","0","0","0","0","0","10647.652500000002","11784.33","1840.335","0","750.0525","1140.5437499999998","26162.91375","10713.37875","11548.488750000002","1600.6274999999998","0","966.5625","1287.4612499999998","26116.518749999992","10926.022500000001","11003.347499999998","1357.05375","0","819.645","1005.225","25111.293750000008","0","0","0","0","0","0","0","0","0","0","0","0","0","0","0","0","0","0","0","0","0","10450.473750000003","11629.68","1716.6149999999998","0","773.25","1125.07875","25695.09749999999","10883.493749999996","11540.75625","1681.81875","0","881.505","1194.67125","26182.245000000006","11277.851249999998","10802.3025","1310.6587499999998","0","854.44125","920.1675","25165.421249999992","0","0","0","0","0","0","0","0","0","0","0","0","0","0","0","0","0","0","0","0","0","10566.46125","10995.615","1890.5962499999998","0","734.5875","1128.945","25316.205","10465.938750000005","12012.43875","1705.01625","0","893.10375","1198.5375","26275.035","10550.996250000002","10810.035","1318.39125","0","896.97","885.37125","24461.76375000001","0","0","0","0","0","0","0","0","0","0","0","0","0","0","0","0","0","0","0","0","0","10578.060000000001","11904.183749999997","1716.615","0","765.5174999999999","1275.8625000000002","26240.238750000008","11057.475","11312.647500000001","1608.36","0","939.49875","1202.40375","26120.38499999999","10717.245000000003","10578.06","1264.26375","0","819.645","943.365","24322.57875","0","0","0","0","0","0","0","0","0","0","0","0","0","0","0","0","0","0","0","0","0","10732.709999999997","11741.80125","1875.13125","0","765.5174999999999","1175.34","26290.499999999996","10945.35375","11560.087499999996","1697.2837499999998","0","951.0975","1098.0149999999999","26251.837500000012","10883.493749999998","10786.8375","1364.7862499999999","0","808.04625","982.0275","24825.191250000007","0","0","0","0","0","0","0","0","0","0","0","0","0","0","0","0","0","0","0","0","0","11038.14375","11761.132499999996","1790.07375","0","726.855","1241.0662499999999","26557.27125","11057.475","11475.030000000002","1600.6275","0","951.0975000000001","1210.13625","26294.366249999992","10322.8875","11389.972500000002","1384.1175","0","769.38375","1024.55625","24890.917500000007","0","0","0","0","0","0","0","0","0","0","0","0","0","0","0","0","0","0","0","0","0","10848.697499999997","11683.8075","1848.0674999999999","0","742.3199999999999","1248.79875","26371.691249999993","10964.685000000001","11749.533749999999","1569.6975000000002","0","912.435","1206.27","26402.621249999997","10926.0225","11505.960000000001","1337.7224999999999","0","873.7725","935.6324999999999","25579.109999999993","0","0","0","0","0","0","0","0","0","0","0","0","0","0","0","0","0","0","0","0","0","10782.971249999999","11471.163750000002","1751.4112499999999","0","742.3199999999999","1210.13625","25958.002500000002","10771.3725","10906.69125","1743.67875","0","966.5625","1163.74125","25552.04625000001","10469.805","10566.461249999997","1349.32125","0","881.5050000000001","1078.6837500000001","24345.776249999988","0","0","0","0","0","0","0","0","0","0","0","0","0","0","0","0","0","0","0","0","0","10663.117499999998","11173.462500000001","1894.4624999999996","0","742.3199999999999","1190.8049999999998","25664.167499999992","10987.882499999998","11880.986250000002","1755.2774999999997","0","935.6324999999999","1322.2575000000002","26882.036250000005","10608.990000000002","10887.36","1291.3274999999999","0","773.25","896.9699999999999","24457.8975","0","0","0","0","0","0","0","0","0","0","0","0","0","0","0","0","0","0","0","0","0","10724.9775","12016.304999999998","1801.6725","0","765.5174999999999","1202.40375","26510.876250000005","10288.091250000001","11985.375","1735.94625","0","877.6387500000001","1353.1875","26240.23875","10268.76","10705.64625","1295.19375","0","796.4475","769.38375","23835.431250000005","0","0","0","0","0","0","0","0","0","0","0","0","0","0","0","0","0","0","0","0","0","10659.25125","11297.182500000004","1936.99125","0","750.0525","1206.2699999999998","25849.747499999998","10562.595","11246.921249999998","1693.4175","0","943.365","1214.0025","25660.301250000004","11142.5325","11188.9275","1264.2637499999998","0","846.70875","1005.225","25447.657499999998","0","0","0","0","0","0","0","0","0","0","0","0","0","0","0","0","0","0","0","0","0","10817.767499999998","11571.686250000002","1790.07375","0","750.0525","1167.6074999999998","26097.1875","11181.194999999998","12097.496249999997","1643.15625","0","951.0975000000001","1237.2","27110.145","11038.143750000001","11022.67875","1202.40375","0","866.04","1113.48","25242.746249999993","0","0","0","0","0","0","0","0","0","0","0","0","0","0","0","0","0","0","0","0","0","10450.473750000001","11583.285","1801.6725","0","734.5875","1221.7350000000001","25791.753749999996","10585.7925","11420.9025","1635.42375","0","885.37125","1422.78","25950.27000000001","10980.149999999998","10891.226249999996","1264.2637499999998","0","800.31375","997.4925","24933.44625","0","0","0","0","0","0","0","0","0","0","0","0","0","0","0","0","0","0","0","0","0","10203.03375","11293.31625","1824.87","0","726.855","1260.3975","25308.4725","11258.52","10941.487499999997","1728.21375","0","900.83625","1372.51875","26201.576250000016","11130.93375","10794.569999999996","1302.92625","0","846.7087499999999","978.16125","25053.3","0","0","0","0","0","0","0","0","0","0","0","0","0","0","0","0","0","0","0","0","0","10694.047499999999","11989.241249999995","1821.0037499999999","0","765.5174999999999","1148.27625","26418.08625","11014.94625","11958.31125","1654.7549999999999","0","916.30125","1384.1175000000003","26928.43125000001","11057.475","11254.653749999998","1229.4675","0","846.70875","962.6962500000001","25351.001249999994","0","0","0","0","0","0","0","0","0","0","0","0","0","0","0","0","0","0","0","0","0","10980.15","11277.851250000003","1840.335","0","750.0525","1140.54375","25988.932500000003","11038.143750000001","11227.589999999998","1639.29","0","927.9","1214.0025","26046.926250000004","10682.448750000001","11049.742499999998","1171.4737499999999","0","908.56875","985.89375","24798.127500000002","0","0","0","0","0","0","0","0","0","0","0","0","0","0","0","0","0","0","0","0","0","10709.512499999999","11869.387500000004","1878.9975","0","719.1225","1244.9325","26421.95249999999","10798.43625","11451.8325","1546.5","0","989.76","1159.875","25946.403749999994","10581.92625","10477.537500000002","1194.6712499999999","0","896.97","1028.4225000000001","24179.5275","0","0","0","0","0","0","0","0","0","0","0","0","0","0","0","0","0","0","0","0","0","10647.652500000004","11451.8325","1793.9399999999998","0","750.0525","1237.1999999999998","25880.6775","10636.053750000003","11393.83875","1647.0224999999998","0","924.0337499999998","1171.47375","25772.422499999997","11080.672499999999","11042.010000000002","1248.7987500000002","0","653.39625","924.0337499999999","24948.91125","0","0","0","0","0","0","0","0","0","0","0","0","0","0","0","0","0","0","0","0","0","10326.753749999996","11513.692499999997","1817.1375","0","773.25","1163.74125","25594.575","10949.219999999998","11815.259999999998","1666.35375","0","885.3712499999999","1183.0724999999998","26499.2775","10558.72875","10972.4175","1202.40375","0","738.45375","954.9637500000001","24426.96750000001","0","0","0","0","0","0","0","0","0","0","0","0","0","0","0","0","0","0","0","0","0","10922.156250000002","11386.10625","1786.2075","0","726.855","1140.54375","25961.868750000005","10489.136249999998","11146.398750000002","1631.5575000000001","0","924.03375","1264.2637499999998","25455.39","10423.410000000003","10813.90125","1310.6587499999998","0","838.9762499999999","982.0275","24368.973749999997","0","0","0","0","0","0","0","0","0","0","0","0","0","0","0","0","0","0","0","0","0","10713.378750000002","11942.846249999999","1863.5324999999998","0","773.25","1299.06","26592.067499999994","10740.4425","11788.19625","1701.1499999999999","0","896.97","1140.54375","26267.302499999994","11038.14375","10937.621250000002","1283.595","0","900.8362500000001","1074.8175","25235.013750000002","0","0","0","0","0","0","0","0","0","0","0","0","0","0","0","0","0","0","0","0","0","10945.35375","11637.412499999999","1728.21375","0","719.1225","1163.7412499999998","26193.843750000007","10697.91375","11536.889999999996","1604.49375","0","916.30125","1291.3274999999999","26046.926249999993","10647.6525","11366.774999999998","1244.9325000000001","0","823.51125","1020.69","25103.56125","0","0","0","0","0","0","0","0","0","0","0","0","0","0","0","0","0","0","0","0","0","10771.3725","11664.476250000002","1828.73625","0","757.785","1256.5312499999998","26278.901249999995","11053.608750000003","11386.106249999997","1596.76125","0","958.8299999999999","1156.00875","26151.315000000006","10566.461249999998","10976.283749999999","1345.455","0","881.505","1063.21875","24832.923750000005","0","0","0","0","0","0","0","0","0","0","0","0","0","0","0","0","0","0","0","0","0","10624.455","11030.41125","1898.3287500000001","0","773.25","1179.2062500000002","25505.65125000001","11196.66","11645.144999999999","1705.0162500000001","0","889.2375","1372.51875","26808.5775","10891.22625","11161.86375","1221.7350000000001","0","753.91875","862.17375","24890.91750000001","0","0","0","0","0","0","0","0","0","0","0","0","0","0","0","0","0","0","0","0","0","11100.00375","11548.488749999999","1809.4050000000002","0","750.0525","1113.48","26321.430000000004","11235.322499999997","11471.163750000002","1747.545","0","1005.2249999999999","1194.67125","26653.9275","10759.773749999997","11165.730000000005","1337.7224999999999","0","788.715","896.97","24948.911250000005","0","0","0","0","0","0","0","0","0","0","0","0","0","0","0","0","0","0","0","0","0","10334.48625","11204.392499999998","1859.6662499999998","0","750.0525","1221.735","25370.332499999993","11100.003750000002","11649.01125","1647.0225","0","924.03375","1229.4675","26549.538750000014","10694.047499999999","11273.984999999997","1322.2575","0","761.65125","695.925","24747.866250000003","0","0","0","0","0","0","0","0","0","0","0","0","0","0","0","0","0","0","0","0","0","10585.7925","11308.781250000005","1933.125","0","765.5174999999999","1136.6774999999998","25729.893750000003","10875.76125","11764.998749999993","1639.29","0","827.3775","1098.0149999999999","26205.4425","10666.983750000001","10454.340000000002","1337.7224999999999","0","811.9124999999999","873.7725","24144.731249999997","0","0","0","0","0","0","0","0","0","0","0","0","0","0","0","0","0","0","0","0","0","10493.002499999999","11239.188750000003","1828.7362499999997","0","742.3199999999999","1252.665","25555.912500000002","10968.551249999999","11718.603750000002","1631.5575","0","904.7025","1287.46125","26510.87625","11389.972500000003","10918.290000000006","1310.6587499999998","0","858.3075","912.435","25389.66375","0","0","0","0","0","0","0","0","0","0","0","0","0","0","0","0","0","0","0","0","0","10531.664999999999","11301.048750000002","1759.1437499999997","0","765.5174999999999","1156.00875","25513.383750000008","11351.309999999998","11710.871249999998","1592.895","0","885.3712499999999","1078.68375","26619.131250000006","10686.314999999999","10945.353750000002","1283.595","0","877.6387499999998","912.435","24705.337500000005","0","0","0","0","0","0","0","0","0","0","0","0","0","0","0","0","0","0","0","0","0","10489.13625","11285.58375","1875.13125","0","742.3199999999999","1156.00875","25548.18","10701.780000000002","11254.65375","1650.8887499999998","0","827.3774999999999","1206.27","25640.97000000001","10763.639999999998","10539.3975","1364.7862499999999","0","831.2437499999999","1109.61375","24608.681249999994","0","0","0","0","0","0","0","0","0","0","0","0","0","0","0","0","0","0","0","0","0","10898.958749999998","11517.558749999998","1805.5387500000002","0","757.785","1152.1425","26131.98375000001","10191.435","11579.418750000003","1542.63375","0","966.5625","1221.735","25501.78500000001","10771.3725","11053.608750000003","1283.595","0","827.3775","889.2375000000001","24825.19125","0","0","0","0","0","0","0","0","0","0","0","0","0","0","0","0","0","0","0","0","0","10508.467500000002","11444.099999999999","1770.7424999999998","0","750.0525","1229.4675","25702.829999999998","10860.29625","11884.852499999999","1569.6975000000002","0","943.3649999999999","1314.5249999999999","26572.736249999994","10666.98375","10864.162499999999","1233.33375","0","800.31375","1175.3400000000001","24740.133749999986","0","0","0","0","0","0","0","0","0","0","0","0","0","0","0","0","0","0","0","0","0","10744.308749999998","11273.985000000002","1705.01625","0","719.1225","1244.9325","25687.365","10887.359999999997","11591.0175","1604.4937499999999","0","939.49875","1159.875","26182.244999999995","10678.5825","10191.435","1283.595","0","780.9825","881.5050000000001","23816.100000000006","0","0","0","0","0","0","0","0","0","0","0","0","0","0","0","0","0","0","0","0","0","10361.550000000003","11707.005000000001","1778.475","0","765.5174999999999","1152.1425","25764.69","11200.52625","11734.068749999997","1561.9649999999997","0","904.7025","1403.44875","26804.711249999997","10396.34625","11038.143750000001","1210.13625","0","916.30125","924.03375","24484.961250000004","0","0","0","0","0","0","0","0","0","0","0","0","0","0","0","0","0","0","0","0","0","10701.78","12078.164999999997","1782.34125","0","726.855","1252.665","26541.80625","10721.11125","11389.972500000002","1550.3662499999998","0","989.76","1287.4612499999998","25938.671250000007","10322.887500000003","10790.703749999999","1183.0725","0","796.4475","831.2437500000001","23924.355000000014","0","0","0","0","0","0","0","0","0","0","0","0","0","0","0","0","0","0","0","0","0","10226.23125","11892.585000000001","1832.6025","0","780.9825","1113.48","25845.881249999988","10578.059999999998","11533.023749999995","1635.4237500000002","0","1012.9575","1101.88125","25861.34625","10794.569999999998","11691.54","1384.1174999999998","0","893.10375","877.6387500000001","25640.970000000005","0","0","0","0","0","0","0","0","0","0","0","0","0","0","0","0","0","0","0","0","0","10377.014999999998","11366.775000000001","1747.5449999999996","0","750.0525","1183.0725","25424.46000000001","10728.84375","11533.02375","1619.9587499999998","0","931.76625","1302.92625","26116.518749999992","11076.806249999998","10636.053750000003","1364.7862499999999","0","796.4475","780.9825000000001","24655.076250000002","0","0","0","0","0","0","0","0","0","0","0","0","0","0","0","0","0","0","0","0","0","10771.372500000001","11297.182500000004","1685.685","0","757.785","1175.34","25687.365000000013","10987.882500000003","11312.647500000001","1654.7549999999997","0","896.97","1156.00875","26008.26375","10717.244999999997","10558.728749999998","1322.2575","0","893.10375","947.23125","24438.566249999993","0","0","0","0","0","0","0","0","0","0","0","0","0","0","0","0","0","0","0","0","0","10628.321249999995","11301.04875","1793.9399999999998","0","734.5875","1202.40375","25660.301249999993","10562.594999999998","11749.53375","1643.15625","0","974.295","1310.65875","26240.238750000004","10682.448750000003","11011.08","1229.4675","0","896.97","1020.69","24840.65625000001","0","0","0","0","0","0","0","0","0","0","0","0","0","0","0","0","0","0","0","0","0","10616.7225","11571.68625","1836.4687500000002","0","742.3199999999999","1109.61375","25876.811249999995","10690.181249999998","11691.540000000003","1666.35375","0","881.505","1171.47375","26101.053750000003","10655.385000000002","10837.098750000001","1264.26375","0","819.645","1125.0787500000001","24701.47124999999","0","0","0","0","0","0","0","0","0","0","0","0","0","0","0","0","0","0","0","0","0","10469.804999999998","11761.132500000003","1921.52625","0","780.9825","1148.27625","26081.722500000007","10945.35375","11498.227500000003","1658.62125","0","924.03375","1194.6712499999999","26220.907500000005","11042.009999999998","10895.0925","1326.1237499999997","0","815.77875","819.645","24898.649999999998","0","0","0","0","0","0","0","0","0","0","0","0","0","0","0","0","0","0","0","0","0","10755.9075","11451.832500000002","1782.34125","0","726.855","1132.81125","25849.74749999999","10999.48125","11788.196249999997","1685.685","0","982.0274999999999","1345.4550000000002","26800.845","10435.008750000003","11463.431249999998","1256.53125","0","777.1162499999999","881.505","24813.592500000006","0","0","0","0","0","0","0","0","0","0","0","0","0","0","0","0","0","0","0","0","0","10539.397499999997","11521.425","1778.475","0","765.5174999999999","1194.6712499999999","25799.48625000001","10612.856249999997","11714.737500000001","1503.9712499999998","0","869.90625","1244.9325","25946.40375","10767.506249999997","10918.289999999997","1291.3274999999999","0","823.51125","1009.09125","24809.726249999996","0","0","0","0","0","0","0","0","0","0","0","0","0","0","0","0","0","0","0","0","0","10825.500000000002","11262.386250000005","1855.8","0","719.1225","1132.81125","25795.62","10523.9325","11490.495","1581.2962499999999","0","939.49875","1105.7475","25640.97","10926.022500000001","11146.39875","1268.1299999999999","0","885.3712499999999","1202.40375","25428.32625","0","0","0","0","0","0","0","0","0","0","0","0","0","0","0","0","0","0","0","0","0","10798.43625","10779.105000000001","1782.3412499999997","0","750.0525","1098.0149999999999","25207.949999999993","10817.767500000002","12008.572500000004","1654.7549999999999","0","896.97","1094.1487499999998","26472.213749999995","10821.633749999997","11308.78125","1256.53125","0","827.3775","904.7025","25119.02625","0","0","0","0","0","0","0","0","0","0","0","0","0","0","0","0","0","0","0","0","0","10230.0975","11741.80125","1797.8062499999999","0","780.9825","1159.875","25710.5625","10852.563750000001","11401.571249999997","1631.5575","0","912.435","1299.06","26097.1875","10477.5375","11088.404999999999","1248.79875","0","893.10375","904.7025","24612.547499999997","0","0","0","0","0","0","0","0","0","0","0","0","0","0","0","0","0","0","0","0","0","10659.251250000001","11737.935000000001","1809.4049999999997","0","773.25","1190.8049999999998","26170.64624999999","11482.762499999995","11726.33625","1589.02875","0","962.69625","1148.27625","26909.100000000006","11045.87625","10972.417499999998","1229.4675","0","722.98875","1101.88125","25072.631250000002","0","0","0","0","0","0","0","0","0","0","0","0","0","0","0","0","0","0","0","0","0","10415.6775","11227.59","1844.2012499999998","0","726.855","1144.41","25358.733750000003","10651.51875","11652.8775","1674.0862499999998","0","931.7662499999999","1260.3975","26170.646250000005","10887.359999999997","10779.105000000001","1337.7224999999999","0","746.18625","997.4925","24747.86625","0","0","0","0","0","0","0","0","0","0","0","0","0","0","0","0","0","0","0","0","0","10813.901250000004","11444.1","1774.60875","0","726.855","1148.27625","25907.741250000006","10984.016249999997","11877.119999999995","1604.4937499999999","0","885.37125","1322.2575000000002","26673.258749999997","10133.441249999998","10895.092500000002","1248.79875","0","811.9124999999999","800.31375","23889.558750000007","0","0","0","0","0","0","0","0","0","0","0","0","0","0","0","0","0","0","0","0","0","10512.333750000003","11312.6475","1766.8762499999998","0","726.855","1186.93875","25505.651250000006","10898.958750000002","11517.558750000002","1685.685","0","827.3774999999999","1302.92625","26232.506250000002","10960.818749999997","10910.557499999999","1198.5375","0","831.2437499999999","924.03375","24825.19125","0","0","0","0","0","0","0","0","0","0","0","0","0","0","0","0","0","0","0","0","0","10705.646250000002","11389.9725","1851.93375","0","750.0525","1183.0725","25880.677499999987","10980.150000000001","11877.119999999999","1627.69125","0","958.8299999999999","1252.665","26696.456250000007","10929.88875","11014.946249999999","1256.53125","0","738.45375","970.42875","24910.24875","0","0","0","0","0","0","0","0","0","0","0","0","0","0","0","0","0","0","0","0","0","10214.632499999998","11904.183749999997","1898.3287500000001","0","750.0525","1194.6712499999999","25961.86875000001","10918.289999999999","11973.776249999997","1674.08625","0","885.3712499999999","1241.0662499999999","26692.589999999997","10972.4175","11107.736250000002","1337.7224999999999","0","784.8487499999999","1043.8875","25246.612499999996","0","0","0","0","0","0","0","0","0","0","0","0","0","0","0","0","0","0","0","0","0","10593.525000000001","10991.748749999999","1851.93375","0","757.785","1082.55","25277.542500000007","11115.468749999998","11722.470000000001","1538.7675","0","931.76625","1229.4675","26537.939999999995","10871.895","11115.468749999998","1345.455","0","842.8425","1043.8874999999998","25219.548749999998","0","0","0","0","0","0","0","0","0","0","0","0","0","0","0","0","0","0","0","0","0","10465.938750000001","11436.367499999998","1732.08","0","726.855","1156.00875","25517.249999999993","10558.728750000002","11533.023750000002","1670.22","0","862.1737499999999","1167.6075","25791.753750000003","10682.44875","10299.69","1194.6712499999999","0","796.4475","908.5687500000001","23881.826249999995","0","0","0","0","0","0","0","0","0","0","0","0","0","0","0","0","0","0","0","0","0","10643.786250000003","11649.011250000003","1855.8000000000002","0","788.7149999999999","1252.665","26189.977499999994","10794.570000000002","11645.145000000002","1662.4875","0","877.6387500000001","1225.60125","26205.4425","10357.683750000002","10806.16875","1302.9262499999998","0","796.4475","1043.8875","24307.113749999997","0","0","0","0","0","0","0","0","0","0","0","0","0","0","0","0","0","0","0","0","0","10701.779999999999","11343.577500000003","1705.0162500000001","0","742.3199999999999","1275.8625","25768.556249999987","11080.6725","11594.88375","1647.0225","0","858.3075","1380.25125","26561.13750000001","10705.64625","11420.9025","1256.53125","0","896.97","970.42875","25250.478750000002","0","0","0","0","0","0","0","0","0","0","0","0","0","0","0","0","0","0","0","0","0","10423.410000000002","11324.246249999997","1766.8762499999998","0","750.0525","1202.40375","25466.98874999999","10663.1175","11552.354999999998","1596.7612499999998","0","974.295","1136.6775","25923.206249999992","10237.829999999998","10632.1875","1171.47375","0","784.8487499999999","1113.48","23939.819999999996","0","0","0","0","0","0","0","0","0","0","0","0","0","0","0","0","0","0","0","0","0","10303.556249999998","11745.667500000001","1805.53875","0","703.6575","1159.875","25718.295000000002","10883.493750000001","11730.2025","1666.35375","0","889.2375000000001","1221.7350000000001","26391.022500000003","11045.876249999998","11212.124999999998","1318.39125","0","777.11625","912.435","25265.943750000002","0","0","0","0","0","0","0","0","0","0","0","0","0","0","0","0","0","0","0","0","0","10539.397500000001","11977.642500000002","1952.4562499999997","0","773.25","1125.0787500000001","26367.824999999997","10953.086249999997","11792.062499999998","1639.29","0","889.2375","1360.92","26634.596250000006","10806.168749999999","10864.162499999999","1283.595","0","854.44125","939.49875","24747.866249999995","0","0","0","0","0","0","0","0","0","0","0","0","0","0","0","0","0","0","0","0","0"
,"10632.187500000004","11177.32875","1828.73625","0","742.3199999999999","1098.015","25478.587499999994","10755.9075","11432.501250000003","1778.475","0","962.69625","1268.13","26197.710000000014","10670.849999999997","11045.87625","1384.1174999999998","0","889.2375","958.8299999999999","24948.91124999999","0","0","0","0","0","0","0","0","0","0","0","0","0","0","0","0","0","0","0","0","0","10338.352499999997","11505.960000000005","1755.2774999999997","0","734.5875","1101.88125","25436.058750000004","11107.736249999998","11424.768750000001","1689.55125","0","877.6387500000001","1430.5125","26530.207499999993","10910.557500000004","10929.88875","1221.735","0","858.3075","927.9000000000001","24848.388749999995","0","0","0","0","0","0","0","0","0","0","0","0","0","0","0","0","0","0","0","0","0","10914.423750000002","11819.12625","1871.265","0","765.5174999999999","1105.7475","26476.08","10748.174999999997","11714.7375","1685.6849999999997","0","927.9000000000001","1229.4674999999997","26305.965","10237.829999999996","10392.480000000001","1237.2","0","734.5875","869.90625","23472.003749999996","0","0","0","0","0","0","0","0","0","0","0","0","0","0","0","0","0","0","0","0","0","11014.946249999999","11587.151249999997","1805.53875","0","734.5875","1198.5375","26340.761250000014","10987.882500000003","11958.311249999999","1561.9649999999997","0","916.30125","1314.525","26738.985000000015","10129.575","10697.91375","1283.5950000000003","0","896.97","982.0274999999999","23990.08125000001","0","0","0","0","0","0","0","0","0","0","0","0","0","0","0","0","0","0","0","0","0","10864.1625","11146.39875","1859.6662499999998","0","750.0525","1237.2","25857.479999999996","11049.742500000002","11656.743750000003","1592.8949999999998","0","908.56875","1241.0662499999999","26449.01625","10407.944999999998","10987.882499999998","1237.2","0","680.46","1059.3525","24372.839999999997","0","0","0","0","0","0","0","0","0","0","0","0","0","0","0","0","0","0","0","0","0","10527.79875","10999.481250000003","1878.9975","0","757.785","1217.8687499999999","25381.931250000005","10755.907499999998","11989.241250000003","1677.9525","0","939.49875","1329.9899999999998","26692.590000000004","10898.958749999998","10953.086250000002","1264.26375","0","777.11625","800.31375","24693.73875","0","0","0","0","0","0","0","0","0","0","0","0","0","0","0","0","0","0","0","0","0","10558.72875","11378.37375","1743.67875","0","726.855","1206.27","25613.906250000007","10462.0725","11718.603749999997","1527.16875","0","893.10375","1171.47375","25772.422500000008","11150.265000000003","10697.913750000002","1310.65875","0","815.77875","1070.9512499999998","25045.56750000001","0","0","0","0","0","0","0","0","0","0","0","0","0","0","0","0","0","0","0","0","0","10670.850000000002","11188.927500000003","1720.4812499999998","0","750.0525","1179.2062499999997","25509.517500000005","10724.977500000003","11440.233750000001","1600.6274999999998","0","935.6324999999999","1179.20625","25880.677500000005","10987.8825","11285.583750000002","1190.8049999999998","0","711.39","850.5749999999999","25026.236249999994","0","0","0","0","0","0","0","0","0","0","0","0","0","0","0","0","0","0","0","0","0","10520.066250000002","11111.6025","1739.8125","0","726.855","1206.27","25304.606249999993","10450.473750000003","11726.33625","1685.685","0","978.1612499999999","1322.2575000000002","26162.913750000003","11185.06125","10840.965000000002","1299.0600000000002","0","753.91875","1113.48","25192.484999999997","0","0","0","0","0","0","0","0","0","0","0","0","0","0","0","0","0","0","0","0","0","10871.895","11262.386250000003","1813.2712500000002","0","750.0525","1159.875","25857.480000000003","10465.938750000003","11811.393750000001","1654.755","0","1001.35875","1295.19375","26228.640000000007","10659.251250000001","10976.283749999999","1283.595","0","835.11","958.8299999999999","24713.069999999992","0","0","0","0","0","0","0","0","0","0","0","0","0","0","0","0","0","0","0","0","0","10361.549999999997","11320.38","1805.5387500000002","0","780.9825","1163.7412499999998","25432.192499999997","11030.411250000001","11250.7875","1600.6275","0","912.435","1244.9325000000001","26039.193750000002","10303.55625","10666.983749999998","1329.9899999999998","0","707.5237500000001","935.6324999999999","23943.686249999995","0","0","0","0","0","0","0","0","0","0","0","0","0","0","0","0","0","0","0","0","0","10431.1425","11884.8525","1739.8125","0","773.25","1198.5375","26027.595","10666.983749999996","11679.941249999998","1662.4874999999997","0","927.9","1372.5187500000002","26309.83125000001","10837.09875","10632.1875","1310.6587499999998","0","777.11625","838.97625","24396.037500000002","0","0","0","0","0","0","0","0","0","0","0","0","0","0","0","0","0","0","0","0","0","10643.786250000001","11161.863750000002","1875.13125","0","750.0525","1295.19375","25726.02750000001","10902.825000000003","12194.152500000002","1647.0225","0","966.5625","1268.1299999999999","26978.692499999994","10694.047500000002","10898.958749999998","1252.665","0","699.79125","1078.68375","24624.146250000005","0","0","0","0","0","0","0","0","0","0","0","0","0","0","0","0","0","0","0","0","0","10829.366250000003","10860.296249999998","1832.6024999999997","0","742.3199999999999","1121.2124999999999","25385.797500000004","10330.62","11587.15125","1778.4750000000001","0","896.9699999999999","1210.13625","25803.352500000005","10574.193749999997","10968.551250000002","1275.8625","0","850.575","1028.4225000000001","24697.605","0","0","0","0","0","0","0","0","0","0","0","0","0","0","0","0","0","0","0","0","0","10315.155","11737.935","1778.475","0","750.0525","1214.0025","25795.619999999995","10504.601250000002","11776.597499999998","1708.8825000000002","0","943.365","1217.8687499999999","26151.314999999995","10902.824999999997","10597.391250000006","1271.99625","0","827.3775","862.17375","24461.76375000001","0","0","0","0","0","0","0","0","0","0","0","0","0","0","0","0","0","0","0","0","0","10454.339999999998","11459.565","1909.9275","0","773.25","1144.4099999999999","25741.492500000008","10864.1625","12078.165","1662.4875","0","924.03375","1295.1937500000001","26824.042500000014","10454.339999999997","11030.41125","1364.7862499999999","0","846.7087499999999","1148.27625","24844.522499999985","0","0","0","0","0","0","0","0","0","0","0","0","0","0","0","0","0","0","0","0","0","10562.595000000001","11699.2725","1851.9337499999997","0","750.0525","1156.00875","26019.86250000001","10701.780000000002","12170.955000000004","1712.74875","0","881.505","1268.1299999999999","26735.118750000012","10953.086249999998","10152.772499999997","1329.99","0","873.7725","1036.155","24345.77625","0","0","0","0","0","0","0","0","0","0","0","0","0","0","0","0","0","0","0","0","0","10589.65875","10972.417499999998","1755.2774999999997","0","750.0525","1190.8049999999998","25258.211249999997","10419.54375","11475.029999999999","1523.3024999999998","0","958.8299999999999","1349.3212499999997","25726.0275","10786.8375","10906.69125","1384.1174999999998","0","819.645","974.295","24871.586249999997","0","0","0","0","0","0","0","0","0","0","0","0","0","0","0","0","0","0","0","0","0","10705.646249999998","11161.863750000002","1902.195","0","750.0525","1248.79875","25768.55625000001","11270.11875","11722.470000000003","1724.3474999999999","0","924.03375","1252.665","26893.635","10794.57","11142.532499999996","1384.1174999999998","0","827.3775","885.37125","25033.968749999993","0","0","0","0","0","0","0","0","0","0","0","0","0","0","0","0","0","0","0","0","0","10709.512500000004","11726.336250000004","1906.06125","0","742.3199999999999","1144.41","26228.64","10632.1875","11397.705000000002","1577.4299999999998","0","970.42875","1221.7350000000001","25799.486249999994","10087.04625","11142.532500000001","1210.13625","0","804.1800000000001","974.295","24218.189999999984","0","0","0","0","0","0","0","0","0","0","0","0","0","0","0","0","0","0","0","0","0","10663.1175","11266.252499999999","1728.2137500000001","0","750.0525","1206.2700000000002","25613.906250000004","11049.7425","11668.342499999999","1569.6975","0","854.4412500000001","1241.0662499999999","26383.29","10887.360000000002","11142.5325","1264.26375","0","850.5749999999999","1082.55","25227.281250000007","0","0","0","0","0","0","0","0","0","0","0","0","0","0","0","0","0","0","0","0","0","10690.18125","11301.048749999998","1786.2075","0","742.3199999999999","1167.6074999999998","25687.365000000005","10987.882500000002","11092.27125","1608.3600000000001","0","985.8937500000001","1156.00875","25830.41625","10709.512500000003","11011.079999999998","1329.99","0","746.18625","896.97","24693.738750000004","0","0","0","0","0","0","0","0","0","0","0","0","0","0","0","0","0","0","0","0","0","10643.78625","11304.915","1728.21375","0","750.0525","1206.27","25633.2375","10902.825","11529.157499999998","1565.83125","0","885.3712499999999","1244.9325","26128.117499999997","10964.685","11018.812500000002","1310.65875","0","900.8362500000001","850.575","25045.567500000005","0","0","0","0","0","0","0","0","0","0","0","0","0","0","0","0","0","0","0","0","0","10678.582500000002","11610.348749999997","1732.0799999999997","0","695.925","1225.60125","25942.537500000002","11130.93375","11946.712500000001","1732.08","0","920.1675","1256.53125","26986.425","10767.50625","10910.5575","1283.595","0","831.2437500000001","1020.69","24813.592500000006","0","0","0","0","0","0","0","0","0","0","0","0","0","0","0","0","0","0","0","0","0","10520.06625","11625.813750000001","1778.475","0","765.5174999999999","1098.0149999999999","25787.887500000008","10980.150000000001","11053.60875","1670.2199999999998","0","908.56875","1225.6012500000002","25838.148750000004","10740.442500000003","10860.296249999998","1217.8687499999999","0","850.575","997.4925000000001","24666.675000000007","0","0","0","0","0","0","0","0","0","0","0","0","0","0","0","0","0","0","0","0","0","10717.245000000003","11096.137499999999","1782.3412499999997","0","726.855","1183.0725","25505.65125","10404.078749999999","11455.698750000003","1763.01","0","985.8937500000001","1229.4675000000002","25838.148749999993","10984.016250000002","11154.131249999997","1244.9325","0","699.79125","1005.225","25088.096250000002","0","0","0","0","0","0","0","0","0","0","0","0","0","0","0","0","0","0","0","0","0","10450.473750000005","11591.017500000002","1813.2712499999998","0","726.855","1237.2","25818.817499999997","10929.888750000002","11730.202499999998","1720.4812499999998","0","943.365","1221.7350000000001","26545.672500000015","10736.57625","10813.901250000003","1140.54375","0","811.9124999999999","1113.48","24616.413749999996","0","0","0","0","0","0","0","0","0","0","0","0","0","0","0","0","0","0","0","0","0","10392.479999999998","11780.463750000003","1747.545","0","742.3199999999999","1186.93875","25849.747499999998","10694.0475","11989.24125","1650.8887499999998","0","924.03375","1337.7224999999999","26595.933750000007","10554.862499999997","11134.8","1156.00875","0","811.9125","881.505","24539.088750000006","0","0","0","0","0","0","0","0","0","0","0","0","0","0","0","0","0","0","0","0","0","10581.926250000002","11591.017500000002","1867.39875","0","788.7149999999999","1171.47375","26000.531249999985","10566.461250000002","11610.34875","1589.02875","0","893.10375","1372.51875","26031.461249999997","10856.430000000002","11432.501250000003","1318.3912500000001","0","773.25","962.69625","25343.268749999996","0","0","0","0","0","0","0","0","0","0","0","0","0","0","0","0","0","0","0","0","0","10531.665","11243.055","1821.0037499999999","0","757.785","1198.5375","25552.04625","10554.8625","12232.815","1639.2899999999997","0","920.1675","1329.99","26677.125000000007","11219.8575","10713.378749999998","1233.33375","0","804.18","858.3075","24829.057499999995","0","0","0","0","0","0","0","0","0","0","0","0","0","0","0","0","0","0","0","0","0","10450.473750000001","11633.546250000003","1766.8762499999998","0","726.855","1148.27625","25726.027500000004","10701.780000000002","11219.857500000004","1577.4299999999998","0","939.49875","1268.13","25706.69625000001","10694.047500000002","10612.856249999995","1357.05375","0","823.5112499999999","1070.95125","24558.420000000013","0","0","0","0","0","0","0","0","0","0","0","0","0","0","0","0","0","0","0","0","0","10261.0275","11656.743750000001","1882.86375","0","703.6575","1306.7925","25811.085","10512.33375","11660.61","1623.825","0","920.1675","1148.27625","25865.2125","10968.551249999999","10728.843749999998","1322.2575000000002","0","738.45375","862.17375","24620.279999999995","0","0","0","0","0","0","0","0","0","0","0","0","0","0","0","0","0","0","0","0","0","10357.683750000004","10694.0475","1848.0674999999999","0","750.0525","1229.4675","24879.318750000002","10581.926250000002","11764.998749999995","1623.825","0","916.30125","1252.665","26139.71625","10357.683749999998","10786.8375","1337.7224999999999","0","835.1100000000001","1237.1999999999998","24554.553749999995","0","0","0","0","0","0","0","0","0","0","0","0","0","0","0","0","0","0","0","0","0","10612.85625","11625.813750000001","1805.53875","0","773.25","1206.27","26023.72875","10659.251250000001","11293.316249999998","1654.755","0","1009.09125","1125.0787500000001","25741.492499999993","10848.697499999998","10813.901249999999","1264.26375","0","808.0462500000001","1078.68375","24813.592500000002","0","0","0","0","0","0","0","0","0","0","0","0","0","0","0","0","0","0","0","0","0","10377.015000000001","11219.8575","1770.7424999999998","0","734.5875","1214.0025","25316.204999999998","11088.404999999999","12012.438749999996","1720.4812499999998","0","958.8299999999999","1125.0787500000001","26905.233750000003","10415.677500000002","10570.327500000001","1372.51875","0","866.04","1063.21875","24287.782499999994","0","0","0","0","0","0","0","0","0","0","0","0","0","0","0","0","0","0","0","0","0","10500.735000000002","11958.31125","1878.9974999999997","0","757.785","1186.93875","26282.767499999998","11007.21375","11594.883749999999","1627.69125","0","885.3712500000001","1295.19375","26410.353749999995","10918.289999999999","10926.0225","1210.13625","0","680.46","1009.0912500000001","24744.00000000001","0","0","0","0","0","0","0","0","0","0","0","0","0","0","0","0","0","0","0","0","0","10562.594999999998","11838.457499999999","1855.8000000000002","0","750.0525","1244.9325","26251.837499999994","10906.69125","11579.418749999997","1619.95875","0","889.2375","1260.3975","26255.703750000004","11111.602499999999","11243.055","1256.53125","0","815.77875","893.1037499999999","25320.071250000008","0","0","0","0","0","0","0","0","0","0","0","0","0","0","0","0","0","0","0","0","0","10241.696250000005","11362.908750000004","1805.53875","0","742.3199999999999","1214.0025","25366.466250000016","10709.5125","11513.6925","1739.8125","0","954.9637499999999","1144.4099999999999","26062.391250000004","10411.811249999999","10976.28375","1271.9962500000001","0","796.4475","1001.3587500000001","24457.89749999999","0","0","0","0","0","0","0","0","0","0","0","0","0","0","0","0","0","0","0","0","0","10763.640000000003","11513.692500000001","1909.9274999999998","0","750.0525","1070.9512499999998","26008.263750000006","11080.672500000002","11842.323749999998","1635.4237499999997","0","947.23125","1256.53125","26762.1825","10411.811249999999","10701.779999999999","1287.46125","0","815.77875","831.24375","24048.074999999997","0","0","0","0","0","0","0","0","0","0","0","0","0","0","0","0","0","0","0","0","0","10392.48","11405.4375","1759.1437499999997","0","719.1225","1217.86875","25494.05250000001","10338.352500000003","11591.017500000002","1647.0225","0","966.5625","1252.665","25795.62","10423.410000000002","10767.50625","1299.0599999999997","0","757.7850000000001","916.30125","24164.0625","0","0","0","0","0","0","0","0","0","0","0","0","0","0","0","0","0","0","0","0","0","10701.779999999999","11200.526250000003","1801.6724999999997","0","750.0525","1159.875","25613.906249999993","11281.7175","11842.323750000001","1712.74875","0","1001.35875","1333.85625","27172.005000000012","10636.053750000001","10918.289999999997","1275.8625000000002","0","869.90625","974.295","24674.407500000012","0","0","0","0","0","0","0","0","0","0","0","0","0","0","0","0","0","0","0","0","0","10357.68375","11328.1125","1759.14375","0","750.0525","1128.945","25323.937500000007","10891.226249999998","11772.731249999999","1643.1562499999998","0","962.6962500000001","1372.51875","26642.328750000008","10694.047500000002","10895.092499999999","1256.53125","0","688.1925","1016.82375","24550.687499999996","0","0","0","0","0","0","0","0","0","0","0","0","0","0","0","0","0","0","0","0","0","10539.3975","11792.062500000002","1790.0737499999998","0","750.0525","1194.6712499999999","26066.25749999999","11212.125","11567.820000000003","1732.08","0","931.76625","1341.58875","26785.38000000001","10910.557499999997","10995.615","1318.39125","0","780.9825","985.89375","24991.43999999999","0","0","0","0","0","0","0","0","0","0","0","0","0","0","0","0","0","0","0","0","0","10342.218749999998","11776.597499999998","1801.6725000000001","0","726.855","1175.34","25822.68375","11231.456250000003","11281.717499999999","1770.7424999999998","0","939.49875","1271.9962500000001","26495.411249999997","10423.409999999996","10926.022499999997","1229.4675","0","885.3712499999999","935.6324999999999","24399.903749999987","0","0","0","0","0","0","0","0","0","0","0","0","0","0","0","0","0","0","0","0","0","10647.652499999998","11710.871250000002","1878.9975","0","719.1225","1198.5375","26155.181249999998","11107.736250000002","11540.756249999999","1616.0925","0","939.49875","1264.26375","26468.347499999993","10748.175","10446.607499999996","1237.2000000000003","0","734.5875","1098.0149999999999","24264.585","0","0","0","0","0","0","0","0","0","0","0","0","0","0","0","0","0","0","0","0","0","10643.786250000001","11146.398750000004","1836.46875","0","773.25","1140.54375","25540.447500000002","10388.61375","11873.25375","1658.6212500000001","0","900.8362500000001","1252.665","26073.989999999994","10810.034999999998","10087.046250000003","1364.7862499999999","0","850.575","1070.95125","24183.393749999985","0","0","0","0","0","0","0","0","0","0","0","0","0","0","0","0","0","0","0","0","0","10647.6525","11447.966250000001","1863.5324999999998","0","773.25","1175.34","25907.741250000006","10848.697499999997","11579.418749999999","1739.8124999999998","0","931.76625","1229.4675","26329.162500000002","11212.125","10798.436249999999","1291.3274999999999","0","800.31375","1090.2825","25192.485000000004","0","0","0","0","0","0","0","0","0","0","0","0","0","0","0","0","0","0","0","0","0","10605.12375","11111.602499999999","1867.3987499999998","0","742.3199999999999","1152.1425","25478.587500000012","10597.39125","11107.73625","1635.42375","0","896.97","1156.00875","25393.53000000001","10945.353749999997","10999.481249999999","1337.7224999999999","0","808.04625","1005.2250000000001","25095.828750000015","0","0","0","0","0","0","0","0","0","0","0","0","0","0","0","0","0","0","0","0","0","10674.716249999996","11235.322499999998","1894.4625","0","765.5174999999999","1275.8625000000002","25845.88125000001","10736.576250000002","11517.558750000004","1666.35375","0","920.1675","1295.19375","26135.850000000002","10902.825","10933.755","1306.7925","0","858.3075","954.9637500000001","24956.64375000001","0","0","0","0","0","0","0","0","0","0","0","0","0","0","0","0","0","0","0","0","0","10566.461249999997","10898.95875","1824.8699999999997","0","757.785","1264.26375","25312.33875000001","10864.162500000002","11993.107500000004","1550.36625","0","970.42875","1353.1874999999998","26731.25249999999","10771.3725","11297.182499999999","1326.12375","0","846.70875","1055.48625","25296.873750000002","0","0","0","0","0","0","0","0","0","0","0","0","0","0","0","0","0","0","0","0","0","10860.296250000001","11544.622500000001","1844.20125","0","750.0525","1121.2125","26120.385","10334.48625","11420.9025","1577.4299999999998","0","912.435","1121.2125","25366.466249999994","10821.633749999997","10597.391250000004","1349.32125","0","769.38375","1047.75375","24585.483749999996","0","0","0","0","0","0","0","0","0","0","0","0","0","0","0","0","0","0","0","0","0","10636.053750000003","11343.577500000003","1882.8637499999998","0","750.0525","1225.60125","25838.14875000001","10987.882499999998","11258.519999999999","1751.41125","0","912.435","1279.72875","26189.97750000001","10593.524999999996","10937.621250000002","1349.3212500000002","0","796.4475","1032.28875","24709.203750000004","0","0","0","0","0","0","0","0","0","0","0","0","0","0","0","0","0","0","0","0","0","10249.428750000001","11904.183750000006","1778.475","0","750.0525","1105.7475","25787.887499999993","11200.52625","11668.342499999997","1712.74875","0","943.365","1233.33375","26758.31625","10438.875000000002","10678.5825","1345.455","0","757.7850000000001","924.03375","24144.73125","0","0","0","0","0","0","0","0","0","0","0","0","0","0","0","0","0","0","0","0","0","10539.397500000003","11301.048750000002","1797.8062499999999","0","750.0525","1260.3975","25648.702499999996","10856.429999999998","11672.208749999998","1573.5637499999998","0","896.97","1279.72875","26278.901250000003","10987.882499999998","10960.81875","1291.3274999999999","0","788.7149999999999","951.0975","24979.841249999994","0","0","0","0","0","0","0","0","0","0","0","0","0","0","0","0","0","0","0","0","0","10763.639999999998","11185.061250000004","1859.6662500000002","0","750.0525","1248.79875","25807.21875","10728.84375","11490.495000000004","1538.7675","0","792.58125","1198.5375","25749.224999999984","10728.84375","10968.551250000002","1244.9325","0","753.91875","1067.085","24763.33125","0","0","0","0","0","0","0","0","0","0","0","0","0","0","0","0","0","0","0","0","0","10810.035","11629.679999999998","1797.8062499999999","0","757.785","1090.2825","26085.58875","11146.398749999998","12170.955","1627.69125","0","904.7025","1175.34","27025.08749999999","10647.6525","11192.793749999999","1384.1174999999998","0","873.7725","881.5050000000001","24979.841249999994","0","0","0","0","0","0","0","0","0","0","0","0","0","0","0","0","0","0","0","0","0","10883.49375","11374.507500000003","1886.73","0","742.3199999999999","1152.1425","26039.193750000002","10922.156249999998","11347.443749999997","1581.29625","0","881.505","1159.875","25892.27624999999","10926.022500000003","11150.264999999998","1341.5887500000001","0","831.24375","1051.62","25300.739999999994","0","0","0","0","0","0","0","0","0","0","0","0","0","0","0","0","0","0","0","0","0","10531.665000000003","11695.406249999998","1805.53875","0","750.0525","1179.20625","25961.868750000005","11212.125","11606.4825","1616.0925","0","947.23125","1241.06625","26622.99750000001","10856.43","10740.442499999997","1326.1237499999997","0","838.9762499999999","1113.48","24875.452499999996","0","0","0","0","0","0","0","0","0","0","0","0","0","0","0","0","0","0","0","0","0","10678.5825","11351.31","1909.9275000000002","0","726.855","1152.1425","25818.817500000012","10628.32125","11594.88375","1627.6912499999999","0","947.23125","1260.3975","26058.525000000005","10694.047500000002","10821.633749999997","1202.40375","0","726.855","873.7725","24318.712499999998","0","0","0","0","0","0","0","0","0","0","0","0","0","0","0","0","0","0","0","0","0","10516.199999999999","11401.571249999999","1786.2075","0","757.785","1229.4675","25691.231250000015","10713.378749999998","11676.074999999999","1538.7675","0","935.6324999999999","1214.0025","26077.85624999999","10941.487500000001","10782.971249999999","1391.85","0","792.58125","908.5687499999999","24817.458749999998","0","0","0","0","0","0","0","0","0","0","0","0","0","0","0","0","0","0","0","0","0","10724.977499999997","11730.202500000001","1790.07375","0","780.9825","1206.27","26232.506249999988","10887.359999999999","12213.483749999998","1685.685","0","935.6324999999999","1229.4675","26951.628749999996","10578.06","11026.544999999998","1345.4550000000002","0","877.6387500000001","962.69625","24790.395000000004","0","0","0","0","0","0","0","0","0","0","0","0","0","0","0","0","0","0","0","0","0","10701.78","11262.386250000001","1817.1375","0","703.6575","1148.27625","25633.23750000001","11038.143750000001","11196.660000000003","1608.36","0","974.2950000000001","1082.55","25900.00874999999","10728.84375","11107.736249999996","1183.0725","0","858.3075000000001","885.37125","24763.331249999992","0","0","0","0","0","0","0","0","0","0","0","0","0","0","0","0","0","0","0","0","0","10589.658749999999","11718.603750000002","1793.94","0","780.9825","1128.945","26012.130000000005","11475.029999999999","11737.935000000001","1693.4175","0","978.1612499999999","1194.6712499999999","27079.214999999997","10407.945000000002","11065.207499999997","1326.12375","0","877.6387500000001","970.42875","24647.34375","0","0","0","0","0","0","0","0","0","0","0","0","0","0","0","0","0","0","0","0","0","10705.646249999996","11115.468750000004","1724.3475","0","719.1225","1121.2125","25385.7975","10929.88875","11850.05625","1677.9525","0","881.505","1322.2575","26661.660000000007","10806.168749999999","11181.195","1206.27","0","811.9125","1063.21875","25068.76500000001","0","0","0","0","0","0","0","0","0","0","0","0","0","0","0","0","0","0","0","0","0","10419.543750000003","11884.8525","1755.2775","0","750.0525","1144.4099999999999","25954.136250000003","10666.983749999998","11819.126249999998","1573.56375","0","908.5687499999999","1186.93875","26155.18125","10628.32125","10539.397500000001","1295.1937500000001","0","842.8425","1063.21875","24368.973749999997","0","0","0","0","0","0","0","0","0","0","0","0","0","0","0","0","0","0","0","0","0","10775.238749999997","11142.532500000003","1878.9975","0","765.5174999999999","1241.06625","25803.352500000015","10798.43625","11529.157500000001","1801.6725","0","935.6324999999999","1279.72875","26344.627500000013","10612.85625","10898.958750000003","1275.8625000000002","0","761.65125","1036.155","24585.483750000003","0","0","0","0","0","0","0","0","0","0","0","0","0","0","0","0","0","0","0","0","0","10380.881249999999","11266.252499999999","1894.4624999999999","0","750.0525","1109.6137499999998","25401.262499999983","10825.500000000004","11312.647500000003","1635.42375","0","877.63875","1318.39125","25969.60125","10724.9775","11080.672499999999","1306.7924999999998","0","916.30125","935.6324999999999","24964.376249999994","0","0","0","0","0","0","0","0","0","0","0","0","0","0","0","0","0","0","0","0","0","10686.314999999997","11533.023750000004","1975.65375","0","742.3199999999999","1101.88125","26039.193750000002","10659.251249999998","11575.552499999996","1674.0862499999998","0","854.4412500000001","1291.3274999999999","26054.658750000006","10759.773749999997","11177.328749999999","1345.455","0","862.1737499999999","827.3775","24972.10875","0","0","0","0","0","0","0","0","0","0","0","0","0","0","0","0","0","0","0","0","0","10666.983750000003","11486.628750000003","1855.7999999999997","0","750.0525","1128.9450000000002","25888.409999999993","10520.066250000002","11440.233749999998","1558.0987499999999","0","935.6324999999999","1279.72875","25733.760000000006","10612.856250000004","10887.359999999997","1345.455","0","808.0462499999999","1036.155","24689.8725","0","0","0","0","0","0","0","0","0","0","0","0","0","0","0","0","0","0","0","0","0","10172.103749999998","11583.285","1770.7425","0","750.0525","1210.13625","25486.320000000003","10898.95875","11799.795","1685.685","0","935.6324999999999","1302.92625","26622.99750000001","10183.702499999998","11150.265","1279.72875","0","757.785","1109.61375","24481.094999999994","0","0","0","0","0","0","0","0","0","0","0","0","0","0","0","0","0","0","0","0","0","10589.65875","11807.5275","1875.13125","0","757.785","1163.74125","26193.843749999993","10902.825000000003","11606.482499999998","1639.2899999999997","0","885.37125","1244.9325","26278.901250000006","10326.753749999998","10543.263749999998","1329.99","0","858.3075","877.63875","23935.95375","0","0","0","0","0","0","0","0","0","0","0","0","0","0","0","0","0","0","0","0","0","10984.01625","10871.894999999999","1817.1375000000003","0","773.25","1268.1299999999999","25714.428750000003","11014.946250000005","11397.705000000004","1623.825","0","962.6962500000001","1171.4737499999999","26170.64625","10450.473750000001","10462.0725","1329.9899999999998","0","757.7850000000001","1117.34625","24117.667499999996","0","0","0","0","0","0","0","0","0","0","0","0","0","0","0","0","0","0","0","0","0","11003.347500000002","11138.66625","1790.0737499999998","0","750.0525","1094.14875","25776.288749999996","11123.20125","11262.386249999998","1720.4812499999998","0","920.1675","1210.1362499999998","26236.37250000001","10620.58875","10786.837500000001","1349.32125","0","858.3074999999999","1214.0025","24829.057499999984","0","0","0","0","0","0","0","0","0","0","0","0","0","0","0","0","0","0","0","0","0","10388.613750000004","11308.78125","1732.08","0","750.0525","1225.60125","25405.12875","10632.187500000002","11575.552500000003","1674.08625","0","927.8999999999999","1152.1425000000002","25961.86874999999","10732.709999999997","10821.633749999999","1237.2","0","831.24375","1043.8875","24666.675000000003","0","0","0","0","0","0","0","0","0","0","0","0","0","0","0","0","0","0","0","0","0","10856.430000000004","11459.564999999997","1817.1374999999998","0","773.25","1105.7475","26012.130000000005","10984.01625","11722.469999999996","1666.35375","0","989.76","1306.7925","26669.392499999998","10454.34","11061.341250000001","1329.9899999999998","0","842.8425","916.30125","24604.815000000002","0","0","0","0","0","0","0","0","0","0","0","0","0","0","0","0","0","0","0","0","0","10566.461249999998","11587.151249999999","1848.0674999999997","0","726.855","1171.47375","25900.008749999997","10837.098750000001","11293.31625","1693.4174999999998","0","927.9","1206.27","25958.00250000001","10697.91375","10724.9775","1291.3274999999999","0","808.0462500000001","908.56875","24430.833749999994","0","0","0","0","0","0","0","0","0","0","0","0","0","0","0","0","0","0","0","0","0","10365.416249999998","11258.520000000004","1855.8","0","773.25","1233.33375","25486.32","11123.20125","12348.802499999998","1712.74875","0","978.1612499999999","1241.06625","27403.979999999996","11065.2075","10906.69125","1310.6587499999998","0","873.7725","1113.48","25269.809999999998","0","0","0","0","0","0","0","0","0","0","0","0","0","0","0","0","0","0","0","0","0","10578.060000000001","12341.07","1828.73625","0","726.855","1217.8687499999999","26692.59000000001","10817.7675","11335.845","1708.8825","0","904.7025","1287.46125","26054.658750000006","10895.0925","10632.187499999998","1326.1237499999997","0","780.9825000000001","924.03375","24558.420000000002","0","0","0","0","0","0","0","0","0","0","0","0","0","0","0","0","0","0","0","0","0","10759.77375","11795.928750000001","1766.87625","0","742.3199999999999","1217.86875","26282.767500000013","10991.748750000002","11536.890000000007","1677.9525","0","904.7025000000001","1244.9325","26356.226249999996","10922.15625","10431.142499999996","1256.53125","0","800.31375","1024.55625","24434.699999999993","0","0","0","0","0","0","0","0","0","0","0","0","0","0","0","0","0","0","0","0","0","10701.779999999997","10868.028750000001","1817.1374999999998","0","719.1225","1125.0787500000001","25231.1475","10856.429999999997","11042.01","1577.4299999999998","0","943.365","1248.79875","25668.03375000001","10728.843750000002","10871.895","1326.1237499999997","0","815.7787500000001","862.1737499999999","24604.815","0","0","0","0","0","0","0","0","0","0","0","0","0","0","0","0","0","0","0","0","0","10790.703749999995","11475.030000000006","1832.6024999999997","0","703.6575","1125.07875","25927.072499999995","11188.9275","11981.50875","1728.21375","0","908.5687499999999","1244.9325","27052.15125","10910.557499999999","10902.824999999995","1345.455","0","858.3075","1047.7537499999999","25064.898750000008","0","0","0","0","0","0","0","0","0","0","0","0","0","0","0","0","0","0","0","0","0","10713.378750000002","11880.986249999998","1801.6725","0","719.1225","1179.20625","26294.36625","10914.423750000002","10744.30875","1639.2900000000002","0","904.7025","1233.33375","25436.058750000004","10848.697500000002","10218.498749999999","1345.455","0","850.575","788.7149999999999","24051.94125","0","0","0","0","0","0","0","0","0","0","0","0","0","0","0","0","0","0","0","0","0","10597.39125","11591.017500000002","1832.6025","0","780.9825","1175.34","25977.333749999998","10883.49375","11695.406249999998","1732.08","0","974.295","1302.92625","26588.201250000002","10338.352500000005","11030.41125","1256.5312500000002","0","970.42875","1070.95125","24666.674999999992","0","0","0","0","0","0","0","0","0","0","0","0","0","0","0","0","0","0","0","0","0","10732.71","11331.978750000002","1797.80625","0","757.785","1132.81125","25753.09125","10562.595000000003","12236.68125","1585.1625000000001","0","931.76625","1314.5249999999999","26630.730000000003","10995.615000000002","10682.44875","1302.92625","0","850.575","1156.00875","24987.573750000007","0","0","0","0","0","0","0","0","0","0","0","0","0","0","0","0","0","0","0","0","0","10682.448750000005","11703.138750000002","1840.335","0","773.25","1183.0725","26182.24499999999","10848.697499999998","12031.769999999999","1712.74875","0","904.7025","1372.51875","26870.437500000004","10875.761249999998","10744.30875","1283.5949999999998","0","931.76625","1090.2825","24925.71375","0","0","0","0","0","0","0","0","0","0","0","0","0","0","0","0","0","0","0","0","0","10523.9325","11471.163750000002","1832.6024999999997","0","757.785","1132.81125","25718.29500000001","10833.2325","11591.0175","1670.22","0","931.7662500000001","1453.71","26479.946250000008","10875.761249999996","11389.972499999998","1310.65875","0","792.58125","896.97","25265.94375","0","0","0","0","0","0","0","0","0","0","0","0","0","0","0","0","0","0","0","0","0","10291.9575","11304.915000000003","1832.6025000000002","0","742.3199999999999","1214.0025","25385.797499999986","10686.314999999999","11204.392500000002","1693.4175","0","951.0975000000001","1067.0849999999998","25602.3075","10137.3075","10953.086249999993","1229.4675000000002","0","792.58125","993.62625","24106.06875","0","0","0","0","0","0","0","0","0","0","0","0","0","0","0","0","0","0","0","0","0","10976.283749999999","11683.807499999999","1886.7299999999998","0","742.3199999999999","1214.0024999999998","26503.143750000007","11397.705","11258.52","1674.08625","0","889.2375","1372.5187499999997","26592.067500000005","10632.1875","10520.066250000002","1337.7224999999999","0","761.65125","939.49875","24191.126249999994","0","0","0","0","0","0","0","0","0","0","0","0","0","0","0","0","0","0","0","0","0","10717.245000000004","11587.151250000004","1801.6725000000001","0","788.7149999999999","1190.8049999999998","26085.588750000014","10659.251250000001","11328.112500000001","1569.6975","0","916.30125","1264.26375","25737.626250000005","10929.888749999998","10910.557499999999","1229.4675","0","792.58125","1082.55","24945.045000000006","0","0","0","0","0","0","0","0","0","0","0","0","0","0","0","0","0","0","0","0","0","10860.296250000001","11560.0875","1836.46875","0","750.0525","1152.1425","26159.047499999997","11258.520000000002","11904.183750000002","1619.95875","0","881.505","1252.665","26916.832499999993","10709.5125","10670.849999999999","1318.39125","0","672.7275","1086.41625","24457.897500000003","0","0","0","0","0","0","0","0","0","0","0","0","0","0","0","0","0","0","0","0","0","10516.199999999999","11981.508750000003","1824.87","0","750.0525","1074.8174999999999","26147.448750000007","11173.462500000001","12097.496249999995","1612.22625","0","916.30125","1190.805","26990.291249999995","10261.027500000002","10647.6525","1364.7862499999999","0","850.5749999999999","1105.7475","24229.78875","0","0","0","0","0","0","0","0","0","0","0","0","0","0","0","0","0","0","0","0","0","10593.525000000005","10976.28375","1755.2775000000001","0","719.1225","1202.40375","25246.6125","11351.31","11892.585000000001","1554.2325","0","974.2950000000001","1291.3274999999999","27063.75","10616.7225","10868.028749999998","1229.4674999999997","0","780.9825","1113.48","24608.681249999994","0","0","0","0","0","0","0","0","0","0","0","0","0","0","0","0","0","0","0","0","0","10829.366249999997","11714.737500000001","1863.5324999999998","0","734.5875","1183.0724999999998","26325.29625","11007.213749999999","11529.157500000001","1662.4875","0","974.2950000000001","1353.1875","26526.341250000005","10686.314999999999","11011.079999999998","1357.0537499999998","0","746.18625","788.715","24589.349999999995","0","0","0","0","0","0","0","0","0","0","0","0","0","0","0","0","0","0","0","0","0","10740.442500000001","10995.615000000002","1917.66","0","750.0525","1210.13625","25613.906250000004","11312.6475","11409.303750000001","1708.8825","0","912.4350000000001","1268.13","26611.39875","10663.1175","10655.385","1202.40375","0","815.77875","889.2375000000001","24225.9225","0","0","0","0","0","0","0","0","0","0","0","0","0","0","0","0","0","0","0","0","0","10527.798750000002","11324.24625","1790.07375","0","773.25","1256.53125","25671.90000000001","10728.84375","11157.997500000001","1619.95875","0","927.9000000000001","1318.3912500000001","25753.09125","10639.919999999996","11185.06125","1221.735","0","835.11","862.1737499999999","24743.999999999996","0","0","0","0","0","0","0","0","0","0","0","0","0","0","0","0","0","0","0","0","0","10295.823750000001","11007.213750000004","1801.6725","0","726.855","1229.4674999999997","25061.032499999998","10639.92","11811.39375","1623.8249999999998","0","885.3712499999999","1387.98375","26348.493749999994","11042.010000000002","11018.8125","1357.05375","0","869.90625","947.2312499999999","25235.01375000001","0","0","0","0","0","0","0","0","0","0","0","0","0","0","0","0","0","0","0","0","0","10315.154999999999","11169.596249999997","1836.46875","0","726.855","1260.3975","25308.472500000007","11076.806249999998","10817.7675","1569.6975","0","869.90625","1202.40375","25536.581249999996","10628.32125","11544.622500000001","1364.7862499999999","0","711.39","1047.7537499999999","25296.873750000006","0","0","0","0","0","0","0","0","0","0","0","0","0","0","0","0","0","0","0","0","0","10493.0025","11513.6925","1844.2012499999998","0","765.5174999999999","1167.6075","25784.021250000013","10612.856250000004","11107.73625","1743.6787499999998","0","900.83625","1376.385","25741.492500000004","10771.372499999998","11007.213750000003","1229.4675000000002","0","877.6387500000001","970.42875","24856.121250000007","0","0","0","0","0","0","0","0","0","0","0","0","0","0","0","0","0","0","0","0","0","10655.384999999998","11447.96625","1809.405","0","750.0525","1206.27","25869.078750000004","11034.277500000004","11795.928750000003","1608.36","0","931.7662500000001","1159.875","26530.207499999997","10465.938750000001","10736.576249999996","1283.5949999999998","0","846.70875","927.9","24260.718750000007","0","0","0","0","0","0","0","0","0","0","0","0","0","0","0","0","0","0","0","0","0","10489.136250000003","11904.18375","1712.7487500000002","0","742.3199999999999","1132.81125","25981.200000000008","10906.691249999998","11204.3925","1658.62125","0","893.10375","1271.9962500000001","25934.805000000004","11192.793749999999","11262.386249999996","1229.4674999999997","0","811.9124999999999","974.2950000000001","25470.854999999996","0","0","0","0","0","0","0","0","0","0","0","0","0","0","0","0","0","0","0","0","0"
,"10608.990000000002","11734.06875","1786.2075","0","719.1225","1082.55","25930.93875000001","10210.76625","11942.846249999997","1670.2199999999998","0","947.23125","1194.67125","25965.734999999997","10651.518750000001","10585.792500000001","1302.92625","0","788.715","1016.82375","24345.77625","0","0","0","0","0","0","0","0","0","0","0","0","0","0","0","0","0","0","0","0","0","10574.193749999997","11250.7875","1720.48125","0","742.3199999999999","1132.81125","25420.59375000001","10875.761250000005","11919.648750000002","1639.29","0","924.03375","1229.4675","26588.201250000006","10601.2575","10987.8825","1241.06625","0","765.5174999999999","958.83","24554.553750000006","0","0","0","0","0","0","0","0","0","0","0","0","0","0","0","0","0","0","0","0","0","10752.041249999998","11563.953750000006","1774.6087499999999","0","726.855","1098.0149999999999","25915.47375000001","11250.7875","11594.883749999999","1639.29","0","939.49875","1264.2637499999998","26688.723750000005","10636.053750000001","10578.06","1345.455","0","827.3775","900.8362500000001","24287.78249999999","0","0","0","0","0","0","0","0","0","0","0","0","0","0","0","0","0","0","0","0","0","10458.20625","10690.181250000001","1848.0674999999999","0","742.3199999999999","1132.81125","24871.586250000022","10759.773749999997","11219.8575","1670.2199999999998","0","877.63875","1241.0662499999999","25768.556249999994","10295.823749999998","11366.775","1364.7862499999999","0","808.04625","1140.5437499999998","24975.975000000017","0","0","0","0","0","0","0","0","0","0","0","0","0","0","0","0","0","0","0","0","0","10554.862499999996","11212.125000000002","1848.0674999999999","0","726.855","1198.5375","25540.4475","11057.475","11316.51375","1635.42375","0","954.9637499999999","1306.7925","26271.168749999997","11014.946249999997","11049.742500000002","1349.32125","0","838.9762499999999","1070.95125","25323.937500000007","0","0","0","0","0","0","0","0","0","0","0","0","0","0","0","0","0","0","0","0","0","10701.780000000002","11424.768750000003","1867.3987499999998","0","695.925","1221.735","25911.607500000006","11359.042499999998","11730.2025","1608.36","0","1020.69","1283.595","27001.889999999996","10226.231249999999","10902.824999999997","1310.65875","0","900.83625","912.435","24252.986249999994","0","0","0","0","0","0","0","0","0","0","0","0","0","0","0","0","0","0","0","0","0","10133.441250000002","11722.47","1832.6025","0","734.5875","1225.60125","25648.702499999996","10906.691250000002","11707.005000000001","1693.4175","0","974.2950000000001","1256.53125","26537.940000000006","10817.7675","10593.524999999998","1256.53125","0","661.1287500000001","916.30125","24245.253749999996","0","0","0","0","0","0","0","0","0","0","0","0","0","0","0","0","0","0","0","0","0","10504.60125","11606.482499999998","1805.5387500000002","0","773.25","1295.19375","25985.066249999985","10632.187499999996","12449.325000000003","1627.69125","0","912.435","1310.65875","26932.29750000001","10346.085000000001","10910.557499999999","1318.3912500000001","0","738.4537499999999","1043.8875","24357.375000000004","0","0","0","0","0","0","0","0","0","0","0","0","0","0","0","0","0","0","0","0","0","10411.811250000002","11409.30375","1782.3412500000002","0","726.855","1225.60125","25555.912500000002","10748.175","11664.476250000002","1677.9524999999999","0","943.365","1287.46125","26321.430000000004","10388.61375","10748.174999999997","1329.9900000000002","0","773.25","993.62625","24233.655000000002","0","0","0","0","0","0","0","0","0","0","0","0","0","0","0","0","0","0","0","0","0","10593.525000000001","11946.712500000001","1894.4624999999996","0","726.855","1144.4099999999999","26305.965000000004","11185.061249999999","11683.807499999999","1693.4174999999998","0","939.49875","1345.4550000000002","26847.239999999994","10554.862500000001","10949.22","1229.4675","0","854.4412500000001","1059.3525","24647.343749999996","0","0","0","0","0","0","0","0","0","0","0","0","0","0","0","0","0","0","0","0","0","10307.4225","11668.342500000002","1909.9274999999998","0","695.925","1252.665","25834.2825","10806.168749999997","12140.025000000001","1674.0862499999998","0","889.2375","1264.2637499999998","26773.781249999996","11007.21375","10906.691249999998","1283.595","0","889.2375","951.0975","25037.835000000006","0","0","0","0","0","0","0","0","0","0","0","0","0","0","0","0","0","0","0","0","0","10589.658749999999","11200.526249999999","1851.93375","0","719.1225","1198.5375","25559.77875","10767.506249999997","11660.609999999997","1666.35375","0","896.97","1326.12375","26317.563749999994","10825.499999999996","11243.055000000002","1318.39125","0","893.10375","927.9000000000001","25207.949999999997","0","0","0","0","0","0","0","0","0","0","0","0","0","0","0","0","0","0","0","0","0","10516.2","11598.750000000002","1805.53875","0","719.1225","1109.61375","25749.224999999995","10825.5","11799.795","1681.81875","0","962.69625","1411.1812499999999","26680.991250000017","10666.983749999998","11111.602499999997","1329.99","0","753.91875","989.76","24852.255","0","0","0","0","0","0","0","0","0","0","0","0","0","0","0","0","0","0","0","0","0","10172.103750000002","11281.7175","1925.3925","0","719.1225","1163.74125","25262.077500000003","11355.17625","11386.106250000003","1689.55125","0","935.6324999999999","1275.8625000000002","26642.32875","11370.64125","10767.50625","1264.2637499999998","0","815.77875","1070.95125","25289.141249999982","0","0","0","0","0","0","0","0","0","0","0","0","0","0","0","0","0","0","0","0","0","10330.620000000003","11455.698750000001","1821.0037499999999","0","726.855","1144.4099999999999","25478.587500000012","10736.57625","11432.501250000001","1538.7675","0","978.16125","1175.3400000000001","25861.346250000002","10910.5575","11571.68625","1318.39125","0","819.645","939.49875","25559.778749999994","0","0","0","0","0","0","0","0","0","0","0","0","0","0","0","0","0","0","0","0","0","10639.919999999998","10802.302499999998","1840.3349999999998","0","719.1225","1225.6012500000002","25227.28125000001","10933.755000000001","11826.85875","1670.22","0","924.03375","1314.5249999999999","26669.392499999998","10717.245","11386.106249999997","1291.3274999999999","0","819.645","1082.55","25296.873749999984","0","0","0","0","0","0","0","0","0","0","0","0","0","0","0","0","0","0","0","0","0","10686.315000000004","11873.253750000003","1944.72375","0","742.3199999999999","1244.9325000000001","26491.545000000006","10655.385000000002","11188.9275","1635.4237500000002","0","1012.9575","1144.41","25637.103750000006","10732.709999999997","10887.359999999995","1299.0599999999997","0","920.1675","788.7149999999999","24628.0125","0","0","0","0","0","0","0","0","0","0","0","0","0","0","0","0","0","0","0","0","0","10407.945","11915.782500000003","1894.4625","0","765.5174999999999","1101.88125","26085.588750000003","10450.473750000001","10960.818749999999","1480.77375","0","1028.4225000000001","1132.81125","25053.29999999998","10624.454999999998","10945.353749999997","1302.92625","0","788.7149999999999","869.90625","24531.356249999997","0","0","0","0","0","0","0","0","0","0","0","0","0","0","0","0","0","0","0","0","0","10570.327500000001","11297.182499999997","1797.80625","0","726.855","1136.6775","25528.848749999997","10748.175000000005","11594.88375","1650.88875","0","931.7662500000001","1322.2575","26247.971249999995","10844.83125","10597.39125","1364.7862499999999","0","846.70875","1016.82375","24670.541250000002","0","0","0","0","0","0","0","0","0","0","0","0","0","0","0","0","0","0","0","0","0","10400.212500000001","11486.628749999994","1890.5962499999998","0","695.925","1237.1999999999998","25710.562499999996","10926.022500000001","11536.890000000001","1654.7549999999999","0","943.365","1190.8049999999998","26251.8375","10651.518750000001","11215.991250000003","1299.06","0","815.77875","958.83","24941.178749999992","0","0","0","0","0","0","0","0","0","0","0","0","0","0","0","0","0","0","0","0","0","10481.40375","11768.865000000002","1813.2712499999998","0","773.25","1070.95125","25907.741250000006","10744.308749999998","11880.98625","1670.2199999999998","0","1005.2249999999999","1194.67125","26495.411249999994","10516.2","11057.475000000002","1322.2575","0","869.90625","989.76","24755.59875000001","0","0","0","0","0","0","0","0","0","0","0","0","0","0","0","0","0","0","0","0","0","10373.14875","11761.132500000002","1778.475","0","773.25","1229.4675000000002","25915.473750000005","10782.971249999997","11722.469999999996","1674.08625","0","954.9637499999999","1225.60125","26360.092499999988","10632.187500000002","10883.49375","1186.93875","0","881.5050000000001","978.1612500000001","24562.28625","0","0","0","0","0","0","0","0","0","0","0","0","0","0","0","0","0","0","0","0","0","10288.091250000001","11664.476249999998","1844.2012499999998","0","765.5174999999999","1163.7412499999998","25726.027499999993","10798.436249999995","11401.571250000003","1739.8125","0","974.295","1368.6525","26282.767499999994","10578.060000000001","10612.856249999999","1210.13625","0","827.3775","997.4925000000001","24225.922500000004","0","0","0","0","0","0","0","0","0","0","0","0","0","0","0","0","0","0","0","0","0","10833.232500000004","11397.705","1886.73","0","773.25","1229.4675","26120.385000000006","11157.997500000001","11432.501249999998","1759.14375","0","869.90625","1241.06625","26460.614999999998","10643.786250000001","11022.678749999997","1310.6587499999998","0","815.77875","982.0275","24774.930000000004","0","0","0","0","0","0","0","0","0","0","0","0","0","0","0","0","0","0","0","0","0","10361.549999999997","11301.04875","1848.0674999999999","0","780.9825","1117.3462499999998","25408.995000000014","11053.60875","11660.609999999999","1712.74875","0","927.8999999999999","1217.86875","26572.736249999987","11045.87625","10744.308749999998","1221.735","0","831.24375","954.96375","24798.1275","0","0","0","0","0","0","0","0","0","0","0","0","0","0","0","0","0","0","0","0","0","10775.238749999999","11614.214999999998","1867.3987499999998","0","780.9825","1275.8625","26313.6975","10732.710000000001","12074.298750000002","1658.6212500000001","0","1051.62","1233.33375","26750.583750000005","11285.583750000002","10941.4875","1264.26375","0","815.7787500000001","958.83","25265.943750000006","0","0","0","0","0","0","0","0","0","0","0","0","0","0","0","0","0","0","0","0","0","10914.423750000004","11359.042499999998","1766.87625","0","773.25","1156.00875","25969.60124999999","11014.946249999999","10868.028749999998","1724.3474999999999","0","908.5687499999999","1275.8625000000002","25791.753750000007","10481.403749999998","10643.786249999997","1248.79875","0","896.97","978.1612499999999","24249.12","0","0","0","0","0","0","0","0","0","0","0","0","0","0","0","0","0","0","0","0","0","10728.84375","11699.272499999995","1650.88875","0","742.3199999999999","1194.6712499999999","26015.99625000001","10442.74125","11339.711250000002","1677.9524999999999","0","966.5625","1229.4675","25656.434999999998","10303.556250000001","10701.779999999997","1275.8625000000002","0","811.9124999999999","912.4350000000001","24005.546249999992","0","0","0","0","0","0","0","0","0","0","0","0","0","0","0","0","0","0","0","0","0","10655.385000000002","11548.488750000002","1778.475","0","719.1225","1214.0025","25915.473750000012","10945.35375","11598.750000000004","1724.3474999999999","0","873.7725","1426.6462499999998","26568.870000000003","10504.601249999998","10489.136250000001","1353.1875","0","680.46","808.0462500000001","23835.431249999994","0","0","0","0","0","0","0","0","0","0","0","0","0","0","0","0","0","0","0","0","0","10578.060000000003","11057.474999999999","1743.6787499999998","0","726.855","1167.6074999999998","25273.67625000001","10779.105","11884.852499999999","1596.76125","0","927.9","1233.33375","26421.952500000003","10404.07875","10686.314999999997","1283.5950000000003","0","850.575","1094.14875","24318.712499999987","0","0","0","0","0","0","0","0","0","0","0","0","0","0","0","0","0","0","0","0","0","10450.473750000001","11150.265000000001","1817.1375","0","742.3199999999999","1117.34625","25277.542500000003","11127.067499999997","11803.661250000001","1612.22625","0","920.1675","1167.6075","26630.730000000003","10392.48","11223.723749999997","1345.455","0","800.31375","920.1675","24682.14","0","0","0","0","0","0","0","0","0","0","0","0","0","0","0","0","0","0","0","0","0","10516.2","11386.106249999997","1863.5325","0","742.3199999999999","1194.6712499999999","25702.829999999994","10871.895","11896.451250000002","1716.615","0","958.8299999999999","1171.47375","26615.265000000003","11088.405000000002","10949.220000000001","1310.6587499999998","0","796.4475","1059.3525","25204.083749999998","0","0","0","0","0","0","0","0","0","0","0","0","0","0","0","0","0","0","0","0","0","10941.487500000001","11444.1","1685.685","0","773.25","1202.40375","26046.92625","11119.335","11857.78875","1751.4112499999999","0","920.1675","1082.55","26731.252499999995","10987.882499999998","10431.142500000002","1271.9962500000001","0","811.9124999999999","985.89375","24488.8275","0","0","0","0","0","0","0","0","0","0","0","0","0","0","0","0","0","0","0","0","0","10690.181249999998","11227.59","1801.6725","0","750.0525","1214.0025","25683.498750000006","10991.748749999999","12116.827499999996","1647.0225","0","951.0975","1360.92","27067.61625","10666.983749999996","11235.322499999998","1314.525","0","877.6387500000001","958.8299999999999","25053.3","0","0","0","0","0","0","0","0","0","0","0","0","0","0","0","0","0","0","0","0","0","10632.187499999998","11764.998750000004","1708.8825","0","750.0525","1105.7475","25961.86875000001","10438.874999999998","11656.74375","1712.74875","0","916.30125","1237.2","25961.86874999999","10454.34","11536.89","1302.92625","0","692.05875","916.30125","24902.516250000004","0","0","0","0","0","0","0","0","0","0","0","0","0","0","0","0","0","0","0","0","0","10357.68375","11045.87625","1712.74875","0","742.3199999999999","1194.6712499999999","25053.30000000001","11185.061249999997","11850.05625","1666.35375","0","838.9762499999999","1136.6775","26677.124999999996","10875.761250000001","10601.257499999998","1268.13","0","842.8425","935.6324999999999","24523.623750000002","0","0","0","0","0","0","0","0","0","0","0","0","0","0","0","0","0","0","0","0","0","10895.092500000002","11455.698750000003","1824.8700000000001","0","780.9825","1252.665","26209.308750000004","10581.926250000002","11880.986249999998","1577.4299999999998","0","1001.35875","1337.7224999999999","26379.423749999998","10956.952499999998","10949.220000000001","1302.92625","0","800.31375","1059.3525","25068.765000000003","0","0","0","0","0","0","0","0","0","0","0","0","0","0","0","0","0","0","0","0","0","10485.27","11822.992500000002","1739.8125000000002","0","750.0525","1098.0149999999999","25896.142499999987","11289.45","11502.093750000002","1724.3474999999999","0","951.0975000000001","1372.5187499999997","26839.507499999992","10875.761250000001","10887.36","1268.1299999999999","0","862.1737500000002","831.24375","24724.668749999986","0","0","0","0","0","0","0","0","0","0","0","0","0","0","0","0","0","0","0","0","0","10612.85625","11293.31625","1859.66625","0","773.25","1128.945","25668.03374999999","11447.966250000003","11737.935000000001","1515.5699999999997","0","962.69625","1283.595","26947.7625","10407.945000000002","11096.1375","1318.39125","0","808.04625","1078.6837500000001","24709.203749999997","0","0","0","0","0","0","0","0","0","0","0","0","0","0","0","0","0","0","0","0","0","10435.008749999999","11219.8575","1828.73625","0","757.785","1214.0025","25455.390000000007","10740.442499999997","11668.342499999999","1716.615","0","900.8362500000001","1186.93875","26213.175","10272.626250000001","11188.927499999998","1275.8625000000002","0","796.4475","815.7787500000001","24349.64249999999","0","0","0","0","0","0","0","0","0","0","0","0","0","0","0","0","0","0","0","0","0","10643.786249999997","11548.48875","1886.73","0","726.855","1248.79875","26054.65875000001","10906.691250000002","11111.602499999997","1654.7549999999999","0","893.10375","1260.3975","25826.55","10535.53125","10956.952500000001","1306.7925","0","753.91875","997.4925000000001","24550.687500000004","0","0","0","0","0","0","0","0","0","0","0","0","0","0","0","0","0","0","0","0","0","10775.23875","11954.445000000002","1724.3474999999999","0","757.785","1283.595","26495.41125","10868.028749999996","11826.858749999994","1654.7549999999999","0","943.365","1221.7350000000001","26514.7425","10717.244999999999","11629.679999999998","1183.0725","0","869.90625","796.4475","25196.351249999985","0","0","0","0","0","0","0","0","0","0","0","0","0","0","0","0","0","0","0","0","0","10810.034999999998","11911.916250000002","1848.0675","0","703.6575","1125.0787500000001","26398.755000000005","10744.30875","12170.955000000004","1670.22","0","962.69625","1384.1174999999998","26932.2975","10516.2","11042.01","1310.65875","0","711.3900000000001","1194.6712499999999","24774.930000000008","0","0","0","0","0","0","0","0","0","0","0","0","0","0","0","0","0","0","0","0","0","10763.640000000001","11351.310000000001","1855.8","0","750.0525","1221.7350000000001","25942.537500000013","10736.576249999998","11486.62875","1670.2199999999998","0","939.49875","1221.7350000000001","26054.658750000002","10922.156250000002","10895.092499999999","1244.9325","0","796.4475","838.9762499999999","24697.605000000003","0","0","0","0","0","0","0","0","0","0","0","0","0","0","0","0","0","0","0","0","0","10465.938750000003","11896.451249999998","1871.2649999999999","0","750.0525","1225.60125","26209.30875","10527.798749999996","11150.265","1507.8375","0","862.17375","1422.7799999999997","25470.855","10458.206249999997","10864.1625","1248.79875","0","788.7150000000001","862.17375","24222.05625","0","0","0","0","0","0","0","0","0","0","0","0","0","0","0","0","0","0","0","0","0","10473.67125","11734.068750000002","1697.2837499999998","0","719.1225","1186.9387499999998","25811.085","11115.46875","11498.227499999999","1616.0925","0","920.1675","1395.71625","26545.672499999993","10554.862500000001","11053.60875","1283.595","0","827.3775","1125.0787500000001","24844.52249999999","0","0","0","0","0","0","0","0","0","0","0","0","0","0","0","0","0","0","0","0","0","10384.7475","11219.857499999998","1739.8125","0","742.3199999999999","1299.06","25385.797499999986","10663.117499999998","11208.258750000003","1604.49375","0","900.8362500000001","1287.46125","25664.167500000003","10817.767499999998","10245.5625","1283.595","0","889.2375","927.9000000000001","24164.062499999996","0","0","0","0","0","0","0","0","0","0","0","0","0","0","0","0","0","0","0","0","0","10771.372500000001","11668.3425","1871.2649999999999","0","765.5174999999999","1198.5375","26275.034999999993","10427.27625","11563.953750000002","1589.02875","0","904.7025000000001","1368.6525000000001","25853.613750000008","10825.499999999996","11258.52","1345.455","0","734.5875","893.10375","25057.16624999999","0","0","0","0","0","0","0","0","0","0","0","0","0","0","0","0","0","0","0","0","0","10694.0475","11417.036250000001","1840.335","0","726.855","1241.06625","25919.34","10709.5125","11842.323750000003","1650.8887499999998","0","954.96375","1302.92625","26460.614999999998","10655.385000000002","10705.64625","1345.455","0","800.31375","1167.6075","24674.407499999987","0","0","0","0","0","0","0","0","0","0","0","0","0","0","0","0","0","0","0","0","0","11018.812500000004","11799.795000000004","1712.7487500000002","0","773.25","1221.735","26526.341250000012","10608.989999999998","11649.011250000005","1716.615","0","935.6324999999999","1337.7225","26247.971250000006","10477.537499999999","10647.6525","1221.7350000000001","0","788.715","997.4925000000001","24133.132500000003","0","0","0","0","0","0","0","0","0","0","0","0","0","0","0","0","0","0","0","0","0","10852.563750000003","11397.704999999998","1878.9975","0","780.9825","1183.0724999999998","26093.32125","10945.353750000002","11830.724999999997","1623.8249999999998","0","862.17375","1183.0725","26445.149999999994","10972.4175","11022.678750000005","1183.0725","0","734.5875000000001","985.8937500000001","24898.65000000001","0","0","0","0","0","0","0","0","0","0","0","0","0","0","0","0","0","0","0","0","0","10717.245","11664.476249999998","1643.15625","0","711.39","1156.00875","25892.276249999995","11208.258749999999","11695.406250000002","1647.0225","0","962.69625","1418.91375","26932.29749999999","11007.213749999999","10953.08625","1275.8625","0","761.6512499999999","997.4925","24995.306250000005","0","0","0","0","0","0","0","0","0","0","0","0","0","0","0","0","0","0","0","0","0","10802.302500000002","11420.9025","1809.405","0","734.5875","1140.54375","25907.74125000001","10512.33375","11208.258749999995","1705.01625","0","842.8425","1306.7925","25575.243750000005","10852.563750000003","10968.551249999995","1140.54375","0","943.365","1117.34625","25022.370000000003","0","0","0","0","0","0","0","0","0","0","0","0","0","0","0","0","0","0","0","0","0","10875.761249999998","11239.18875","1871.2649999999999","0","780.9825","1256.53125","26023.728750000002","10562.595000000001","11505.96","1616.0925","0","951.0975","1318.3912500000001","25954.136250000007","10400.212500000001","10400.212499999998","1237.2","0","796.4475","1117.34625","23951.418749999986","0","0","0","0","0","0","0","0","0","0","0","0","0","0","0","0","0","0","0","0","0","10550.996249999998","11386.10625","1797.8062499999999","0","765.5174999999999","1194.6712499999999","25695.097500000003","10512.333750000002","11710.87125","1647.0225","0","858.3075","1260.3975","25988.932500000006","10844.83125","10991.74875","1302.92625","0","773.25","1067.085","24979.84125000001","0","0","0","0","0","0","0","0","0","0","0","0","0","0","0","0","0","0","0","0","0","10585.792499999996","11378.37375","1863.5325","0","726.855","1125.0787500000001","25679.6325","11243.054999999997","11386.106249999999","1654.7549999999999","0","962.69625","1144.41","26391.022500000006","10868.028750000001","10956.952499999996","1210.13625","0","943.365","761.65125","24740.13375","0","0","0","0","0","0","0","0","0","0","0","0","0","0","0","0","0","0","0","0","0","10601.257500000002","12124.559999999998","1739.8124999999998","0","765.5174999999999","1159.875","26391.0225","11007.213749999999","11707.005000000001","1674.08625","0","842.8425","1190.805","26421.9525","10516.199999999999","11038.143749999997","1364.7862499999999","0","796.4475","997.4925000000001","24713.069999999996","0","0","0","0","0","0","0","0","0","0","0","0","0","0","0","0","0","0","0","0","0","10678.582499999997","11544.622500000001","1886.73","0","742.3199999999999","1268.13","26120.385000000006","11382.240000000002","11552.354999999998","1623.825","0","896.97","1217.86875","26673.258749999997","10759.773750000002","10284.224999999997","1229.4675","0","761.65125","1047.75375","24082.871250000004","0","0","0","0","0","0","0","0","0","0","0","0","0","0","0","0","0","0","0","0","0","10798.43625","11734.068749999997","1739.8125","0","765.5174999999999","1206.27","26244.105000000003","11018.812499999996","12201.885000000002","1658.6212499999997","0","997.4925000000001","1144.4099999999999","27021.221250000006","10299.69","11235.322499999997","1283.5949999999998","0","780.9825000000001","1001.3587500000001","24600.948750000007","0","0","0","0","0","0","0","0","0","0","0","0","0","0","0","0","0","0","0","0","0","10929.88875","11861.655000000002","1867.3987499999998","0","750.0525","1156.00875","26565.00375","10755.907500000003","11772.73125","1681.81875","0","989.76","1210.13625","26410.35375000001","10995.614999999996","11049.7425","1337.7224999999999","0","750.0525","1040.02125","25173.15375","0","0","0","0","0","0","0","0","0","0","0","0","0","0","0","0","0","0","0","0","0","10763.640000000001","11424.768750000001","1886.73","0","726.855","1074.8174999999999","25876.811250000006","10589.658750000002","11451.832499999999","1612.2262500000002","0","954.9637500000001","1186.9387499999998","25795.61999999999","11293.31625","10620.588750000003","1310.6587499999998","0","808.0462500000001","916.30125","24948.91125","0","0","0","0","0","0","0","0","0","0","0","0","0","0","0","0","0","0","0","0","0","10299.690000000002","11347.443749999999","1813.27125","0","742.3199999999999","1171.47375","25374.198749999996","10585.792500000003","11208.258749999999","1600.6274999999998","0","943.365","1291.3274999999999","25629.371250000004","11065.2075","11583.285000000002","1156.00875","0","815.77875","1028.4225000000001","25648.7025","0","0","0","0","0","0","0","0","0","0","0","0","0","0","0","0","0","0","0","0","0","10694.0475","11459.565","1832.6025","0","750.0525","1252.665","25988.9325","11018.812500000002","11556.221249999995","1747.5449999999998","0","947.23125","1275.8625","26545.6725","10786.8375","10922.15625","1198.5375","0","784.8487500000001","943.365","24635.745000000003","0","0","0","0","0","0","0","0","0","0","0","0","0","0","0","0","0","0","0","0","0","10821.63375","11834.591250000003","1793.94","0","750.0525","1210.13625","26410.353750000006","10956.9525","12027.903749999998","1662.4875","0","958.8299999999999","1252.665","26858.838750000006","10852.563750000001","10779.105","1283.595","0","823.51125","943.365","24682.140000000007","0","0","0","0","0","0","0","0","0","0","0","0","0","0","0","0","0","0","0","0","0","10779.104999999994","11026.545000000002","1817.1374999999998","0","780.9825","1136.6775","25540.447499999984","11030.41125","11911.916249999997","1550.36625","0","978.1612499999999","1113.48","26584.335000000003","10732.71","11351.31","1264.26375","0","877.63875","985.89375","25211.816250000014","0","0","0","0","0","0","0","0","0","0","0","0","0","0","0","0","0","0","0","0","0","10435.00875","11401.571249999997","1797.80625","0","726.855","1206.27","25567.511250000007","10678.5825","12031.770000000002","1581.29625","0","935.6324999999999","1364.7862499999999","26592.067499999997","10670.85","10550.996249999998","1283.5949999999998","0","668.86125","982.0275","24156.329999999994","0","0","0","0","0","0","0","0","0","0","0","0","0","0","0","0","0","0","0","0","0","10717.245000000003","11447.966250000001","1790.0737499999998","0","773.25","1163.74125","25892.27625000001","11146.398750000002","11989.241250000003","1747.545","0","939.49875","1152.1425","26974.82625000001","10465.938750000003","11014.94625","1364.7862499999999","0","858.3074999999999","873.7724999999999","24577.751250000012","0","0","0","0","0","0","0","0","0","0","0","0","0","0","0","0","0","0","0","0","0","10384.747500000001","11250.787499999999","1766.87625","0","773.25","1206.27","25381.931249999998","10949.220000000005","11718.60375","1747.545","0","1016.82375","1082.5500000000002","26514.742499999986","10752.041250000004","10848.697500000002","1202.40375","0","835.11","908.5687499999999","24546.82125","0","0","0","0","0","0","0","0","0","0","0","0","0","0","0","0","0","0","0","0","0","10465.938749999998","11668.342500000002","1805.5387500000002","0","765.5174999999999","1271.99625","25977.333750000005","11498.227499999997","11734.068749999997","1670.2199999999998","0","997.4925000000001","1283.5949999999998","27183.603750000002","10404.078749999999","11312.647499999997","1248.79875","0","800.31375","982.0275000000001","24747.86625","0","0","0","0","0","0","0","0","0","0","0","0","0","0","0","0","0","0","0","0","0","10311.288750000002","11331.97875","1809.405","0","719.1225","1194.6712499999999","25366.466249999998","10415.677499999998","12093.630000000003","1728.2137500000001","0","927.9000000000001","1310.65875","26476.08000000001","10709.5125","10937.621250000004","1237.2","0","792.58125","943.365","24620.280000000006","0","0","0","0","0","0","0","0","0","0","0","0","0","0","0","0","0","0","0","0","0","10628.32125","10984.016250000002","1828.7362499999997","0","773.25","1217.8687499999999","25432.192500000012","10616.722500000003","11799.795","1604.49375","0","869.90625","1179.20625","26070.12374999999","11134.799999999996","10802.3025","1210.13625","0","746.18625","974.2950000000001","24867.72","0","0","0","0","0","0","0","0","0","0","0","0","0","0","0","0","0","0","0","0","0","10261.0275","11536.890000000003","1948.5900000000001","0","750.0525","1156.00875","25652.568750000002","10620.588750000003","11397.704999999996","1662.4875","0","993.62625","1198.5375","25872.94500000001","10349.95125","11351.31","1357.05375","0","908.5687499999999","939.49875","24906.382499999996","0","0","0","0","0","0","0","0","0","0","0","0","0","0","0","0","0","0","0","0","0","10396.346249999999","12248.279999999999","1844.2012499999998","0","773.25","1171.4737499999999","26433.551249999993","11308.781249999996","11637.412500000002","1647.0225","0","889.2375000000001","1345.455","26827.90875","10701.780000000002","11115.468749999998","1271.99625","0","846.70875","1098.0149999999999","25033.96875","0","0","0","0","0","0","0","0","0","0","0","0","0","0","0","0","0","0","0","0","0","10566.46125","11819.126250000001","1747.545","0","742.3199999999999","1217.8687499999999","26093.321250000008","10848.697500000004","11656.743750000003","1735.94625","0","935.6324999999999","1364.7862499999999","26541.806249999998","10442.741249999997","10875.761250000001","1318.39125","0","858.3075","1001.3587500000001","24496.559999999998","0","0","0","0","0","0","0","0","0","0","0","0","0","0","0","0","0","0","0","0","0","10570.327500000001","11486.628750000003","1728.21375","0","719.1225","1136.6775","25640.969999999994","11289.45","11877.119999999999","1631.5575000000001","0","916.30125","1159.875","26874.303750000003","11069.073750000003","10833.232499999998","1329.99","0","792.58125","947.23125","24972.108749999996","0","0","0","0","0","0","0","0","0","0","0","0","0","0","0","0","0","0","0","0","0","10543.26375","11424.76875","1790.07375","0","750.0525","1086.41625","25594.574999999997","11119.335000000001","11417.03625","1623.825","0","800.3137499999999","1306.7925","26267.302500000005","10550.996250000004","10840.965","1357.0537499999998","0","777.11625","877.63875","24403.77","0","0","0","0","0","0","0","0","0","0","0","0","0","0","0","0","0","0","0","0","0","10388.613750000004","11490.495","1739.8124999999998","0","742.3199999999999","1140.54375","25501.785000000007","10953.086250000002","11788.196249999997","1712.7487500000002","0","962.69625","1237.1999999999998","26653.927499999987","10771.372500000001","10748.174999999997","1275.8625","0","780.9825","889.2375","24465.629999999997","0","0","0","0","0","0","0","0","0","0","0","0","0","0","0","0","0","0","0","0","0","10496.86875","11517.558750000004","1705.01625","0","750.0525","1101.88125","25571.3775","10655.384999999998","11049.742500000004","1728.21375","0","989.76","1206.27","25629.371249999986","10612.85625","11057.475000000002","1210.13625","0","788.715","939.49875","24608.681250000005","0","0","0","0","0","0","0","0","0","0","0","0","0","0","0","0","0","0","0","0","0","10172.103750000004","11277.851249999998","1797.80625","0","742.3199999999999","1094.1487499999998","25084.23","10895.092500000004","11703.138750000004","1681.81875","0","920.1675","1148.2762500000001","26348.49375","10833.232499999998","11246.92125","1364.7862499999999","0","943.365","1140.54375","25528.84874999999","0","0","0","0","0","0","0","0","0","0","0","0","0","0","0","0","0","0","0","0","0","10504.601249999996","10984.01625","1743.6787499999998","0","750.0525","1183.0725","25165.421249999992","10087.04625","11869.387499999997","1631.5575000000001","0","900.83625","1295.19375","25784.02125","10728.843750000002","10639.920000000002","1264.2637499999998","0","750.0525","1074.8175","24457.89749999999","0","0","0","0","0","0","0","0","0","0","0","0","0","0","0","0","0","0","0","0","0","10643.786250000001","11057.475000000006","1801.6725","0","742.3199999999999","1190.8049999999998","25436.058750000007","11127.067500000001","12082.031250000002","1681.8187500000001","0","924.03375","1156.00875","26970.96","10562.594999999998","10133.441250000002","1264.26375","0","780.9825000000001","951.0975000000001","23692.38","0","0","0","0","0","0","0","0","0","0","0","0","0","0","0","0","0","0","0","0","0","10953.08625","11857.78875","1774.6087499999999","0","773.25","1183.0725","26541.806249999998","10825.500000000002","11451.8325","1662.4875000000002","0","1001.35875","1318.39125","26259.56999999999","10322.887499999997","10330.62","1295.19375","0","695.925","835.11","23479.736249999998","0","0","0","0","0","0","0","0","0","0","0","0","0","0","0","0","0","0","0","0","0","10547.130000000001","11880.986249999998","1871.2649999999999","0","773.25","1183.0725","26255.703749999997","10612.856249999999","11695.40625","1592.895","0","947.23125","1295.19375","26143.582500000004","10895.092499999997","10547.130000000003","1310.65875","0","784.8487500000001","962.69625","24500.426249999997","0","0","0","0","0","0","0","0","0","0","0","0","0","0","0","0","0","0","0","0","0","10643.78625","11370.64125","1766.87625","0","780.9825","1040.02125","25602.3075","10636.053750000003","11896.451250000002","1619.9587499999998","0","924.03375","1264.26375","26340.761250000014","10489.136249999998","11088.404999999997","1345.455","0","881.5050000000001","989.76","24794.261250000007","0","0","0","0","0","0","0","0","0","0","0","0","0","0","0","0","0","0","0","0","0","10895.0925","11243.055000000002","1766.8762499999998","0","757.785","1171.47375","25834.282499999994","10554.8625","11664.476249999998","1623.825","0","916.30125","1090.2825","25849.7475","11289.45","10902.824999999999","1310.6587499999998","0","827.3775","1156.00875","25486.32","0","0","0","0","0","0","0","0","0","0","0","0","0","0","0","0","0","0","0","0","0","10767.506250000004","11548.48875","1929.25875","0","750.0525","1140.5437499999998","26135.85","10817.767500000002","11691.539999999999","1542.6337499999997","0","970.4287499999999","1140.54375","26162.91375","10655.385","11312.647499999997","1318.39125","0","773.25","970.42875","25030.102500000005","0","0","0","0","0","0","0","0","0","0","0","0","0","0","0","0","0","0","0","0","0","10666.983749999998","11293.31625","1878.9975000000002","0","750.0525","1171.4737499999999","25760.823749999992","11273.985000000002","11463.431250000001","1716.6149999999998","0","920.1675","1194.67125","26568.870000000006","10527.79875","10786.8375","1322.2575000000002","0","842.8425","1005.2249999999999","24484.961249999993","0","0","0","0","0","0","0","0","0","0","0","0","0","0","0","0","0","0","0","0","0","10512.33375","11444.1","1631.5575","0","757.785","1156.00875","25501.785","11069.07375","11556.22125","1627.6912499999999","0","935.6324999999999","1264.2637499999998","26452.8825","10972.417500000003","10612.856250000003","1299.06","0","831.2437500000001","1032.2887500000002","24747.866249999992","0","0","0","0","0","0","0","0","0","0","0","0","0","0","0","0","0","0","0","0","0","10554.862500000003","11208.258750000003","1828.73625","0","742.3199999999999","1136.6775","25470.855000000003","11227.589999999998","11529.157499999998","1650.88875","0","1012.9575000000001","1163.7412499999998","26584.335","10937.621250000004","10972.417500000001","1244.9325","0","900.8362500000001","1028.4225","25084.23","0","0","0","0","0","0","0","0","0","0","0","0","0","0","0","0","0","0","0","0","0","10918.290000000003","11157.9975","1797.8062499999999","0","773.25","1202.40375","25849.747500000005","10960.818750000004","11370.641249999999","1619.9587499999998","0","947.2312499999999","1252.665","26151.315000000006","10697.913750000003","11057.475","1206.27","0","877.6387499999998","893.10375","24732.401249999995","0","0","0","0","0","0","0","0","0","0","0","0","0","0","0","0","0","0","0","0","0","10744.308749999998","11150.265","1786.2074999999998","0","742.3199999999999","1186.9387499999998","25610.040000000008","11003.347500000002","11579.41875","1658.62125","0","970.42875","1132.81125","26344.62749999999","10299.690000000002","10485.269999999997","1291.3274999999999","0","699.79125","927.9","23703.97875","0","0","0","0","0","0","0","0","0","0","0","0","0","0","0","0","0","0","0","0","0","10291.957500000002","11266.252499999999","1728.21375","0","750.0525","1198.5375","25235.01375","11150.265000000001","12263.745000000003","1608.36","0","877.6387500000001","1163.74125","27063.74999999999","11022.678750000005","10864.162500000004","1244.9325000000001","0","753.9187499999999","908.56875","24794.261250000003","0","0","0","0","0","0","0","0","0","0","0","0","0","0","0","0","0","0","0","0","0","10666.983750000001","11343.577500000001","1770.7425","0","703.6575","1128.945","25613.906249999993","10427.27625","11985.374999999998","1647.0224999999998","0","966.5625","1214.0025","26240.238749999997","10895.092500000002","11049.742499999997","1291.3275","0","726.855","1032.28875","24995.306249999994","0","0","0","0","0","0","0","0","0","0","0","0","0","0","0","0","0","0","0","0","0","10311.288749999998","11432.50125","1855.8","0","773.25","1159.8749999999998","25532.715000000004","10763.640000000001","11718.60375","1666.35375","0","935.6325000000002","1380.2512499999998","26464.481249999997","10500.735","11304.915","1283.5949999999998","0","753.91875","1163.74125","25006.905","0","0","0","0","0","0","0","0","0","0","0","0","0","0","0","0","0","0","0","0","0","10666.983750000001","11440.233750000003","1743.67875","0","765.5174999999999","1279.72875","25896.142500000016","10357.68375","11660.61","1573.5637499999998","0","896.97","1198.5375","25687.365","10566.461250000002","10887.359999999995","1271.99625","0","800.31375","1117.34625","24643.477500000005","0","0","0","0","0","0","0","0","0","0","0","0","0","0","0","0","0","0","0","0","0","10713.37875","11219.857500000002","1786.2074999999998","0","750.0525","1186.9387499999998","25656.435","10717.244999999999","11807.527499999998","1693.4175","0","958.83","1082.55","26259.57","11072.939999999999","11459.565000000002","1217.8687499999999","0","707.52375","989.76","25447.657499999983","0","0","0","0","0","0","0","0","0","0","0","0","0","0","0","0","0","0","0","0","0","10585.792499999998","11467.297499999999","1817.1375","0","750.0525","1074.8174999999999","25695.0975","10960.818749999999","11664.47625","1608.36","0","908.5687499999999","1171.4737499999999","26313.697500000013","10172.10375","11065.207499999997","1299.06","0","827.3775","927.9","24291.648749999986","0","0","0","0","0","0","0","0","0","0","0","0","0","0","0","0","0","0","0","0","0","10338.352499999999","11502.093750000002","1863.5324999999998","0","750.0525","1248.7987500000002","25702.83","10655.385","11811.39375","1662.4874999999997","0","939.49875","1287.4612499999998","26356.226250000003","10837.098749999997","10856.429999999995","1229.4675","0","804.18","982.0274999999999","24709.203750000004","0","0","0","0","0","0","0","0","0","0","0","0","0","0","0","0","0","0","0","0","0","10550.99625","11092.27125","1832.6025","0","742.3199999999999","1132.81125","25351.001249999994","10736.576250000002","11757.266249999999","1647.0225","0","866.0400000000001","1376.3849999999998","26383.289999999994","10558.728750000002","10868.028749999998","1264.26375","0","835.1099999999999","862.1737499999999","24388.305000000004","0","0","0","0","0","0","0","0","0","0","0","0","0","0","0","0","0","0","0","0","0","10566.461249999998","11331.978750000004","1774.6087499999999","0","773.25","1117.34625","25563.645000000015","10740.442500000003","11699.2725","1534.90125","0","896.97","1020.69","25892.276250000003","11034.2775","10806.168749999999","1275.8625000000002","0","753.9187499999999","951.0975","24821.325000000004","0","0","0","0","0","0","0","0","0","0","0","0","0","0","0","0","0","0","0","0","0"
,"10458.206250000001","11289.450000000008","1848.0674999999999","0","765.5174999999999","1090.2825","25451.523750000004","11563.95375","11490.494999999999","1616.0925","0","962.69625","1241.0662499999999","26874.303750000006","10435.008749999999","11142.532500000005","1229.4675","0","730.72125","943.365","24481.094999999998","0","0","0","0","0","0","0","0","0","0","0","0","0","0","0","0","0","0","0","0","0","10419.54375","11007.213749999999","1878.9975000000002","0","773.25","1214.0024999999998","25293.0075","11270.118750000001","11834.59125","1554.2325","0","966.5625","1206.27","26831.77500000001","10771.372499999998","10821.633749999999","1310.65875","0","862.1737499999999","1121.2125","24887.05125000001","0","0","0","0","0","0","0","0","0","0","0","0","0","0","0","0","0","0","0","0","0","10384.747500000003","10860.29625","1766.8762499999998","0","711.39","1237.1999999999998","24960.50999999999","10991.748749999997","12012.438750000001","1643.15625","0","927.9000000000001","1198.5375","26773.78125000002","11088.405000000004","11088.405","1295.1937500000001","0","800.31375","862.1737499999999","25134.49125","0","0","0","0","0","0","0","0","0","0","0","0","0","0","0","0","0","0","0","0","0","10380.881250000002","11629.680000000002","1851.93375","0","750.0525","1210.13625","25822.683749999993","10550.99625","11231.456249999997","1685.6849999999997","0","947.23125","1225.60125","25640.969999999994","11061.341249999998","10991.748749999999","1349.32125","0","846.70875","761.65125","25010.771249999998","0","0","0","0","0","0","0","0","0","0","0","0","0","0","0","0","0","0","0","0","0","10875.761250000001","11061.341249999998","1786.2074999999998","0","726.855","1260.3975","25710.5625","11042.01","11795.928749999997","1666.35375","0","881.505","1310.65875","26696.456249999996","10199.1675","11107.73625","1264.2637499999998","0","808.0462499999999","1043.8875","24423.101250000007","0","0","0","0","0","0","0","0","0","0","0","0","0","0","0","0","0","0","0","0","0","10616.722500000003","11386.106249999997","1828.73625","0","734.5875","1163.74125","25729.893749999996","10887.36","12066.566249999996","1705.01625","0","939.49875","1237.2","26835.641250000004","10728.843750000002","11227.589999999997","1345.455","0","842.8425","916.30125","25061.032499999994","0","0","0","0","0","0","0","0","0","0","0","0","0","0","0","0","0","0","0","0","0","10288.09125","11575.552500000005","1685.685","0","742.3199999999999","1090.2824999999998","25381.931250000005","10895.092500000002","11741.801249999999","1612.2262500000002","0","978.16125","1171.47375","26398.754999999986","10496.868749999998","11084.538749999998","1202.40375","0","889.2375","1043.8875","24716.93624999999","0","0","0","0","0","0","0","0","0","0","0","0","0","0","0","0","0","0","0","0","0","10411.811249999999","11618.08125","1712.7487499999997","0","726.855","1190.8049999999998","25660.301249999993","10570.327500000001","11772.73125","1701.1499999999999","0","970.42875","1202.40375","26217.041250000013","10535.531250000004","11157.9975","1318.3912500000001","0","726.855","881.5049999999999","24620.280000000006","0","0","0","0","0","0","0","0","0","0","0","0","0","0","0","0","0","0","0","0","0","10891.226250000002","11386.106249999999","1859.66625","0","726.855","1175.34","26039.193750000002","11107.736250000002","11942.84625","1712.74875","0","881.5050000000001","1194.6712499999999","26839.507500000003","10233.963750000003","11737.934999999998","1283.5949999999998","0","835.1099999999999","1040.02125","25130.624999999996","0","0","0","0","0","0","0","0","0","0","0","0","0","0","0","0","0","0","0","0","0","10357.683749999997","11382.24","1728.21375","0","750.0525","1214.0025","25432.192499999994","10922.15625","11977.642499999998","1677.9525","0","943.365","1287.46125","26808.57750000001","10941.487499999997","11150.264999999998","1318.39125","0","780.9825","1012.9575","25204.083750000005","0","0","0","0","0","0","0","0","0","0","0","0","0","0","0","0","0","0","0","0","0","10508.4675","11339.711249999998","1786.2075000000002","0","719.1225","1264.26375","25617.772499999992","11111.602499999995","11250.7875","1654.7549999999999","0","908.5687500000001","1237.2","26162.913749999996","10322.887500000003","10782.971249999999","1341.5887500000001","0","719.1225","1094.14875","24260.71875000001","0","0","0","0","0","0","0","0","0","0","0","0","0","0","0","0","0","0","0","0","0","10639.919999999998","11591.0175","1681.8187499999997","0","765.5174999999999","1152.1425000000002","25830.416250000002","11343.577499999998","11266.252499999997","1747.5449999999998","0","893.10375","1318.39125","26568.86999999999","11169.59625","11065.2075","1275.8625","0","808.0462500000001","896.97","25215.682499999984","0","0","0","0","0","0","0","0","0","0","0","0","0","0","0","0","0","0","0","0","0","10628.321249999999","11424.76875","1809.4049999999997","0","742.3199999999999","1221.735","25826.549999999996","10628.321250000003","11440.23375","1674.08625","0","954.96375","1233.33375","25930.938749999994","10520.066250000002","11359.0425","1279.72875","0","819.645","927.9000000000001","24906.382500000003","0","0","0","0","0","0","0","0","0","0","0","0","0","0","0","0","0","0","0","0","0","10106.3775","11591.017500000004","1743.67875","0","773.25","1190.805","25405.128750000018","10871.895","12464.789999999997","1569.6975","0","1012.9575","1148.2762500000001","27067.616250000006","10755.9075","10454.340000000002","1202.4037500000002","0","862.1737499999999","997.4925","24272.3175","0","0","0","0","0","0","0","0","0","0","0","0","0","0","0","0","0","0","0","0","0","10767.50625","11498.227500000003","1967.9212499999999","0","750.0525","1070.95125","26054.658750000002","10914.42375","11088.405000000004","1743.67875","0","893.10375","1152.1425","25791.75375","10481.403750000001","10752.04125","1291.3274999999999","0","838.9762499999999","1063.21875","24426.967500000002","0","0","0","0","0","0","0","0","0","0","0","0","0","0","0","0","0","0","0","0","0","10728.843749999998","11409.303750000001","1828.73625","0","765.5174999999999","1036.155","25768.556250000016","10953.08625","11591.017499999998","1596.7612499999998","0","993.62625","1190.805","26325.29625","10334.486250000002","11212.125","1256.53125","0","893.10375","931.7662500000001","24628.012499999993","0","0","0","0","0","0","0","0","0","0","0","0","0","0","0","0","0","0","0","0","0","10871.895","11417.036250000001","1944.7237499999999","0","750.0525","1125.0787500000001","26108.78625","11018.812499999998","11795.928749999997","1608.36","0","958.8299999999999","1237.2","26619.13125","11026.545","10647.652500000002","1221.7350000000001","0","858.3074999999999","1101.8812500000001","24856.121250000007","0","0","0","0","0","0","0","0","0","0","0","0","0","0","0","0","0","0","0","0","0","10744.308750000004","11935.11375","1809.4050000000002","0","773.25","1117.34625","26379.42375000001","10806.168749999999","11328.112500000001","1654.7549999999999","0","869.90625","1341.58875","26000.531250000007","11107.736250000005","10802.302499999998","1217.86875","0","811.9124999999999","1009.09125","24948.91125000001","0","0","0","0","0","0","0","0","0","0","0","0","0","0","0","0","0","0","0","0","0","10121.8425","11343.577500000005","1878.9975","0","780.9825","1271.9962500000001","25397.396250000013","10945.35375","11529.157500000007","1492.3725","0","869.90625","1241.0662499999999","26077.856249999993","10798.436249999997","10976.283749999999","1291.3274999999999","0","661.12875","1036.155","24763.331249999996","0","0","0","0","0","0","0","0","0","0","0","0","0","0","0","0","0","0","0","0","0","10597.39125","11521.425000000003","1732.08","0","757.785","1094.1487499999998","25702.829999999998","10844.831249999997","11525.291249999997","1693.4175","0","893.10375","1210.1362499999998","26166.78000000001","11185.061250000002","10976.283749999999","1244.9325","0","869.90625","939.49875","25215.6825","0","0","0","0","0","0","0","0","0","0","0","0","0","0","0","0","0","0","0","0","0","10377.015000000003","11552.355000000003","1689.55125","0","757.785","1167.6074999999998","25544.313750000012","10895.092500000002","11397.705000000002","1705.0162500000001","0","939.49875","1341.58875","26278.901250000003","10639.92","10763.64","1256.53125","0","777.11625","966.5625","24403.76999999999","0","0","0","0","0","0","0","0","0","0","0","0","0","0","0","0","0","0","0","0","0","10554.8625","11896.45125","1832.6025","0","726.855","1136.6775","26147.44875","10887.359999999999","11451.832499999999","1693.4174999999998","0","900.8362500000001","1117.34625","26050.792500000014","10616.7225","11103.870000000003","1318.39125","0","769.38375","993.62625","24801.99375","0","0","0","0","0","0","0","0","0","0","0","0","0","0","0","0","0","0","0","0","0","10860.296250000001","11556.22125","1793.9399999999998","0","750.0525","1202.40375","26162.91375","10968.551250000002","11490.495","1693.4175","0","908.56875","1229.4675000000002","26290.5","10810.035","10875.76125","1244.9325","0","862.17375","827.3775","24620.279999999988","0","0","0","0","0","0","0","0","0","0","0","0","0","0","0","0","0","0","0","0","0","10210.766249999999","11022.678750000003","1871.2649999999999","0","750.0525","1225.6012500000002","25080.363749999997","10883.49375","10972.417500000003","1650.8887499999998","0","916.30125","1167.6075","25590.708749999998","10694.047499999999","10601.2575","1202.40375","0","866.04","873.7725","24237.52125","0","0","0","0","0","0","0","0","0","0","0","0","0","0","0","0","0","0","0","0","0","10454.34","11138.666250000002","1805.5387500000002","0","750.0525","1132.81125","25281.408750000017","11250.787500000002","11614.215000000002","1654.755","0","889.2375","1326.12375","26735.118749999998","10755.907499999996","11227.59","1391.85","0","750.0525","811.9124999999999","24937.31250000001","0","0","0","0","0","0","0","0","0","0","0","0","0","0","0","0","0","0","0","0","0","10473.67125","11022.67875","1728.21375","0","695.925","1194.6712499999999","25115.16","10875.761250000001","12043.36875","1650.8887499999998","0","970.42875","1256.53125","26796.978750000013","10489.136249999998","11072.939999999997","1295.1937500000001","0","893.10375","827.3775","24577.75125000001","0","0","0","0","0","0","0","0","0","0","0","0","0","0","0","0","0","0","0","0","0","10574.19375","11173.4625","1948.5900000000001","0","750.0525","1268.1299999999999","25714.428749999992","11069.073749999998","11695.406250000004","1732.08","0","943.365","1357.0537499999998","26796.978750000002","10833.232499999998","10902.824999999997","1229.4675","0","808.0462500000001","908.56875","24682.14","0","0","0","0","0","0","0","0","0","0","0","0","0","0","0","0","0","0","0","0","0","10593.525000000003","11811.39375","1747.545","0","719.1225","1175.34","26046.926249999997","10508.4675","11533.023750000002","1701.15","0","935.6324999999999","1395.71625","26073.98999999999","10964.685","11138.66625","1264.26375","0","954.96375","1086.41625","25408.994999999995","0","0","0","0","0","0","0","0","0","0","0","0","0","0","0","0","0","0","0","0","0","10837.09875","10976.283750000002","1677.9524999999999","0","780.9825","1175.3400000000001","25447.657500000005","10984.016249999999","11386.10625","1647.0225","0","904.7025000000001","1132.81125","26054.658749999995","10945.35375","10632.187500000004","1302.92625","0","877.63875","1001.35875","24759.46499999999","0","0","0","0","0","0","0","0","0","0","0","0","0","0","0","0","0","0","0","0","0","10547.13","10964.685","1770.7425","0","788.7149999999999","1156.00875","25227.28125","10280.358750000001","11409.303749999997","1654.755","0","958.83","1326.12375","25629.371249999993","10469.804999999998","11084.53875","1345.455","0","900.83625","927.9000000000001","24728.535000000003","0","0","0","0","0","0","0","0","0","0","0","0","0","0","0","0","0","0","0","0","0","10419.543749999999","12020.171249999998","1786.2075","0","773.25","1132.81125","26131.983750000007","10833.232499999998","12259.878749999998","1577.4299999999998","0","939.49875","1268.1299999999999","26878.170000000013","10508.467500000002","10995.615","1271.9962499999997","0","711.3900000000001","1024.5562499999999","24512.025000000005","0","0","0","0","0","0","0","0","0","0","0","0","0","0","0","0","0","0","0","0","0","10632.1875","11478.896250000002","1875.13125","0","773.25","1036.155","25795.620000000006","10891.226250000002","11440.233750000001","1619.95875","0","951.0975","1186.93875","26089.454999999998","11061.341249999996","10991.748749999999","1210.1362500000002","0","726.855","811.9125","24801.99374999999","0","0","0","0","0","0","0","0","0","0","0","0","0","0","0","0","0","0","0","0","0","10512.333749999998","11362.908749999999","1801.6725","0","765.5174999999999","1221.7350000000001","25664.1675","10767.506250000002","11757.26625","1650.8887499999998","0","962.69625","1407.315","26545.672499999993","10608.990000000002","11397.705","1299.06","0","831.2437500000001","831.24375","24968.2425","0","0","0","0","0","0","0","0","0","0","0","0","0","0","0","0","0","0","0","0","0","10902.824999999997","11826.85875","1836.4687499999998","0","750.0525","1101.88125","26418.08624999999","10802.302500000002","11919.648750000004","1639.29","0","924.03375","1229.4675","26514.7425","10520.066249999998","10578.060000000001","1244.9325","0","862.17375","862.17375","24067.40625","0","0","0","0","0","0","0","0","0","0","0","0","0","0","0","0","0","0","0","0","0","10914.42375","11904.183749999998","1759.14375","0","734.5875","1194.67125","26507.010000000013","10516.2","11517.55875","1766.87625","0","904.7025","1105.7475","25811.085000000003","10578.059999999996","11107.736249999998","1310.65875","0","757.785","993.62625","24747.866250000006","0","0","0","0","0","0","0","0","0","0","0","0","0","0","0","0","0","0","0","0","0","10798.436249999997","10976.283749999999","1778.475","0","757.785","1136.6775","25447.657500000005","10616.722499999996","12024.037500000002","1596.76125","0","862.1737499999999","1214.0025","26313.69749999999","10373.148749999998","10717.245","1275.8625","0","773.25","1012.9575","24152.46375","0","0","0","0","0","0","0","0","0","0","0","0","0","0","0","0","0","0","0","0","0","10717.245","11447.966250000001","1732.08","0","750.0525","1186.93875","25834.2825","11018.8125","11691.540000000003","1674.0862499999998","0","850.575","1299.0600000000002","26534.073750000003","10562.594999999998","11088.405000000002","1283.5949999999998","0","811.9124999999999","1059.3525","24805.859999999997","0","0","0","0","0","0","0","0","0","0","0","0","0","0","0","0","0","0","0","0","0","10601.257500000002","11850.056250000001","1878.9974999999997","0","719.1225","1140.5437499999998","26189.9775","10829.366250000001","11645.144999999999","1666.3537499999998","0","869.90625","1225.6012500000002","26236.3725","10585.792500000003","10810.034999999998","1337.7224999999999","0","804.1800000000001","970.42875","24508.158749999984","0","0","0","0","0","0","0","0","0","0","0","0","0","0","0","0","0","0","0","0","0","10299.690000000002","11548.488750000002","1913.7937499999998","0","742.3199999999999","1183.0724999999998","25687.365","10106.377500000004","11471.16375","1666.35375","0","827.3775","1225.60125","25296.873750000006","10245.562499999998","10659.251250000001","1183.0725","0","842.8425","1036.155","23966.883749999986","0","0","0","0","0","0","0","0","0","0","0","0","0","0","0","0","0","0","0","0","0","10485.269999999997","11382.24","1851.9337500000001","0","719.1225","1198.5375","25637.10375","10949.220000000001","11826.858750000001","1770.7425","0","924.03375","1279.7287499999998","26750.583750000013","10477.537500000004","10558.728750000004","1326.12375","0","792.58125","1109.61375","24264.584999999992","0","0","0","0","0","0","0","0","0","0","0","0","0","0","0","0","0","0","0","0","0","10744.30875","11494.36125","1832.6025","0","703.6575","1248.79875","26023.728749999995","10562.595000000001","11645.145","1689.5512500000002","0","927.9000000000001","1078.68375","25903.875","10550.99625","11065.2075","1275.8625","0","730.72125","893.10375","24515.89124999999","0","0","0","0","0","0","0","0","0","0","0","0","0","0","0","0","0","0","0","0","0","10597.391249999997","11196.660000000003","1821.0037499999999","0","773.25","1117.3462499999998","25505.651250000003","10995.614999999998","12151.623749999999","1708.8825","0","869.90625","1186.93875","26912.966250000012","10659.251249999998","11401.57125","1349.32125","0","773.25","900.8362499999998","25084.23","0","0","0","0","0","0","0","0","0","0","0","0","0","0","0","0","0","0","0","0","0","10493.002499999999","11359.0425","1824.87","0","773.25","1128.945","25579.10999999999","10504.60125","11819.126249999998","1693.4175","0","896.9699999999999","1171.4737499999999","26085.58874999999","10871.895","10956.952500000003","1384.1175","0","769.38375","1140.54375","25122.892499999987","0","0","0","0","0","0","0","0","0","0","0","0","0","0","0","0","0","0","0","0","0","10496.868750000003","11212.125000000004","1720.4812499999998","0","742.3199999999999","1132.8112500000002","25304.606250000004","10752.04125","11378.37375","1759.14375","0","908.5687499999999","1291.3274999999999","26089.454999999994","10922.156250000002","11142.532500000003","1264.2637499999998","0","811.9125","862.1737500000002","25003.038750000003","0","0","0","0","0","0","0","0","0","0","0","0","0","0","0","0","0","0","0","0","0","10798.436250000002","11339.711249999998","1855.8","0","726.855","1175.34","25896.142499999998","11161.86375","11540.756249999999","1689.5512499999998","0","935.6324999999999","1152.1425000000002","26479.946249999994","10759.773750000004","11235.322499999998","1391.85","0","815.7787500000001","1136.6775","25339.402500000004","0","0","0","0","0","0","0","0","0","0","0","0","0","0","0","0","0","0","0","0","0","10319.021250000003","11154.131250000002","1824.8699999999997","0","757.785","1067.0849999999998","25122.892500000013","10995.615","11347.44375","1523.3024999999998","0","877.63875","1198.5375","25942.537500000013","10659.251250000001","11277.851249999998","1256.53125","0","815.77875","858.3075","24867.720000000005","0","0","0","0","0","0","0","0","0","0","0","0","0","0","0","0","0","0","0","0","0","10485.270000000002","11486.628750000003","1805.5387499999997","0","734.5875","1225.6012500000002","25737.626250000005","10632.187500000002","11072.939999999997","1650.8887499999998","0","823.51125","1179.2062500000002","25358.733749999996","10411.811250000002","10516.200000000003","1256.53125","0","792.58125","1001.3587500000001","23978.482500000006","0","0","0","0","0","0","0","0","0","0","0","0","0","0","0","0","0","0","0","0","0","10786.8375","11069.073750000003","1739.8124999999998","0","780.9825","1144.4099999999999","25521.116250000017","10937.621249999997","11977.6425","1739.8125","0","904.7024999999999","1221.735","26781.51375","10666.983750000001","10736.576250000004","1329.9899999999998","0","842.8425","935.6324999999999","24512.024999999994","0","0","0","0","0","0","0","0","0","0","0","0","0","0","0","0","0","0","0","0","0","10520.066250000002","11710.871250000006","1770.7424999999998","0","750.0525","1148.27625","25900.008750000005","10752.041250000004","11482.762499999999","1604.4937499999999","0","927.9","1244.9325","26012.12999999999","10871.895000000002","10775.238749999997","1237.1999999999998","0","777.11625","1221.735","24883.184999999994","0","0","0","0","0","0","0","0","0","0","0","0","0","0","0","0","0","0","0","0","0","10651.51875","11192.79375","1855.7999999999997","0","726.855","1244.9325","25671.899999999994","11401.57125","11591.0175","1824.8700000000001","0","978.16125","1252.665","27048.284999999993","10945.353750000002","10779.105","1268.13","0","904.7025","1001.35875","24898.65","0","0","0","0","0","0","0","0","0","0","0","0","0","0","0","0","0","0","0","0","0","10535.531250000002","11788.196249999999","1801.6725000000001","0","765.5174999999999","1113.4799999999998","26004.397500000006","10991.74875","11270.118749999998","1581.29625","0","1001.3587500000001","1271.9962500000001","26116.518750000003","10226.231250000003","10755.9075","1318.39125","0","889.2375","900.8362500000001","24090.603750000002","0","0","0","0","0","0","0","0","0","0","0","0","0","0","0","0","0","0","0","0","0","10670.85","11308.781249999998","1782.34125","0","726.855","1179.20625","25668.03375","10984.016249999999","11908.049999999996","1643.15625","0","924.03375","1314.525","26773.781249999993","10817.767499999998","11018.812500000002","1318.39125","0","784.84875","974.2950000000001","24914.114999999994","0","0","0","0","0","0","0","0","0","0","0","0","0","0","0","0","0","0","0","0","0","10686.315","11409.30375","1902.195","0","773.25","1148.27625","25919.340000000004","11235.322500000002","12368.133749999999","1662.4875000000002","0","1009.09125","1275.8625","27550.897499999995","10636.053750000005","10790.70375","1349.32125","0","893.10375","1078.68375","24747.86625","0","0","0","0","0","0","0","0","0","0","0","0","0","0","0","0","0","0","0","0","0","10601.2575","11316.513750000002","1921.52625","0","726.855","1167.6074999999998","25733.759999999995","10840.965","11822.9925","1705.0162500000001","0","862.1737499999999","1190.8049999999998","26421.9525","10504.601250000003","10875.761250000001","1291.3274999999999","0","804.18","974.2950000000001","24450.165","0","0","0","0","0","0","0","0","0","0","0","0","0","0","0","0","0","0","0","0","0","10833.232499999998","11494.36125","1859.6662499999998","0","773.25","1128.945","26089.45500000001","10926.022500000001","11873.253749999998","1623.825","0","908.5687499999999","1140.54375","26472.21374999999","10616.7225","10694.0475","1295.19375","0","850.575","935.6324999999999","24392.171249999996","0","0","0","0","0","0","0","0","0","0","0","0","0","0","0","0","0","0","0","0","0","10574.19375","11351.310000000001","1666.35375","0","780.9825","1221.7350000000001","25594.57499999999","10972.4175","11776.597499999996","1662.4875","0","927.9000000000001","1229.4675000000002","26568.870000000006","10373.148749999998","11007.213750000003","1287.4612499999998","0","858.3075000000001","1005.225","24531.35625000001","0","0","0","0","0","0","0","0","0","0","0","0","0","0","0","0","0","0","0","0","0","10651.518750000001","11888.718749999996","1801.6725","0","788.7149999999999","1190.805","26321.429999999997","10871.895000000002","11362.908749999999","1705.01625","0","893.10375","1345.455","26178.378750000007","10620.58875","10941.487500000001","1256.53125","0","889.2375","804.1800000000001","24512.025000000005","0","0","0","0","0","0","0","0","0","0","0","0","0","0","0","0","0","0","0","0","0","10411.811249999999","11857.788750000002","1836.46875","0","780.9825","1252.665","26139.71625","10833.2325","12039.5025","1701.15","0","893.10375","1067.085","26534.073750000003","10303.556250000001","10697.913750000002","1302.92625","0","800.3137499999999","896.97","24001.679999999997","0","0","0","0","0","0","0","0","0","0","0","0","0","0","0","0","0","0","0","0","0","10562.595","11587.151249999997","1739.8125","0","750.0525","1190.8049999999998","25830.41624999999","11486.62875","11494.361249999998","1708.8825","0","943.365","1183.0725000000002","26816.310000000005","10632.1875","11227.589999999998","1256.53125","0","753.91875","1098.015","24968.24249999999","0","0","0","0","0","0","0","0","0","0","0","0","0","0","0","0","0","0","0","0","0","10601.257500000002","11536.890000000001","1906.0612499999997","0","780.9825","1163.74125","25988.932500000006","11181.194999999998","11853.922500000002","1689.55125","0","869.90625","1194.6712499999999","26789.246250000004","10616.722500000005","10987.882499999996","1291.3274999999999","0","811.9124999999999","924.03375","24631.87875","0","0","0","0","0","0","0","0","0","0","0","0","0","0","0","0","0","0","0","0","0","10620.588749999999","11185.06125","1886.73","0","726.855","1190.8049999999998","25610.04","10779.105000000001","11428.634999999997","1693.4175","0","982.0274999999999","1287.46125","26170.646250000005","11049.7425","11115.468750000004","1283.595","0","846.70875","958.83","25254.345","0","0","0","0","0","0","0","0","0","0","0","0","0","0","0","0","0","0","0","0","0","10535.531250000002","12341.069999999996","1875.13125","0","765.5174999999999","1217.8687499999999","26735.118750000005","11142.532500000003","11378.373749999997","1589.0287500000002","0","881.5050000000001","1368.6525000000001","26360.092500000002","10338.3525","11038.143749999997","1291.3275","0","858.3075","935.6324999999999","24461.76374999998","0","0","0","0","0","0","0","0","0","0","0","0","0","0","0","0","0","0","0","0","0","10373.148750000002","11575.552499999998","1793.94","0","765.5174999999999","1163.7412499999998","25671.899999999998","10477.537499999999","11962.177500000005","1654.755","0","951.0975000000001","1248.79875","26294.36625","10558.728750000002","10914.42375","1256.53125","0","750.0525","954.96375","24434.7","0","0","0","0","0","0","0","0","0","0","0","0","0","0","0","0","0","0","0","0","0","10782.971250000004","11649.011249999998","1821.0037499999999","0","757.785","1171.47375","26182.244999999995","11065.207499999997","11656.74375","1701.1499999999999","0","827.3775","1275.8625","26526.34125","10280.35875","11239.188750000001","1295.1937500000001","0","900.83625","1121.2125","24836.789999999997","0","0","0","0","0","0","0","0","0","0","0","0","0","0","0","0","0","0","0","0","0","10728.84375","11552.355000000003","1778.475","0","765.5174999999999","1159.875","25985.066249999996","10523.932499999997","12062.699999999999","1589.02875","0","951.0974999999999","1333.8562499999998","26460.61500000001","10686.314999999999","10388.613749999999","1210.1362499999998","0","842.8425","924.0337499999999","24051.94125","0","0","0","0","0","0","0","0","0","0","0","0","0","0","0","0","0","0","0","0","0","10651.51875","11355.176249999999","1801.6725","0","765.5174999999999","1144.4099999999999","25718.295","10697.91375","11563.953750000002","1619.9587499999998","0","912.435","1368.6525000000001","26162.91374999999","10353.8175","10856.430000000002","1271.99625","0","885.3712499999999","1082.55","24450.164999999997","0","0","0","0","0","0","0","0","0","0","0","0","0","0","0","0","0","0","0","0","0","10407.945000000002","11533.023750000004","1832.6025","0","742.3199999999999","1275.8625000000002","25791.75375","10628.32125","11993.1075","1635.42375","0","869.90625","1210.13625","26336.895000000008","10682.44875","10612.856249999997","1306.7925","0","869.90625","889.2375000000001","24361.241249999992","0","0","0","0","0","0","0","0","0","0","0","0","0","0","0","0","0","0","0","0","0","10520.066250000002","11517.55875","1786.2074999999998","0","742.3199999999999","1186.9387499999998","25753.091249999987","10817.767499999998","11625.813749999998","1612.22625","0","947.23125","1264.2637499999998","26267.302499999998","10442.741250000003","10527.798749999998","1337.7224999999999","0","780.9825000000001","1020.69","24109.934999999998","0","0","0","0","0","0","0","0","0","0","0","0","0","0","0","0","0","0","0","0","0","10574.19375","11417.036250000001","1689.55125","0","750.0525","1194.6712499999999","25625.504999999994","11351.310000000001","11142.5325","1565.83125","0","916.30125","1136.6775","26112.652500000004","10357.68375","11316.513750000004","1322.2574999999997","0","773.25","951.0975","24720.802499999998","0","0","0","0","0","0","0","0","0","0","0","0","0","0","0","0","0","0","0","0","0","10860.29625","11397.705000000002","1855.8","0","773.25","1140.54375","26027.594999999998","10953.086249999998","11946.712499999998","1561.9650000000001","0","896.97","1256.53125","26615.264999999996","10732.709999999997","10844.831249999997","1306.7924999999998","0","862.1737499999999","1082.5500000000002","24829.0575","0","0","0","0","0","0","0","0","0","0","0","0","0","0","0","0","0","0","0","0","0","10666.983750000005","11440.233749999996","1797.8062499999996","0","726.855","1202.40375","25834.282499999998","10516.199999999999","11529.1575","1635.42375","0","962.69625","1283.5949999999998","25927.072499999995","10427.27625","11154.131250000002","1221.735","0","707.5237500000001","982.0274999999999","24492.693750000006","0","0","0","0","0","0","0","0","0","0","0","0","0","0","0","0","0","0","0","0","0","10786.837499999996","11212.124999999998","1824.87","0","765.5174999999999","1179.2062499999997","25768.55625","10806.168750000003","11378.37375","1677.9525","0","889.2375","1299.06","26050.792499999992","10879.627500000004","10581.92625","1167.6075","0","862.1737499999999","904.7025","24396.037500000006","0","0","0","0","0","0","0","0","0","0","0","0","0","0","0","0","0","0","0","0","0","10504.60125","11838.457499999999","1828.73625","0","703.6575","1194.67125","26070.123750000006","11447.966250000001","11397.705","1650.8887499999996","0","958.8299999999999","1244.9325","26700.322500000002","10856.430000000002","11127.067499999996","1210.13625","0","846.70875","962.6962500000001","25003.03875","0","0","0","0","0","0","0","0","0","0","0","0","0","0","0","0","0","0","0","0","0","10508.467499999997","11699.272499999995","1821.0037499999999","0","742.3199999999999","1233.33375","26004.397500000003","10922.15625","11880.986250000004","1616.0925","0","900.8362500000001","1275.8625","26595.93375","10566.461249999998","10771.372499999998","1318.39125","0","784.84875","1016.82375","24457.8975","0","0","0","0","0","0","0","0","0","0","0","0","0","0","0","0","0","0","0","0","0","10868.028749999998","11552.355000000001","1917.6599999999999","0","750.0525","1183.0725","26271.168750000004","10659.251249999998","11587.151249999999","1701.1499999999999","0","916.30125","1357.05375","26220.90750000001","10527.798749999998","10810.034999999996","1283.5949999999998","0","842.8425","1101.88125","24566.152500000004","0","0","0","0","0","0","0","0","0","0","0","0","0","0","0","0","0","0","0","0","0","10516.199999999999","11258.519999999999","1821.00375","0","773.25","1047.75375","25416.727500000005","10581.926249999999","11451.832500000002","1654.7549999999997","0","951.0975","1241.0662499999999","25880.67749999999","10891.226249999998","10763.640000000001","1271.9962500000001","0","796.4475","1016.82375","24740.133750000005","0","0","0","0","0","0","0","0","0","0","0","0","0","0","0","0","0","0","0","0","0","10520.06625","11057.474999999999","1809.4049999999997","0","750.0525","1070.9512499999998","25207.950000000004","10690.181249999998","11799.795000000004","1627.69125","0","935.6324999999999","1175.34","26228.640000000014","10299.690000000004","11324.24625","1364.78625","0","788.7149999999999","970.42875","24747.86624999999","0","0","0","0","0","0","0","0","0","0","0","0","0","0","0","0","0","0","0","0","0","10315.155000000004","12078.165000000003","1747.5449999999998","0","742.3199999999999","1159.875","26043.059999999994","10779.105000000001","11973.776249999999","1666.35375","0","916.30125","1264.26375","26599.800000000007","9866.670000000002","11003.347499999998","1345.4549999999997","0","854.4412500000001","1043.8875","24113.80125","0","0","0","0","0","0","0","0","0","0","0","0","0","0","0","0","0","0","0","0","0","10349.95125","11722.47","1898.3287499999997","0","780.9825","1183.0725","25934.805000000004","10612.85625","11772.731249999999","1708.8824999999997","0","997.4925","1299.06","26391.02249999999","10926.0225","11034.277500000006","1318.39125","0","734.5875","1067.085","25080.36374999999","0","0","0","0","0","0","0","0","0","0","0","0","0","0","0","0","0","0","0","0","0","10481.403750000001","11509.82625","1871.2649999999999","0","719.1225","1283.595","25865.212499999998","11355.17625","11884.852499999997","1701.1499999999999","0","927.8999999999999","1241.06625","27110.145000000008","10632.1875","11034.2775","1229.4675","0","761.65125","978.1612499999999","24635.745000000006","0","0","0","0","0","0","0","0","0","0","0","0","0","0","0","0","0","0","0","0","0","10191.435","11846.189999999999","1793.9399999999998","0","726.855","1225.60125","25784.021250000016","10868.028750000003","11911.916249999998","1592.895","0","927.9","1032.28875","26333.02875","10319.021250000003","11185.061249999999","1310.65875","0","788.715","997.4924999999998","24600.948749999992","0","0","0","0","0","0","0","0","0","0","0","0","0","0","0","0","0","0","0","0","0","10469.805","11177.328750000002","1894.4624999999999","0","719.1225","1144.4099999999999","25405.12875","11428.635000000002","11625.813750000001","1639.29","0","896.97","1326.1237500000002","26916.8325","10438.875000000004","10972.417500000001","1156.00875","0","811.9125","1005.2249999999999","24384.438749999998","0","0","0","0","0","0","0","0","0","0","0","0","0","0","0","0","0","0","0","0","0","10713.37875","11931.2475","1840.3349999999998","0","773.25","1125.07875","26383.289999999997","10945.353750000002","11602.616250000001","1639.29","0","947.2312499999999","1244.9325","26379.423749999994","10523.9325","10856.430000000002","1210.13625","0","889.2375","881.505","24361.24125","0","0","0","0","0","0","0","0","0","0","0","0","0","0","0","0","0","0","0","0","0","10701.78","11703.13875","1732.0799999999997","0","742.3199999999999","1252.665","26131.983749999996","11084.538750000002","11420.902499999998","1677.9525","0","885.3712499999999","1125.07875","26193.843750000007","11297.1825","10732.710000000001","1237.2","0","746.18625","1028.4225","25041.701250000016","0","0","0","0","0","0","0","0","0","0","0","0","0","0","0","0","0","0","0","0","0","10508.467500000004","11420.9025","1782.34125","0","719.1225","1237.2","25668.03375","10744.308750000002","11776.5975","1647.0224999999998","0","966.5625000000001","1248.79875","26383.29","11285.583750000002","10713.378750000002","1349.32125","0","676.59375","846.70875","24871.586249999993","0","0","0","0","0","0","0","0","0","0","0","0","0","0","0","0","0","0","0","0","0","10844.83125","12116.827500000001","1840.3349999999998","0","750.0525","1190.8049999999998","26742.85125","10543.263750000002","11355.176249999997","1596.76125","0","931.7662499999999","1233.33375","25660.30125","10670.85","10918.289999999997","1357.05375","0","838.9762499999999","1156.00875","24941.178749999992","0","0","0","0","0","0","0","0","0","0","0","0","0","0","0","0","0","0","0","0","0","10779.105","11463.431250000003","1790.0737499999998","0","750.0525","1063.21875","25845.881250000002","10763.64","11583.285000000002","1697.28375","0","927.9","1434.3787499999999","26406.48750000001","10620.58875","11343.577499999998","1318.39125","0","680.46","954.96375","24917.981249999997","0","0","0","0","0","0","0","0","0","0","0","0","0","0","0","0","0","0","0","0","0","10268.76","10891.226250000002","1902.1950000000002","0","719.1225","1198.5375","24979.84125000001","11045.87625","11444.099999999997","1677.9524999999999","0","916.30125","1337.7225","26421.952499999996","11042.01","10655.384999999997","1291.3274999999999","0","788.7149999999999","893.10375","24670.541250000006","0","0","0","0","0","0","0","0","0","0","0","0","0","0","0","0","0","0","0","0","0","10396.346250000002","11621.947499999998","1782.34125","0","773.25","1194.6712499999999","25768.556249999998","10782.97125","10968.551250000004","1759.14375","0","885.3712499999999","1360.92","25756.9575","10183.702499999998","10129.574999999999","1302.92625","0","788.715","989.76","23394.678750000014","0","0","0","0","0","0","0","0","0","0","0","0","0","0","0","0","0","0","0","0","0","10562.595000000001","11386.106249999999","1828.73625","0","750.0525","1171.4737499999999","25698.963749999995","10972.417500000003","10956.952499999998","1569.6974999999998","0","997.4925","1329.9899999999998","25826.550000000003","10500.735","10450.473750000003","1310.65875","0","842.8425000000001","815.7787500000001","23920.48875000001","0","0","0","0","0","0","0","0","0","0","0","0","0","0","0","0","0","0","0","0","0","10883.493750000001","11606.4825","1851.9337500000001","0","734.5875","1229.4675","26305.965000000004","10941.487500000003","11544.6225","1654.755","0","877.6387500000001","1341.58875","26360.0925","10879.6275","11297.182500000003","1329.9899999999998","0","777.11625","931.76625","25215.682499999995","0","0","0","0","0","0","0","0","0","0","0","0","0","0","0","0","0","0","0","0","0","10539.3975","11471.163749999998","1763.0099999999998","0","750.0525","1163.74125","25687.365","10829.36625","11204.392499999998","1604.4937499999999","0","931.7662499999999","1256.53125","25826.54999999999","10817.767500000002","10790.70375","1372.51875","0","877.6387500000001","1005.225","24863.85375","0","0","0","0","0","0","0","0","0","0","0","0","0","0","0","0","0","0","0","0","0","10481.403749999996","11602.616250000003","1859.6662499999998","0","773.25","1190.8049999999998","25907.741249999995","11061.34125","11768.865","1751.4112499999999","0","846.70875","1217.86875","26646.19500000001","10871.895","11007.213749999999","1237.1999999999998","0","773.25","1001.3587500000001","24890.917500000007","0","0","0","0","0","0","0","0","0","0","0","0","0","0","0","0","0","0","0","0","0","10686.314999999999","11297.1825","1851.9337500000001","0","757.785","1268.13","25861.346250000002","10531.665000000005","11517.55875","1608.36","0","985.89375","1167.6075","25811.085000000014","10690.181250000003","10960.81875","1310.65875","0","827.3775","970.42875","24759.465","0","0","0","0","0","0","0","0","0","0","0","0","0","0","0","0","0","0","0","0","0","10566.461250000002","11521.425","1902.195","0","750.0525","1241.0662499999999","25981.200000000004","11366.774999999998","11618.081250000001","1666.3537499999998","0","908.5687499999999","1217.8687499999999","26777.647500000006","10450.473750000001","10987.882500000002","1248.79875","0","893.10375","1005.225","24585.48375","0","0","0","0","0","0","0","0","0","0","0","0","0","0","0","0","0","0","0","0","0","10744.308750000002","11730.202500000001","1786.2074999999998","0","765.5174999999999","1252.665","26278.901250000006","10326.753749999998","11517.558749999998","1565.8312500000002","0","951.0975000000001","1264.2637499999998","25625.505","10686.314999999999","11096.137499999999","1229.4675","0","823.51125","1032.2887500000002","24867.72","0","0","0","0","0","0","0","0","0","0","0","0","0","0","0","0","0","0","0","0","0","10593.525000000003","11938.980000000003","1809.4049999999997","0","773.25","1202.40375","26317.563749999994","10523.932499999997","11996.97375","1743.6787499999998","0","889.2375000000001","1306.7924999999998","26460.61500000001","10748.175","10666.983750000003","1237.2","0","804.1800000000001","1140.54375","24597.082499999997","0","0","0","0","0","0","0","0","0","0","0","0","0","0","0","0","0","0","0","0","0","10817.7675","11455.698750000001","1824.87","0","742.3199999999999","1229.4675","26070.123749999995","11154.131250000002","11780.46375","1581.2962499999999","0","920.1675","1221.735","26657.79375","10798.436250000002","11169.59625","1337.7224999999999","0","738.45375","993.6262499999999","25037.835","0","0","0","0","0","0","0","0","0","0","0","0","0","0","0","0","0","0","0","0","0","10462.072499999998","11188.927500000002","1902.195","0","773.25","1217.86875","25544.313750000005","10767.50625","11525.291249999998","1670.22","0","935.6324999999999","1179.20625","26077.85625","11436.367499999995","10984.01625","1264.26375","0","850.5749999999999","873.7724999999999","25408.995000000006","0","0","0","0","0","0","0","0","0","0","0","0","0","0","0","0","0","0","0","0","0","10775.238750000002","11200.526250000003","1859.6662499999998","0","757.785","1252.665","25845.88125","10941.487499999996","11467.2975","1658.6212500000001","0","854.4412500000001","1233.33375","26155.18125","10724.977499999999","10929.88875","1345.455","0","831.2437500000001","831.24375","24662.808749999993","0","0","0","0","0","0","0","0","0","0","0","0","0","0","0","0","0","0","0","0","0"
,"10585.792500000003","11084.53875","1770.7424999999998","0","765.5174999999999","1214.0024999999998","25420.593749999996","10454.339999999997","11846.189999999997","1662.4875","0","920.1675","1210.13625","26093.32125","10670.849999999999","10810.035000000003","1302.92625","0","831.2437500000001","726.855","24341.91","0","0","0","0","0","0","0","0","0","0","0","0","0","0","0","0","0","0","0","0","0","10779.105000000003","11637.412500000002","1790.0737500000002","0","726.855","1070.95125","26004.397499999992","10694.047499999997","11587.151249999999","1608.36","0","881.5049999999999","1109.61375","25880.6775","11007.213749999997","11011.08","1310.6587499999998","0","707.5237500000001","1098.015","25134.491250000006","0","0","0","0","0","0","0","0","0","0","0","0","0","0","0","0","0","0","0","0","0","10543.263750000002","11030.411250000001","1809.405","0","773.25","1210.13625","25366.466250000012","11065.2075","11877.12","1689.55125","0","924.0337499999998","1183.0725","26738.984999999993","10361.55","11386.106250000004","1183.0725","0","866.04","974.2950000000001","24771.06375000001","0","0","0","0","0","0","0","0","0","0","0","0","0","0","0","0","0","0","0","0","0","10694.0475","11420.902500000002","1786.2075","0","780.9825","1078.68375","25760.823750000007","10636.053750000001","11649.011250000001","1739.8124999999998","0","947.23125","1291.3275","26263.436250000002","10833.232500000002","10427.276249999997","1357.05375","0","750.0525","1144.4099999999999","24512.025","0","0","0","0","0","0","0","0","0","0","0","0","0","0","0","0","0","0","0","0","0","10369.282499999996","11598.749999999998","1728.21375","0","757.785","1163.7412499999998","25617.772500000003","10512.333750000002","11594.883749999999","1639.29","0","924.03375","1190.805","25861.346250000006","11026.545000000002","11219.857500000004","1256.53125","0","869.90625","989.76","25362.600000000002","0","0","0","0","0","0","0","0","0","0","0","0","0","0","0","0","0","0","0","0","0","10709.5125","11521.425","1886.7299999999998","0","750.0525","1152.1425","26019.862500000003","11208.25875","11598.749999999998","1677.9524999999999","0","985.89375","1310.65875","26781.51375","10369.2825","11042.01","1322.2575000000002","0","858.3074999999999","1156.00875","24747.866250000003","0","0","0","0","0","0","0","0","0","0","0","0","0","0","0","0","0","0","0","0","0","10810.035000000002","11695.406249999998","1728.21375","0","765.5174999999999","1179.20625","26178.37875","11076.806250000003","11908.049999999996","1693.4174999999998","0","939.49875","1221.735","26839.507500000014","10083.179999999997","11103.870000000003","1275.8625","0","850.575","974.2950000000001","24287.78250000001","0","0","0","0","0","0","0","0","0","0","0","0","0","0","0","0","0","0","0","0","0","11014.94625","11467.297499999999","1851.9337499999997","0","773.25","1136.6774999999998","26244.105000000003","11165.730000000001","11834.591250000003","1577.43","0","912.435","1090.2825","26580.468749999996","11042.01","10636.053749999997","1291.3274999999999","0","873.7725","1121.2125","24964.376250000005","0","0","0","0","0","0","0","0","0","0","0","0","0","0","0","0","0","0","0","0","0","10550.996249999995","11374.507500000005","1828.73625","0","757.785","1086.41625","25598.441250000007","10976.283749999997","11799.795000000002","1627.69125","0","947.23125","1271.99625","26622.9975","10802.302500000003","11123.201250000002","1318.39125","0","707.5237500000001","1082.55","25033.968749999996","0","0","0","0","0","0","0","0","0","0","0","0","0","0","0","0","0","0","0","0","0","10319.02125","11057.475","1705.0162500000001","0","780.9825","1295.1937500000001","25157.688750000005","10636.053750000001","11513.692500000005","1650.88875","0","947.23125","1299.06","26046.92625","10489.136250000001","11525.29125","1345.455","0","730.72125","974.2950000000001","25064.898750000004","0","0","0","0","0","0","0","0","0","0","0","0","0","0","0","0","0","0","0","0","0","10593.525","11606.482499999998","1871.2649999999999","0","773.25","1136.6775","25981.19999999999","10868.02875","11621.947499999998","1546.5","0","927.9","1295.1937500000001","26259.570000000007","10388.61375","11266.2525","1252.665","0","912.435","1012.9575","24832.923749999998","0","0","0","0","0","0","0","0","0","0","0","0","0","0","0","0","0","0","0","0","0","10612.856250000003","11656.743750000001","1774.6087499999999","0","719.1225","1221.735","25985.066250000014","10759.773750000002","11853.9225","1724.3474999999999","0","927.8999999999999","1214.0024999999998","26479.94625","10543.263749999996","10651.518750000003","1364.7862499999999","0","827.3775","1051.6200000000001","24438.566250000003","0","0","0","0","0","0","0","0","0","0","0","0","0","0","0","0","0","0","0","0","0","10968.55125","11169.59625","1770.7425","0","757.785","1302.92625","25969.601250000003","10709.512499999999","10918.289999999999","1534.90125","0","920.1675","1051.62","25134.491249999992","10790.70375","10956.9525","1229.4675","0","854.4412500000001","982.0274999999999","24813.5925","0","0","0","0","0","0","0","0","0","0","0","0","0","0","0","0","0","0","0","0","0","10732.709999999997","10949.220000000001","1801.6724999999997","0","750.0525","1264.26375","25497.91874999999","11057.475","11865.521249999998","1577.4299999999998","0","873.7724999999999","1302.92625","26677.125000000004","10825.500000000004","10570.327499999998","1302.9262499999998","0","866.04","738.45375","24303.247499999998","0","0","0","0","0","0","0","0","0","0","0","0","0","0","0","0","0","0","0","0","0","10601.257500000003","11250.787500000002","1809.405","0","719.1225","1248.79875","25629.371249999997","11185.061249999999","12008.572499999998","1674.0862499999998","0","997.4925000000001","1094.14875","26959.361249999994","10802.302500000002","11018.812500000004","1268.13","0","769.38375","1028.4225","24887.051250000008","0","0","0","0","0","0","0","0","0","0","0","0","0","0","0","0","0","0","0","0","0","10373.148750000002","11146.39875","1828.7362499999997","0","734.5875","1248.79875","25331.67","10949.220000000003","11610.348749999997","1685.6849999999997","0","935.6324999999999","1291.3275","26472.213750000006","10589.658750000002","10972.417500000001","1310.65875","0","842.8425","912.435","24628.012500000004","0","0","0","0","0","0","0","0","0","0","0","0","0","0","0","0","0","0","0","0","0","10303.55625","11231.456250000003","1840.3349999999998","0","780.9825","1144.4099999999999","25300.739999999994","10601.2575","11873.253750000002","1647.0224999999998","0","958.8299999999999","1090.2825","26170.646250000005","10663.117500000004","10686.314999999997","1217.86875","0","889.2375","1020.6899999999999","24477.228750000002","0","0","0","0","0","0","0","0","0","0","0","0","0","0","0","0","0","0","0","0","0","10365.416249999998","11038.143749999997","1832.6025","0","788.7149999999999","1144.41","25169.287500000006","11273.985","11679.941250000003","1612.22625","0","962.6962500000001","1190.805","26719.653749999998","10427.276249999999","10578.059999999998","1376.385","0","893.10375","978.1612500000001","24252.986249999998","0","0","0","0","0","0","0","0","0","0","0","0","0","0","0","0","0","0","0","0","0","10527.798750000002","11339.711250000002","1952.4562499999997","0","757.785","1055.48625","25633.237500000007","11212.125","11486.628749999998","1616.0925","0","896.97","1322.2575","26534.073749999992","10562.595000000003","10666.98375","1237.2","0","796.4475","722.98875","23986.215000000015","0","0","0","0","0","0","0","0","0","0","0","0","0","0","0","0","0","0","0","0","0","10705.646250000003","10771.372500000005","1782.34125","0","780.9825","1125.07875","25165.42125","10980.15","11502.093750000002","1681.81875","0","935.6324999999999","1229.4675","26329.16250000001","10740.442499999997","11030.411250000003","1364.78625","0","893.10375","877.63875","24906.382500000003","0","0","0","0","0","0","0","0","0","0","0","0","0","0","0","0","0","0","0","0","0","10520.06625","11614.215","1747.5449999999998","0","719.1225","1252.665","25853.61375","10682.44875","11505.96","1720.4812499999998","0","869.90625","1260.3975","26039.193750000002","10643.78625","11246.92125","1229.4675","0","808.0462500000001","1020.6899999999999","24948.91125","0","0","0","0","0","0","0","0","0","0","0","0","0","0","0","0","0","0","0","0","0","10674.716250000001","11092.271250000003","1763.01","0","742.3199999999999","1179.20625","25451.523749999982","10547.13","11575.5525","1654.7549999999999","0","900.8362500000001","1299.06","25977.33374999999","10759.773749999997","10995.614999999998","1337.7224999999999","0","827.3775","982.0275","24902.516250000008","0","0","0","0","0","0","0","0","0","0","0","0","0","0","0","0","0","0","0","0","0","10508.467499999999","11359.042500000001","1813.2712499999998","0","765.5174999999999","1163.74125","25610.04","10864.162500000002","11293.31625","1627.69125","0","985.89375","1206.27","25977.333750000005","10655.385000000002","10709.5125","1244.9325","0","792.58125","970.42875","24372.84","0","0","0","0","0","0","0","0","0","0","0","0","0","0","0","0","0","0","0","0","0","10949.220000000003","10786.8375","1747.5449999999996","0","750.0525","1148.27625","25381.931249999998","11192.793749999999","11664.476249999998","1612.22625","0","908.56875","1376.385","26754.450000000008","10315.155000000004","11084.538749999998","1318.39125","0","831.2437499999999","935.6324999999999","24484.961250000004","0","0","0","0","0","0","0","0","0","0","0","0","0","0","0","0","0","0","0","0","0","10481.40375","10771.372500000003","1840.3349999999998","0","734.5875","1101.88125","24929.58","10438.875","11378.373749999997","1507.8374999999999","0","931.7662499999999","1341.58875","25598.44125","10365.416250000002","10906.691250000002","1318.39125","0","808.0462500000001","974.2949999999998","24372.83999999999","0","0","0","0","0","0","0","0","0","0","0","0","0","0","0","0","0","0","0","0","0","10469.805","11378.37375","1909.9274999999998","0","742.3199999999999","1202.40375","25702.83","10968.55125","11161.863749999999","1693.4175","0","974.2950000000001","1260.3975","26058.525000000012","10647.6525","10713.378749999996","1299.06","0","773.25","993.62625","24426.96749999999","0","0","0","0","0","0","0","0","0","0","0","0","0","0","0","0","0","0","0","0","0","10361.550000000003","11877.12","1836.4687499999998","0","734.5875","1175.34","25985.066250000007","10643.78625","11370.64125","1639.2900000000002","0","900.8362500000001","1345.455","25900.008749999994","10895.0925","10612.85625","1175.34","0","908.5687499999999","1001.3587499999999","24593.21625","0","0","0","0","0","0","0","0","0","0","0","0","0","0","0","0","0","0","0","0","0","10636.053749999997","11463.431250000001","1759.14375","0","750.0525","1167.6075","25776.288750000007","11602.61625","11637.4125","1592.895","0","877.63875","1322.2575","27032.81999999998","11065.207500000002","10868.028749999996","1329.9899999999998","0","711.39","997.4925000000001","24972.10875000001","0","0","0","0","0","0","0","0","0","0","0","0","0","0","0","0","0","0","0","0","0","10682.44875","11880.986250000002","1832.6024999999997","0","757.785","1217.8687499999999","26371.691250000003","10744.308749999998","12128.42625","1639.29","0","896.97","1105.7475","26514.742499999993","11049.742499999998","11668.342499999995","1275.8625","0","924.03375","1090.2825","26008.263750000006","0","0","0","0","0","0","0","0","0","0","0","0","0","0","0","0","0","0","0","0","0","10860.296250000003","11853.922500000002","1851.93375","0","719.1225","1152.1425","26437.417499999996","10334.486250000004","11730.202499999998","1561.965","0","947.23125","1275.8625","25849.7475","10852.563750000005","11347.443750000002","1310.6587499999998","0","765.5174999999999","1032.2887500000002","25308.4725","0","0","0","0","0","0","0","0","0","0","0","0","0","0","0","0","0","0","0","0","0","10477.537500000002","11401.571249999999","1759.1437500000002","0","750.0525","1214.0025","25602.307499999988","10960.818750000004","11764.99875","1658.62125","0","943.365","1275.8625","26603.666250000006","10786.8375","10353.8175","1326.12375","0","808.0462499999999","916.30125","24191.126249999998","0","0","0","0","0","0","0","0","0","0","0","0","0","0","0","0","0","0","0","0","0","10728.843749999998","11494.361249999996","1906.0612500000002","0","750.0525","1229.4675000000002","26108.786249999986","11165.73","11196.66","1542.63375","0","939.49875","1217.8687499999999","26062.391249999997","10628.321249999999","10721.111249999998","1368.6525","0","804.18","966.5625","24488.827499999992","0","0","0","0","0","0","0","0","0","0","0","0","0","0","0","0","0","0","0","0","0","10319.021250000002","11243.055","1863.5324999999998","0","750.0525","1117.34625","25293.0075","10953.08625","11451.8325","1658.62125","0","873.7724999999999","1341.58875","26278.90125","10504.60125","10554.862500000001","1217.8687499999999","0","900.8362500000001","927.9","24106.06875","0","0","0","0","0","0","0","0","0","0","0","0","0","0","0","0","0","0","0","0","0","10342.21875","11637.412500000002","1724.3474999999999","0","773.25","1067.0849999999998","25544.31375000001","11038.143750000001","11146.39875","1565.8312500000002","0","970.42875","1206.27","25927.072500000006","10806.16875","10612.856249999999","1275.8625","0","835.11","1179.2062500000002","24709.203749999997","0","0","0","0","0","0","0","0","0","0","0","0","0","0","0","0","0","0","0","0","0","10578.060000000001","10910.557499999999","1809.405","0","773.25","1291.3274999999999","25362.600000000013","10369.2825","12089.76375","1697.2837499999998","0","947.23125","1159.875","26263.43625","10550.996250000002","10848.697499999998","1268.13","0","792.58125","931.7662500000001","24392.171249999996","0","0","0","0","0","0","0","0","0","0","0","0","0","0","0","0","0","0","0","0","0","10523.932499999999","11266.2525","1890.5962499999998","0","742.3199999999999","1171.4737499999999","25594.575000000004","10837.09875","11130.933750000002","1705.01625","0","935.6324999999999","1345.455","25954.13624999998","10462.0725","10535.531249999998","1349.32125","0","900.8362500000001","954.9637500000001","24202.724999999995","0","0","0","0","0","0","0","0","0","0","0","0","0","0","0","0","0","0","0","0","0","10307.422499999999","11494.361249999996","1828.7362500000002","0","765.5174999999999","1221.735","25617.772500000003","10987.882499999998","11529.157499999998","1643.15625","0","997.4925000000001","1260.3975","26418.086250000004","11185.061249999995","10752.041250000002","1256.53125","0","916.30125","951.0975","25061.032500000005","0","0","0","0","0","0","0","0","0","0","0","0","0","0","0","0","0","0","0","0","0","10148.90625","11513.6925","1751.4112499999999","0","719.1225","1190.805","25323.937499999993","10933.755000000003","11614.215000000002","1677.9524999999999","0","931.76625","1248.79875","26406.487499999996","10794.569999999996","11304.914999999999","1291.3274999999999","0","792.58125","1005.2250000000001","25188.61875","0","0","0","0","0","0","0","0","0","0","0","0","0","0","0","0","0","0","0","0","0","10570.327500000001","11146.398749999997","1975.65375","0","742.3199999999999","1117.3462499999998","25552.046250000007","10361.550000000001","11459.564999999997","1697.2837499999998","0","904.7025000000001","1202.40375","25625.50500000001","10779.105","11003.3475","1229.4675","0","827.3775","869.90625","24709.203749999997","0","0","0","0","0","0","0","0","0","0","0","0","0","0","0","0","0","0","0","0","0","10864.162499999997","11699.2725","1790.0737499999998","0","757.785","1117.34625","26228.639999999992","10620.588749999999","11815.26","1705.01625","0","951.0975000000001","1279.72875","26371.691250000007","10168.2375","10833.2325","1329.9899999999998","0","676.59375","916.30125","23924.355000000003","0","0","0","0","0","0","0","0","0","0","0","0","0","0","0","0","0","0","0","0","0","10848.697499999997","11977.642500000002","1832.6025","0","780.9825","1190.8049999999998","26630.73000000001","10871.895000000002","11560.087500000001","1569.6975","0","854.4412500000001","1237.2","26093.321250000005","10612.856250000003","10612.85625","1302.92625","0","726.855","885.37125","24140.865","0","0","0","0","0","0","0","0","0","0","0","0","0","0","0","0","0","0","0","0","0","10593.525000000001","11297.182499999999","1840.3349999999998","0","750.0525","1299.06","25780.155000000002","10748.175000000003","11281.7175","1592.8949999999998","0","896.97","1237.2","25756.957500000004","11123.201250000002","11038.14375","1256.53125","0","761.65125","1024.55625","25204.083749999998","0","0","0","0","0","0","0","0","0","0","0","0","0","0","0","0","0","0","0","0","0","10605.12375","11366.775000000003","1724.3474999999999","0","742.3199999999999","1152.1425","25590.708750000005","11014.946250000003","11707.005000000001","1666.3537500000002","0","954.9637499999999","1090.2825","26433.551250000008","10910.557499999999","11200.526249999999","1291.3275","0","815.77875","858.3075","25076.497499999987","0","0","0","0","0","0","0","0","0","0","0","0","0","0","0","0","0","0","0","0","0","10686.314999999997","11343.577500000003","1898.3287500000001","0","773.25","1183.0725","25884.543750000004","11045.876250000001","12020.17125","1793.9399999999998","0","885.3712499999999","1198.5375","26943.896249999994","10868.028750000001","10995.615","1364.7862499999999","0","800.31375","885.37125","24914.115","0","0","0","0","0","0","0","0","0","0","0","0","0","0","0","0","0","0","0","0","0","10117.976249999998","10910.5575","1851.93375","0","742.3199999999999","1183.0725","24805.860000000015","10435.008749999999","11486.628750000002","1658.62125","0","1009.09125","1291.3274999999999","25880.677499999998","10860.29625","10844.831250000003","1264.2637499999998","0","811.9124999999999","1012.9575","24794.261250000003","0","0","0","0","0","0","0","0","0","0","0","0","0","0","0","0","0","0","0","0","0","10608.99","11417.036250000001","1817.1375","0","750.0525","1082.55","25675.766250000004","10388.61375","11169.596250000002","1658.6212500000001","0","908.56875","1299.06","25424.46000000001","10187.568750000004","10748.175000000001","1322.2575","0","838.9762500000002","1086.41625","24183.39375000001","0","0","0","0","0","0","0","0","0","0","0","0","0","0","0","0","0","0","0","0","0","10670.849999999999","11243.055","1732.08","0","765.5174999999999","1140.54375","25552.046249999996","10949.220000000001","11192.793749999997","1701.1499999999999","0","900.83625","1152.1425","25896.1425","10593.525","10311.288749999998","1256.53125","0","796.4475","974.295","23932.087499999998","0","0","0","0","0","0","0","0","0","0","0","0","0","0","0","0","0","0","0","0","0","10357.68375","11273.985","1929.25875","0","765.5174999999999","1121.2124999999999","25447.657500000005","10512.333750000002","11424.768750000001","1793.94","0","885.3712499999999","1283.5949999999998","25900.008750000005","10562.595000000003","10079.313750000001","1287.46125","0","750.0525","862.1737499999999","23541.596250000002","0","0","0","0","0","0","0","0","0","0","0","0","0","0","0","0","0","0","0","0","0","10284.225000000004","11513.692500000001","1890.59625","0","726.855","1148.27625","25563.644999999997","11239.18875","12020.171250000001","1647.0224999999998","0","935.6324999999999","1279.72875","27121.743749999994","10566.46125","11215.991249999995","1291.3274999999999","0","734.5875","1047.75375","24856.121250000007","0","0","0","0","0","0","0","0","0","0","0","0","0","0","0","0","0","0","0","0","0","10636.053750000003","11563.953750000006","1766.87625","0","773.25","1179.20625","25919.339999999997","10639.92","11525.29125","1735.94625","0","931.7662499999999","1229.4675","26062.39125","10860.296250000001","10620.58875","1299.06","0","854.4412500000001","1024.55625","24658.942499999997","0","0","0","0","0","0","0","0","0","0","0","0","0","0","0","0","0","0","0","0","0","10527.79875","11583.285","1805.5387500000002","0","742.3199999999999","1206.27","25865.212499999987","10686.314999999997","11815.260000000006","1693.4175","0","885.3712499999999","1237.2","26317.563750000005","10628.32125","11676.075000000003","1310.65875","0","877.6387500000001","854.4412499999999","25347.135000000002","0","0","0","0","0","0","0","0","0","0","0","0","0","0","0","0","0","0","0","0","0","10686.315","11734.068750000002","1967.9212499999999","0","765.5174999999999","1237.2","26391.0225","11219.857499999998","11521.425000000003","1743.67875","0","916.30125","1136.6775","26537.94000000001","10674.71625","11045.876250000001","1337.7224999999999","0","792.58125","947.23125","24798.127499999995","0","0","0","0","0","0","0","0","0","0","0","0","0","0","0","0","0","0","0","0","0","10056.116250000001","11440.233750000001","1790.07375","0","780.9825","1225.60125","25293.007499999996","11026.545","11335.844999999998","1693.4175","0","877.6387500000001","1376.385","26309.83125000001","10860.296250000005","11045.876250000001","1248.7987500000002","0","730.7212499999999","1055.48625","24941.178750000006","0","0","0","0","0","0","0","0","0","0","0","0","0","0","0","0","0","0","0","0","0","10516.200000000004","11053.608750000003","1859.6662499999998","0","750.0525","1233.33375","25412.86125","11138.666249999998","11575.5525","1677.9524999999999","0","989.76","1438.245","26820.176250000015","10608.99","11591.017499999998","1275.8625000000002","0","920.1675","1055.48625","25451.52374999999","0","0","0","0","0","0","0","0","0","0","0","0","0","0","0","0","0","0","0","0","0","10489.136249999996","11734.06875","1809.4049999999997","0","750.0525","1090.2824999999998","25872.945000000014","11177.328749999999","12093.629999999997","1681.8187500000001","0","924.03375","1387.9837499999999","27264.795000000006","10891.22625","11324.246250000004","1341.58875","0","734.5875","900.83625","25192.484999999997","0","0","0","0","0","0","0","0","0","0","0","0","0","0","0","0","0","0","0","0","0","10550.996250000002","11602.616250000003","1809.4049999999997","0","750.0525","1233.33375","25946.40374999999","10868.028750000001","11741.801250000002","1689.5512499999998","0","885.3712500000001","1144.4099999999999","26329.16249999999","10813.90125","10790.70375","1353.1875","0","908.56875","1043.8874999999998","24910.248750000013","0","0","0","0","0","0","0","0","0","0","0","0","0","0","0","0","0","0","0","0","0","10767.506249999999","11281.717500000002","1716.6149999999998","0","780.9825","1241.0662499999999","25787.887500000004","10987.8825","11378.373749999997","1569.6975","0","893.10375","1217.86875","26046.92625","10369.282500000001","10987.882500000002","1271.99625","0","862.1737499999999","1020.6899999999999","24512.024999999994","0","0","0","0","0","0","0","0","0","0","0","0","0","0","0","0","0","0","0","0","0","10810.035000000007","11293.316250000002","1851.93375","0","780.9825","1136.6775","25872.944999999992","10960.818749999997","11807.527500000002","1705.01625","0","947.23125","1372.5187499999997","26793.112500000014","10844.83125","10724.977499999999","1256.53125","0","866.04","997.4925000000001","24689.8725","0","0","0","0","0","0","0","0","0","0","0","0","0","0","0","0","0","0","0","0","0","10810.035","11463.431250000003","1929.25875","0","742.3199999999999","1167.6075","26112.652500000015","11656.743749999998","11741.80125","1654.7549999999999","0","838.9762499999999","1387.9837499999999","27280.26","11208.258749999999","10956.952499999998","1244.9325","0","858.3075","1055.4862500000002","25323.937499999996","0","0","0","0","0","0","0","0","0","0","0","0","0","0","0","0","0","0","0","0","0","10288.09125","11850.05625","1929.25875","0","750.0525","1055.48625","25872.945000000003","10968.55125","11451.832500000002","1612.22625","0","873.7725","1117.34625","26023.72875000001","10284.224999999999","10906.691249999994","1183.0725","0","792.58125","1121.2124999999999","24287.7825","0","0","0","0","0","0","0","0","0","0","0","0","0","0","0","0","0","0","0","0","0","10554.862500000001","11204.392500000002","1782.34125","0","773.25","1229.4675","25544.313749999998","10991.748749999999","11730.202500000001","1647.0225","0","962.69625","1221.735","26553.404999999988","11045.876249999998","10926.022499999997","1326.12375","0","804.18","1005.2249999999999","25107.42749999999","0","0","0","0","0","0","0","0","0","0","0","0","0","0","0","0","0","0","0","0","0","10871.895","11865.521250000002","1759.1437500000002","0","750.0525","1078.68375","26325.296250000014","10779.105","11761.132499999996","1681.81875","0","885.3712499999999","1221.735","26329.162499999995","10748.175000000001","10585.7925","1275.8625","0","676.59375","784.8487500000001","24071.272499999995","0","0","0","0","0","0","0","0","0","0","0","0","0","0","0","0","0","0","0","0","0","10473.671250000001","11270.118749999998","1913.79375","0","765.5174999999999","1198.5375","25621.63875","11714.737500000003","11772.731250000003","1677.9524999999999","0","912.435","1271.9962500000001","27349.852500000005","10605.12375","10821.633749999999","1291.3274999999999","0","916.30125","1028.4225000000001","24662.808750000004","0","0","0","0","0","0","0","0","0","0","0","0","0","0","0","0","0","0","0","0","0","10601.257499999996","12093.630000000001","1836.4687499999998","0","780.9825","1117.34625","26429.685","10856.429999999997","11676.075000000004","1643.15625","0","904.7025","1372.51875","26452.882499999996","10299.689999999997","10601.257499999998","1244.9325","0","866.04","947.2312499999999","23959.151249999995","0","0","0","0","0","0","0","0","0","0","0","0","0","0","0","0","0","0","0","0","0","10624.455","11602.61625","1894.4625","0","765.5174999999999","1206.27","26093.321250000005","10964.685","11328.112499999997","1585.1625","0","982.0274999999999","1271.99625","26131.98375","10852.56375","10473.67125","1241.06625","0","846.70875","1009.09125","24423.101250000007","0","0","0","0","0","0","0","0","0","0","0","0","0","0","0","0","0","0","0","0","0","10782.971249999999","11486.62875","1828.73625","0","750.0525","1279.72875","26128.117500000004","10949.219999999998","11475.029999999999","1635.4237500000002","0","924.03375","1159.875","26143.582499999997","10605.123749999999","10883.49375","1179.20625","0","858.3075000000001","989.76","24515.891249999997","0","0","0","0","0","0","0","0","0","0","0","0","0","0","0","0","0","0","0","0","0","10775.238749999995","11335.845","1763.01","0","773.25","1241.0662499999999","25888.410000000007","10643.786250000001","11610.348750000003","1763.01","0","916.30125","1121.2125","26054.658750000002","11127.067500000001","11069.07375","1329.99","0","823.51125","1229.4675000000002","25579.11","0","0","0","0","0","0","0","0","0","0","0","0","0","0","0","0","0","0","0","0","0","10674.71625","11521.425000000001","1817.1374999999998","0","742.3199999999999","1098.0149999999999","25853.61375000001","10744.308750000002","11347.443750000002","1592.895","0","862.1737499999999","1244.9325","25791.753750000014","10775.23875","10910.557499999997","1329.99","0","808.0462500000001","920.1675","24743.999999999993","0","0","0","0","0","0","0","0","0","0","0","0","0","0","0","0","0","0","0","0","0","10504.60125","11409.303750000001","1770.7424999999998","0","750.0525","1244.9325","25679.6325","10891.226250000003","11618.08125","1662.4875000000002","0","951.0974999999999","1210.13625","26333.028750000023","10346.085","11061.341249999998","1221.7350000000001","0","796.4475","1167.6075","24593.21625","0","0","0","0","0","0","0","0","0","0","0","0","0","0","0","0","0","0","0","0","0","10639.92","11065.207500000002","1751.4112499999999","0","726.855","1214.0024999999998","25397.39625","10767.506250000002","11335.845","1581.29625","0","935.6324999999999","1183.0725","25803.352500000008","11293.31625","10802.3025","1291.3274999999999","0","808.04625","1128.9450000000002","25323.937499999996","0","0","0","0","0","0","0","0","0","0","0","0","0","0","0","0","0","0","0","0","0","10504.60125","11362.908750000002","1735.9462499999997","0","742.3199999999999","1082.55","25428.32625000001","10918.289999999997","11942.84625","1681.8187500000001","0","858.3074999999999","1306.7924999999998","26708.05499999999","10377.014999999998","11331.978749999997","1221.735","0","827.3775","904.7025","24662.808749999993","0","0","0","0","0","0","0","0","0","0","0","0","0","0","0","0","0","0","0","0","0","10400.212500000001","11753.400000000001","1867.3987499999998","0","765.5174999999999","1144.41","25930.938749999994","10349.95125","11629.68","1592.895","0","943.365","1337.7225","25853.613750000008","10435.00875","10906.691250000002","1310.6587499999998","0","769.38375","1047.7537499999999","24469.496250000004","0","0","0","0","0","0","0","0","0","0","0","0","0","0","0","0","0","0","0","0","0","10922.156250000002","11250.7875","1705.0162500000001","0","780.9825","1291.3275","25950.27","11177.32875","11799.795000000004","1654.7549999999999","0","974.295","1183.0725","26789.246249999993","10674.716249999998","10535.531249999998","1241.0662499999999","0","730.72125","804.1800000000001","23986.21499999999","0","0","0","0","0","0","0","0","0","0","0","0","0","0","0","0","0","0","0","0","0","10245.562499999998","11328.112499999997","1755.2775","0","734.5875","1163.74125","25227.281250000004","10864.162499999997","11301.04875","1643.1562499999998","0","896.9699999999999","1152.1425000000002","25857.48","10694.047499999997","10763.64","1310.6587499999998","0","831.24375","1009.09125","24608.681249999987","0","0","0","0","0","0","0","0","0","0","0","0","0","0","0","0","0","0","0","0","0","10427.27625","11687.673749999998","1766.8762499999998","0","734.5875","1194.6712499999999","25811.085000000017","10516.199999999999","11424.768750000001","1581.29625","0","985.89375","1175.3400000000001","25683.49875","10291.9575","10601.257500000002","1283.5949999999998","0","846.70875","962.69625","23986.21499999999","0","0","0","0","0","0","0","0","0","0","0","0","0","0","0","0","0","0","0","0","0","10724.977499999997","11301.048750000002","1882.86375","0","742.3199999999999","1214.0025","25865.212499999994","10639.919999999998","11366.775000000001","1666.35375","0","908.56875","1117.34625","25698.963749999988","10601.257500000002","10392.479999999998","1167.6075","0","804.1800000000001","1101.88125","24067.406249999996","0","0","0","0","0","0","0","0","0","0","0","0","0","0","0","0","0","0","0","0","0","10956.952500000001","11188.927500000003","1805.53875","0","734.5875","1237.1999999999998","25923.206249999992","11281.717499999999","11610.34875","1639.29","0","920.1675","1283.5949999999998","26735.11875","10322.887500000003","10636.053750000001","1283.5949999999998","0","761.65125","1024.55625","24028.74375","0","0","0","0","0","0","0","0","0","0","0","0","0","0","0","0","0","0","0","0","0","10562.595","11718.60375","1685.685","0","742.3199999999999","1094.1487499999998","25803.352500000005","10976.28375","11343.577500000001","1596.76125","0","927.9000000000001","1418.9137500000002","26263.436250000002","10813.901249999997","10547.130000000001","1256.53125","0","866.0400000000001","1055.48625","24539.088749999984","0","0","0","0","0","0","0","0","0","0","0","0","0","0","0","0","0","0","0","0","0","10612.856249999999","11645.145","1859.6662499999998","0","703.6575","1214.0024999999998","26035.3275","10817.7675","11533.023750000002","1647.0225","0","982.0275","1337.7224999999999","26317.563749999994","10628.321249999999","11007.213749999999","1244.9325","0","765.5175","1009.0912500000001","24655.076250000006","0","0","0","0","0","0","0","0","0","0","0","0","0","0","0","0","0","0","0","0","0","10666.983750000001","12310.140000000001","1832.6024999999997","0","734.5875","1159.875","26704.18874999999","10752.04125","11819.126250000001","1778.475","0","900.8362500000001","1194.67125","26445.150000000005","10616.7225","11169.596249999999","1264.26375","0","831.2437500000001","924.0337499999999","24805.86","0","0","0","0","0","0","0","0","0","0","0","0","0","0","0","0","0","0","0","0","0","10500.734999999999","11266.252500000002","1805.53875","0","773.25","1221.735","25567.511250000007","10578.06","11966.043749999997","1623.8249999999998","0","970.42875","1229.4675","26367.82500000001","10496.868749999998","10786.8375","1337.7224999999999","0","881.5049999999999","1094.1487499999998","24597.082499999997","0","0","0","0","0","0","0","0","0","0","0","0","0","0","0","0","0","0","0","0","0","10694.0475","11103.869999999997","1840.3349999999998","0","742.3199999999999","1206.27","25586.842499999995","10848.697499999998","11444.100000000004","1770.7424999999998","0","978.1612499999999","1086.41625","26128.117499999993","10709.512499999997","11130.933750000002","1310.65875","0","846.7087499999999","1086.41625","25084.23","0","0","0","0","0","0","0","0","0","0","0","0","0","0","0","0","0","0","0","0","0","10632.1875","11250.787500000004","1948.5900000000001","0","773.25","1179.20625","25784.02125","10585.7925","12024.037500000002","1674.0862499999998","0","939.49875","1125.0787500000001","26348.493750000005","10659.25125","11130.933749999997","1229.4675","0","835.1099999999999","885.37125","24740.13375","0","0","0","0","0","0","0","0","0","0","0","0","0","0","0","0","0","0","0","0","0","10620.58875","11548.488750000002","1836.4687499999998","0","742.3199999999999","1167.6074999999998","25915.47375","10910.557499999999","11521.425","1685.685","0","916.30125","1179.20625","26213.17499999999","10674.71625","11347.44375","1244.9325","0","738.45375","1059.3525","25064.898749999993","0","0","0","0","0","0","0","0","0","0","0","0","0","0","0","0","0","0","0","0","0","10620.58875","11482.762499999999","1790.07375","0","734.5875","1194.6712499999999","25822.68375","10856.429999999998","11513.6925","1766.8762499999998","0","893.10375","1248.79875","26278.901249999984","10578.06","11092.271249999998","1229.4675","0","761.65125","1032.28875","24693.738749999993","0","0","0","0","0","0","0","0","0","0","0","0","0","0","0","0","0","0","0","0","0","10597.39125","11420.902500000002","1766.87625","0","780.9825","1090.2825","25656.434999999998","10477.537499999999","11861.655","1511.70375","0","912.435","1194.6712499999999","25958.002499999995","10763.64","10666.983749999998","1275.8625000000002","0","838.9762499999999","850.575","24396.037500000002","0","0","0","0","0","0","0","0","0","0","0","0","0","0","0","0","0","0","0","0","0","10593.525","11664.476250000005","1844.2012499999998","0","773.25","1202.40375","26077.856250000004","10848.697500000002","11393.838749999999","1724.3474999999999","0","943.365","1306.7925","26217.041250000006","10500.734999999999","11231.45625","1217.8687499999999","0","808.04625","811.9125","24570.018749999992","0","0","0","0","0","0","0","0","0","0","0","0","0","0","0","0","0","0","0","0","0","10110.243750000003","11676.075000000003","1871.2649999999999","0","719.1225","1202.40375","25579.10999999999","11192.793749999999","11641.27875","1561.965","0","947.2312499999999","1271.99625","26615.265000000007","10740.4425","10446.6075","1268.13","0","869.90625","1040.02125","24365.107500000006","0","0","0","0","0","0","0","0","0","0","0","0","0","0","0","0","0","0","0","0","0","10210.766250000002","11069.07375","1832.6025","0","750.0525","1229.4675","25091.96249999999","10790.70375","11397.705","1604.4937499999999","0","881.5049999999999","1302.92625","25977.33375000001","10458.206249999996","11289.449999999995","1291.3274999999999","0","788.7149999999999","962.6962500000001","24790.395000000004","0","0","0","0","0","0","0","0","0","0","0","0","0","0","0","0","0","0","0","0","0","10438.875000000002","11498.227500000003","1801.6725","0","734.5875","1113.48","25586.842500000017","10972.417500000001","11815.259999999998","1577.43","0","885.3712499999999","1345.455","26595.93375","10779.104999999998","10972.417499999996","1310.65875","0","831.2437499999999","1047.75375","24941.178750000003","0","0","0","0","0","0","0","0","0","0","0","0","0","0","0","0","0","0","0","0","0","10481.40375","11807.527499999998","1728.21375","0","726.855","1144.4099999999999","25888.40999999999","10871.895000000002","11505.96","1604.4937499999999","0","943.365","1175.3400000000001","26101.053750000003","11076.806249999996","10864.162499999997","1310.65875","0","796.4475","1024.55625","25072.631250000017","0","0","0","0","0","0","0","0","0","0","0","0","0","0","0","0","0","0","0","0","0","10284.224999999997","11475.030000000002","1859.66625","0","742.3199999999999","1113.48","25474.721249999995","10782.971250000002","11146.398749999998","1728.21375","0","850.575","1353.1875","25861.346249999995","10883.49375","11057.475","1271.99625","0","757.785","846.70875","24817.458749999983","0","0","0","0","0","0","0","0","0","0","0","0","0","0","0","0","0","0","0","0","0","10121.8425","11776.597499999996","1813.27125","0","757.785","1237.2","25706.69624999999","10407.945000000002","11788.196249999999","1674.0862499999998","0","889.2375","1105.7475","25865.21249999999","10914.423749999996","11007.21375","1283.595","0","730.72125","985.89375","24921.8475","0","0","0","0","0","0","0","0","0","0","0","0","0","0","0","0","0","0","0","0","0","10643.786249999997","11428.635","1747.5449999999998","0","773.25","1214.0024999999998","25807.218750000007","10856.429999999998","11958.311249999997","1650.88875","0","838.9762499999999","1186.93875","26491.545000000006","10585.792500000001","10941.487500000003","1310.65875","0","850.575","1067.085","24755.59875000001","0","0","0","0","0","0","0","0","0","0","0","0","0","0","0","0","0","0","0","0","0","10694.0475","11208.258750000003","1913.7937500000003","0","703.6575","1194.6712499999999","25714.428750000003","10550.99625","11436.367500000002","1739.8124999999998","0","924.03375","1152.1425","25803.3525","10995.615000000003","10933.755000000001","1264.2637499999998","0","784.84875","862.1737499999999","24840.656249999996","0","0","0","0","0","0","0","0","0","0","0","0","0","0","0","0","0","0","0","0","0","10415.677500000002","11687.673749999998","1790.0737499999998","0","750.0525","1310.65875","25954.136249999996","10616.722499999996","11505.96","1604.49375","0","893.10375","1121.2125","25741.492500000004","10458.206249999997","11204.3925","1368.6525000000001","0","811.9124999999999","1016.82375","24859.98749999999","0","0","0","0","0","0","0","0","0","0","0","0","0","0","0","0","0","0","0","0","0","10558.728750000002","11548.48875","1755.2775","0","788.7149999999999","1179.2062500000002","25830.41625000001","10810.034999999996","11243.055000000002","1635.42375","0","935.6324999999999","1125.0787500000001","25749.225000000006","10744.308749999998","10697.913749999998","1271.99625","0","757.7850000000001","1152.1425","24624.146249999987","0","0","0","0","0","0","0","0","0","0","0","0","0","0","0","0","0","0","0","0","0","10670.85","11134.8","1643.15625","0","773.25","1171.47375","25393.529999999988","10141.17375","11633.546250000001","1608.3600000000001","0","966.5625","1279.72875","25629.371250000007","11246.921250000001","11475.03","1256.53125","0","792.58125","1171.47375","25942.537499999995","0","0","0","0","0","0","0","0","0","0","0","0","0","0","0","0","0","0","0","0","0","10303.556249999998","11621.947499999998","1797.80625","0","750.0525","1167.6074999999998","25640.97","11061.341250000001","11714.737499999997","1627.6912499999999","0","935.6324999999999","1221.735","26561.13750000001","10469.805","10697.91375","1326.12375","0","869.90625","1144.41","24508.158749999984","0","0","0","0","0","0","0","0","0","0","0","0","0","0","0","0","0","0","0","0","0","10025.186249999999","11560.0875","1844.2012499999998","0","750.0525","1148.27625","25327.80375000001","10508.4675","11764.99875","1538.7675","0","920.1675","1322.2575","26054.658749999995","10868.02875","11111.602499999999","1337.7224999999999","0","757.785","970.42875","25045.567500000012","0","0","0","0","0","0","0","0","0","0","0","0","0","0","0","0","0","0","0","0","0"
,"10786.8375","11618.08125","1855.7999999999997","0","726.855","1183.0725","26170.64625000001","10771.372500000001","11652.8775","1619.95875","0","889.2375","1125.0787500000001","26058.524999999994","11130.933749999998","11069.073749999998","1364.78625","0","750.0525","784.84875","25099.694999999996","0","0","0","0","0","0","0","0","0","0","0","0","0","0","0","0","0","0","0","0","0","10999.481250000003","11339.711249999998","1778.475","0","780.9825","1256.53125","26155.181250000005","10581.92625","11045.876250000003","1608.36","0","924.03375","1349.32125","25509.517500000016","10767.50625","11045.876250000001","1302.9262500000002","0","889.2375","877.6387500000001","24883.184999999998","0","0","0","0","0","0","0","0","0","0","0","0","0","0","0","0","0","0","0","0","0","10728.843750000002","11761.1325","1763.0099999999998","0","726.855","1082.5500000000002","26062.391250000004","10736.576250000004","11505.959999999997","1728.21375","0","912.435","1271.99625","26155.18125","10496.86875","10535.531250000002","1183.0725","0","788.7149999999999","962.6962500000001","23966.883750000008","0","0","0","0","0","0","0","0","0","0","0","0","0","0","0","0","0","0","0","0","0","10755.907500000005","11231.45625","1851.9337500000001","0","765.5174999999999","1175.34","25780.155","10465.938750000001","11703.138750000004","1793.9399999999998","0","912.435","1271.9962500000001","26147.448749999992","10678.582500000004","11297.1825","1353.1875","0","862.1737500000002","1040.02125","25231.1475","0","0","0","0","0","0","0","0","0","0","0","0","0","0","0","0","0","0","0","0","0","10407.945","11339.711250000004","1863.5324999999998","0","750.0525","1082.55","25443.791250000002","10755.907500000003","11598.750000000002","1685.685","0","989.76","1264.26375","26294.36625","11161.863750000002","11111.602499999999","1295.19375","0","900.8362500000001","962.6962500000001","25432.192500000005","0","0","0","0","0","0","0","0","0","0","0","0","0","0","0","0","0","0","0","0","0","11254.653749999996","11258.52","1898.3287500000001","0","750.0525","1198.5375","26360.092499999995","10984.016249999999","11618.081250000001","1496.23875","0","916.30125","1194.67125","26209.30875000001","10438.875000000002","11308.781249999998","1302.92625","0","823.5112499999999","838.9762499999999","24713.070000000003","0","0","0","0","0","0","0","0","0","0","0","0","0","0","0","0","0","0","0","0","0","10844.83125","11451.832499999999","1952.4562499999997","0","734.5875","1144.4099999999999","26128.117500000004","10396.34625","11645.145","1635.42375","0","881.5050000000001","1291.3275","25849.747499999998","11123.20125","11250.787499999999","1229.4674999999997","0","858.3075000000001","982.0275","25443.791249999984","0","0","0","0","0","0","0","0","0","0","0","0","0","0","0","0","0","0","0","0","0","10574.193750000002","11138.666250000002","1813.2712499999998","0","765.5174999999999","1140.54375","25432.192499999997","11107.736250000002","12070.432500000003","1786.2074999999998","0","947.23125","1310.65875","27222.26625","10810.034999999996","10520.066250000002","1329.99","0","869.90625","939.4987500000001","24469.49624999999","0","0","0","0","0","0","0","0","0","0","0","0","0","0","0","0","0","0","0","0","0","10226.23125","11192.793750000003","1917.6599999999999","0","765.5174999999999","1186.9387499999998","25289.141250000015","11045.876249999998","11471.16375","1697.28375","0","924.0337499999998","1264.26375","26402.621249999997","10423.41","11378.373749999999","1391.85","0","804.1800000000001","1001.35875","24999.172500000008","0","0","0","0","0","0","0","0","0","0","0","0","0","0","0","0","0","0","0","0","0","10465.938749999998","11764.998750000002","1844.20125","0","757.785","1221.735","26054.65875000001","10771.372499999996","11424.768750000001","1774.6087499999999","0","889.2375","1314.525","26174.512500000015","10833.232499999998","11123.201250000002","1299.06","0","769.38375","1047.7537499999999","25072.631250000002","0","0","0","0","0","0","0","0","0","0","0","0","0","0","0","0","0","0","0","0","0","10639.919999999996","11594.883749999997","1851.9337499999997","0","765.5174999999999","1194.6712499999999","26046.926249999993","11254.65375","11996.973749999996","1793.9399999999998","0","920.1675","1190.8049999999998","27156.539999999997","10616.7225","10856.43","1364.78625","0","854.44125","750.0525","24442.43249999999","0","0","0","0","0","0","0","0","0","0","0","0","0","0","0","0","0","0","0","0","0","10496.868750000001","11822.992499999998","1616.0924999999997","0","757.785","1275.8625","25969.601249999996","11134.799999999997","11784.33","1662.4875","0","889.2375","1322.2575","26793.112500000003","10554.8625","10968.551249999997","1275.8625000000002","0","893.10375","1132.8112500000002","24825.191250000003","0","0","0","0","0","0","0","0","0","0","0","0","0","0","0","0","0","0","0","0","0","10694.047499999999","11517.558750000004","1867.3987499999998","0","711.39","1132.81125","25923.206250000003","10705.646250000002","11513.6925","1670.22","0","904.7025","1225.6012500000002","26019.862499999996","10852.563750000001","10821.633750000003","1248.7987500000002","0","765.5175","989.76","24678.273750000004","0","0","0","0","0","0","0","0","0","0","0","0","0","0","0","0","0","0","0","0","0","10462.0725","11154.13125","1886.73","0","742.3199999999999","1105.7475","25351.001250000005","10558.72875","11397.705","1681.81875","0","939.49875","1248.79875","25826.55","10856.429999999997","10728.843750000002","1248.79875","0","819.645","997.4925000000001","24651.21","0","0","0","0","0","0","0","0","0","0","0","0","0","0","0","0","0","0","0","0","0","10825.500000000002","11297.182500000003","1770.7424999999998","0","765.5174999999999","1136.6775","25795.61999999999","10581.926250000002","11521.425000000003","1693.4174999999998","0","951.0975000000001","1252.665","26000.531250000015","10744.308749999995","11181.194999999998","1329.9899999999998","0","862.1737499999999","893.10375","25010.77125","0","0","0","0","0","0","0","0","0","0","0","0","0","0","0","0","0","0","0","0","0","10608.990000000002","10922.15625","1882.86375","0","780.9825","1268.1299999999999","25463.12249999999","10875.761250000001","11049.742500000002","1654.755","0","935.6325000000002","1113.48","25629.371250000007","10837.09875","11127.067499999997","1337.7224999999999","0","846.70875","1074.8175","25223.41499999999","0","0","0","0","0","0","0","0","0","0","0","0","0","0","0","0","0","0","0","0","0","10620.588750000003","11587.151250000003","1708.8825","0","765.5174999999999","1121.2125","25803.3525","11243.054999999997","11463.431250000001","1654.7549999999999","0","982.0274999999999","1217.86875","26561.1375","11011.079999999998","10303.556250000003","1217.8687499999999","0","951.0975","1113.48","24597.08250000001","0","0","0","0","0","0","0","0","0","0","0","0","0","0","0","0","0","0","0","0","0","10411.811249999999","12093.629999999997","1836.46875","0","726.855","1105.7475","26174.51249999998","11142.532500000001","11892.585000000001","1681.81875","0","916.30125","1206.27","26839.507499999992","10380.881249999999","10303.55625","1295.1937500000001","0","846.70875","985.8937500000001","23812.233750000007","0","0","0","0","0","0","0","0","0","0","0","0","0","0","0","0","0","0","0","0","0","10574.193749999999","11494.361250000002","1790.0737499999998","0","750.0525","1210.1362499999998","25818.817500000005","10666.98375","11188.927500000005","1612.22625","0","885.3712499999999","1217.86875","25571.3775","10956.9525","10918.289999999999","1221.735","0","796.4475","982.0275","24875.452499999996","0","0","0","0","0","0","0","0","0","0","0","0","0","0","0","0","0","0","0","0","0","10775.23875","11405.437499999998","1821.00375","0","742.3199999999999","1125.0787500000001","25869.07874999999","10848.6975","11409.303749999997","1519.43625","0","954.9637499999999","1214.0025","25946.403750000005","10709.5125","10736.57625","1302.92625","0","819.645","838.97625","24407.636249999996","0","0","0","0","0","0","0","0","0","0","0","0","0","0","0","0","0","0","0","0","0","10910.557499999999","11749.53375","1813.27125","0","773.25","1225.6012500000002","26472.21375000001","10404.07875","11981.508749999997","1550.36625","0","931.7662499999999","1183.0725","26050.7925","10516.199999999999","11011.079999999998","1299.06","0","889.2375","831.24375","24546.821249999994","0","0","0","0","0","0","0","0","0","0","0","0","0","0","0","0","0","0","0","0","0","10365.416249999998","11869.387500000004","1805.53875","0","750.0525","1152.1425","25942.537500000006","11053.608750000003","11386.10625","1797.8062499999999","0","920.1675","1059.3525","26217.04125","11096.137500000003","10898.95875","1337.7224999999999","0","746.18625","1036.1549999999997","25115.16","0","0","0","0","0","0","0","0","0","0","0","0","0","0","0","0","0","0","0","0","0","10342.21875","11726.33625","1735.9462499999997","0","719.1225","1098.0149999999999","25621.63875","10856.43","11196.66","1585.1625000000001","0","920.1675","1302.92625","25861.346250000006","10775.238749999999","11192.79375","1229.4675","0","653.39625","1012.9575","24863.85375","0","0","0","0","0","0","0","0","0","0","0","0","0","0","0","0","0","0","0","0","0","10910.5575","12031.769999999995","1685.685","0","750.0525","1206.27","26584.335000000006","10833.232500000002","11138.666249999998","1647.0225","0","985.89375","1275.8625","25880.677499999994","10875.761249999998","11142.5325","1310.6587499999998","0","777.11625","1024.55625","25130.624999999996","0","0","0","0","0","0","0","0","0","0","0","0","0","0","0","0","0","0","0","0","0","10319.021249999998","10980.150000000001","1809.405","0","773.25","1225.6012499999997","25107.427499999998","11057.474999999999","11761.132500000002","1689.55125","0","916.30125","1237.2","26661.66","10558.72875","10864.162499999997","1318.39125","0","808.04625","1020.6899999999999","24570.018749999992","0","0","0","0","0","0","0","0","0","0","0","0","0","0","0","0","0","0","0","0","0","10694.0475","11660.609999999997","1782.3412499999997","0","742.3199999999999","1152.1425","26031.461249999997","11335.844999999996","11683.8075","1693.4175","0","927.9","1264.2637499999998","26905.233749999992","10508.4675","10980.150000000001","1329.99","0","765.5174999999999","769.3837500000001","24353.508749999994","0","0","0","0","0","0","0","0","0","0","0","0","0","0","0","0","0","0","0","0","0","10543.26375","11250.787500000002","1851.9337499999997","0","780.9825","1032.2887500000002","25459.256249999995","10821.63375","11993.107500000006","1720.4812499999998","0","962.69625","1190.8049999999998","26688.723749999994","10639.919999999996","10840.965","1217.8687499999999","0","804.1800000000001","1082.55","24585.483750000003","0","0","0","0","0","0","0","0","0","0","0","0","0","0","0","0","0","0","0","0","0","10871.895000000002","11347.443749999999","1805.53875","0","726.855","1132.81125","25884.54375","11208.258750000003","11540.756249999999","1670.22","0","970.42875","1109.61375","26499.27750000001","11123.201250000002","10968.551249999995","1283.595","0","873.7725","893.10375","25142.223750000005","0","0","0","0","0","0","0","0","0","0","0","0","0","0","0","0","0","0","0","0","0","10303.55625","11366.775000000005","1716.615","0","765.5174999999999","1094.1487499999998","25246.612500000003","10442.741249999997","11536.890000000001","1627.6912499999999","0","900.8362500000001","1221.735","25729.893749999996","11185.06125","11177.32875","1264.2637499999998","0","707.5237500000001","1005.2250000000001","25339.402500000004","0","0","0","0","0","0","0","0","0","0","0","0","0","0","0","0","0","0","0","0","0","10790.703750000002","11084.538750000003","1828.7362500000004","0","719.1225","1082.55","25505.651250000014","10620.58875","11362.908750000004","1565.83125","0","954.9637499999999","1260.3975","25764.689999999995","11014.946250000003","10833.2325","1221.735","0","893.10375","1144.41","25107.427499999998","0","0","0","0","0","0","0","0","0","0","0","0","0","0","0","0","0","0","0","0","0","10670.849999999999","11938.98","1863.5325000000003","0","757.785","1229.4675","26460.614999999998","10694.047500000002","11513.692499999997","1681.8187500000001","0","862.1737499999999","1117.34625","25869.078749999993","10493.0025","10810.035000000003","1337.7225","0","854.44125","1163.74125","24658.942500000005","0","0","0","0","0","0","0","0","0","0","0","0","0","0","0","0","0","0","0","0","0","11007.213749999999","11942.846250000002","1755.2775","0","765.5174999999999","1183.0724999999998","26653.927499999998","11204.392500000002","10813.901249999999","1674.08625","0","947.23125","1322.2575000000002","25961.86875","10674.716249999998","11142.532500000001","1264.26375","0","869.90625","943.365","24894.783749999995","0","0","0","0","0","0","0","0","0","0","0","0","0","0","0","0","0","0","0","0","0","10543.263749999996","11942.846250000002","1863.5324999999998","0","765.5174999999999","1105.7475","26220.9075","10968.551249999997","11853.9225","1658.6212500000001","0","827.3774999999999","1140.5437499999998","26449.01625","10516.2","10976.28375","1329.9899999999998","0","753.91875","1028.4225000000001","24604.815000000013","0","0","0","0","0","0","0","0","0","0","0","0","0","0","0","0","0","0","0","0","0","10504.601249999998","11753.400000000003","1770.7424999999998","0","750.0525","1252.665","26031.461250000004","11254.653749999998","11985.375000000002","1693.4175","0","889.2375","1403.44875","27226.132499999996","10837.098750000001","10976.283750000002","1349.3212500000002","0","808.0462500000001","966.5625000000001","24937.3125","0","0","0","0","0","0","0","0","0","0","0","0","0","0","0","0","0","0","0","0","0","10593.525","11877.12","1763.0099999999998","0","765.5174999999999","1210.13625","26209.308750000007","10539.397500000001","11563.953749999995","1670.22","0","958.83","1237.2","25969.601249999996","10937.62125","11103.869999999999","1318.39125","0","695.925","966.5625","25022.37","0","0","0","0","0","0","0","0","0","0","0","0","0","0","0","0","0","0","0","0","0","10431.142500000002","11695.406249999998","1801.6725","0","750.0525","1144.4099999999999","25822.68375000001","10496.868749999998","11660.610000000002","1701.1499999999999","0","858.3074999999999","1233.33375","25950.269999999993","10933.754999999997","10844.83125","1310.65875","0","792.58125","1020.6899999999999","24902.516250000004","0","0","0","0","0","0","0","0","0","0","0","0","0","0","0","0","0","0","0","0","0","10968.55125","11436.367500000004","1801.6725","0","742.3199999999999","1210.13625","26159.047499999982","10775.238750000002","11444.100000000002","1697.28375","0","900.83625","1190.8049999999998","26008.263749999995","10852.563750000001","10659.251249999998","1299.06","0","827.3774999999999","699.79125","24338.043750000004","0","0","0","0","0","0","0","0","0","0","0","0","0","0","0","0","0","0","0","0","0","10396.346250000002","11583.285","1844.20125","0","726.855","1241.06625","25791.753750000003","10562.595","11583.285","1534.90125","0","866.04","1194.6712499999999","25741.492499999997","10589.658749999999","11463.431250000007","1299.06","0","773.25","989.76","25115.159999999993","0","0","0","0","0","0","0","0","0","0","0","0","0","0","0","0","0","0","0","0","0","10117.97625","11161.86375","1790.07375","0","780.9825","1229.4675","25080.363749999993","10895.092500000004","11734.068749999999","1558.09875","0","939.49875","1229.4675","26356.22624999999","10639.92","10956.952499999996","1202.40375","0","800.31375","958.8299999999999","24558.42","0","0","0","0","0","0","0","0","0","0","0","0","0","0","0","0","0","0","0","0","0","10520.06625","11533.023749999998","1840.335","0","742.3199999999999","1040.0212499999998","25675.766249999993","10875.761250000003","11525.29125","1627.6912499999999","0","862.17375","1183.0725","26073.989999999998","10775.238749999999","10929.888750000002","1310.65875","0","881.505","1136.6775","25033.968749999993","0","0","0","0","0","0","0","0","0","0","0","0","0","0","0","0","0","0","0","0","0","10257.16125","11896.45125","1840.3349999999998","0","734.5875","1163.74125","25892.27625000001","10883.493750000003","11598.749999999996","1573.56375","0","927.9000000000001","1248.79875","26232.506250000006","10697.913750000002","10697.913750000002","1264.26375","0","769.38375","1055.48625","24484.961250000004","0","0","0","0","0","0","0","0","0","0","0","0","0","0","0","0","0","0","0","0","0","10980.150000000001","11285.583750000002","1821.00375","0","757.785","1132.81125","25977.333750000013","10670.85","11042.01","1619.95875","0","951.0975000000001","1206.27","25490.18625","10458.20625","11022.678750000003","1256.53125","0","819.645","885.37125","24442.432500000003","0","0","0","0","0","0","0","0","0","0","0","0","0","0","0","0","0","0","0","0","0","10663.117499999998","11154.131249999999","1859.6662499999998","0","757.785","1136.6775","25571.37749999999","11200.52625","11869.387499999999","1720.48125","0","877.6387500000001","1333.85625","27001.889999999992","11045.876249999998","10895.092499999997","1310.65875","0","866.04","850.575","24968.242500000008","0","0","0","0","0","0","0","0","0","0","0","0","0","0","0","0","0","0","0","0","0","10392.480000000001","11664.47625","1917.6599999999999","0","750.0525","1148.27625","25872.94500000001","10384.747499999998","12000.840000000002","1647.0225","0","850.575","1233.33375","26116.518749999992","11146.398749999998","10574.19375","1202.40375","0","730.7212499999999","974.295","24628.012500000015","0","0","0","0","0","0","0","0","0","0","0","0","0","0","0","0","0","0","0","0","0","10253.294999999998","11119.335","1728.21375","0","757.785","1214.0025","25072.63125000001","10581.92625","11556.221249999997","1647.0224999999998","0","982.0274999999999","1105.7475","25872.944999999996","10485.27","10852.563749999998","1109.61375","0","854.44125","900.83625","24202.725","0","0","0","0","0","0","0","0","0","0","0","0","0","0","0","0","0","0","0","0","0","10794.57","11877.120000000003","1813.27125","0","773.25","1074.8175","26333.02875","10902.825000000003","11521.424999999997","1724.3474999999999","0","900.83625","1152.1425","26201.576249999987","10929.888749999998","10941.487500000003","1202.40375","0","719.1225","920.1675","24713.06999999999","0","0","0","0","0","0","0","0","0","0","0","0","0","0","0","0","0","0","0","0","0","11007.213749999999","11335.845000000003","1759.1437499999997","0","780.9825","1214.0025","26097.18750000001","10852.563749999998","11803.66125","1705.01625","0","935.6325","1322.2575","26619.131250000002","10840.965000000006","11072.939999999999","1329.99","0","896.97","943.365","25084.22999999999","0","0","0","0","0","0","0","0","0","0","0","0","0","0","0","0","0","0","0","0","0","10291.957500000002","11834.591250000001","1859.6662499999998","0","742.3199999999999","1152.1425","25880.677499999987","10682.448749999998","11718.60375","1534.90125","0","924.03375","1183.0725","26043.059999999994","10852.563749999998","11115.46875","1318.39125","0","726.855","869.90625","24883.185","0","0","0","0","0","0","0","0","0","0","0","0","0","0","0","0","0","0","0","0","0","10427.276249999999","11536.890000000001","1871.2649999999999","0","750.0525","1121.2124999999999","25706.696250000008","11061.34125","11776.597499999996","1647.0224999999998","0","908.56875","1248.79875","26642.32875","10268.76","10960.81875","1322.2575","0","885.37125","1016.82375","24454.031250000004","0","0","0","0","0","0","0","0","0","0","0","0","0","0","0","0","0","0","0","0","0","10605.123749999995","11571.686250000004","1797.80625","0","773.25","1094.1487499999998","25842.014999999996","11293.316250000003","11351.309999999998","1701.1499999999999","0","904.7025000000001","1279.7287500000002","26530.207500000015","10848.697499999995","11223.723750000001","1221.735","0","765.5174999999999","1040.02125","25099.695","0","0","0","0","0","0","0","0","0","0","0","0","0","0","0","0","0","0","0","0","0","10562.595000000001","11401.571250000003","1840.3349999999998","0","780.9825","1206.27","25791.75375","10767.506249999999","11973.776249999999","1635.42375","0","985.89375","1221.7350000000001","26584.335000000003","10512.33375","10813.901249999999","1337.7225","0","672.7275","1009.09125","24345.776250000006","0","0","0","0","0","0","0","0","0","0","0","0","0","0","0","0","0","0","0","0","0","10326.75375","11672.208749999998","1751.41125","0","750.0525","1221.735","25722.161250000012","11014.94625","11529.157499999998","1763.01","0","893.10375","1329.9899999999998","26530.207500000008","10848.6975","10806.168749999995","1337.7224999999999","0","734.5875","827.3775","24554.553749999995","0","0","0","0","0","0","0","0","0","0","0","0","0","0","0","0","0","0","0","0","0","10578.06","11297.182500000003","1724.3475","0","726.855","1214.0025","25540.44750000001","10767.50625","11505.960000000001","1790.0737500000002","0","904.7025","1167.6075","26135.850000000002","10775.23875","10597.391250000002","1376.3849999999998","0","750.0525","970.42875","24469.496250000004","0","0","0","0","0","0","0","0","0","0","0","0","0","0","0","0","0","0","0","0","0","10566.461250000002","11683.807499999999","1766.8762499999998","0","765.5174999999999","1229.4675","26012.13","10450.47375","11726.336249999997","1720.4812499999998","0","927.9","1163.74125","25988.9325","11127.067499999997","11080.6725","1283.595","0","784.8487500000001","970.42875","25246.612499999996","0","0","0","0","0","0","0","0","0","0","0","0","0","0","0","0","0","0","0","0","0","10554.8625","11629.679999999998","1832.6025","0","773.25","1214.0025","26004.397500000006","10759.773749999998","11768.864999999998","1534.9012500000001","0","858.3075","1399.5825","26321.43","10431.142500000002","10802.302499999998","1299.06","0","862.1737499999999","1020.69","24415.36874999999","0","0","0","0","0","0","0","0","0","0","0","0","0","0","0","0","0","0","0","0","0","10570.327499999998","11378.37375","1793.9399999999998","0","757.785","1082.55","25582.97625","10852.563749999998","11154.13125","1534.9012500000001","0","912.4350000000001","1271.9962500000001","25726.027500000004","10164.37125","10926.0225","1221.735","0","715.25625","997.4925000000001","24024.877500000002","0","0","0","0","0","0","0","0","0","0","0","0","0","0","0","0","0","0","0","0","0","10674.716249999996","11714.737500000003","1917.6599999999999","0","750.0525","1244.9325","26302.098749999997","10632.1875","11672.20875","1732.0800000000002","0","997.4925000000001","1163.74125","26197.710000000003","10937.62125","10813.901249999997","1310.6587499999998","0","854.4412499999999","815.7787500000001","24732.40124999999","0","0","0","0","0","0","0","0","0","0","0","0","0","0","0","0","0","0","0","0","0","10578.059999999998","11718.60375","1809.4049999999997","0","765.5174999999999","1159.875","26031.461249999993","10767.506249999999","11772.731249999999","1701.15","0","927.9000000000001","1148.2762500000001","26317.563750000012","10550.99625","10740.442499999997","1233.33375","0","808.04625","1117.34625","24450.165","0","0","0","0","0","0","0","0","0","0","0","0","0","0","0","0","0","0","0","0","0","10485.269999999999","11850.056250000003","1848.0674999999999","0","734.5875","1125.07875","26043.059999999994","11215.991250000001","11444.099999999997","1631.5575","0","1012.9575","1163.74125","26468.347499999978","10365.41625","11258.520000000002","1202.40375","0","893.10375","1090.2825","24809.726250000007","0","0","0","0","0","0","0","0","0","0","0","0","0","0","0","0","0","0","0","0","0","10740.4425","11908.050000000001","1728.2137500000001","0","742.3199999999999","1128.945","26247.971250000006","10759.773749999998","11297.182500000006","1608.36","0","881.5050000000001","1190.8049999999998","25737.62625","11420.902500000002","11544.622499999996","1252.665","0","780.9825000000001","978.1612499999999","25977.333749999998","0","0","0","0","0","0","0","0","0","0","0","0","0","0","0","0","0","0","0","0","0","10578.060000000003","11672.208749999998","1836.46875","0","773.25","1299.06","26159.04749999999","11007.21375","11107.736250000002","1639.29","0","838.9762499999999","1399.5825","25992.79875","10322.887499999999","11316.513749999996","1353.1875","0","815.77875","889.2375","24697.604999999996","0","0","0","0","0","0","0","0","0","0","0","0","0","0","0","0","0","0","0","0","0","10616.722500000005","11776.597500000003","1763.01","0","773.25","1086.41625","26015.996249999997","10752.041249999997","11745.667499999998","1647.0225","0","1028.4225","1098.0149999999999","26271.16874999998","10732.71","10531.664999999999","1264.2637499999998","0","695.925","1055.48625","24280.049999999992","0","0","0","0","0","0","0","0","0","0","0","0","0","0","0","0","0","0","0","0","0","10423.409999999998","11614.215000000006","1786.2074999999998","0","750.0525","1214.0024999999998","25787.887500000008","10690.181250000003","11266.252500000004","1631.5575","0","900.8362499999998","1202.40375","25691.23124999999","10709.512499999999","11386.10625","1275.8625000000002","0","750.0525","885.3712499999999","25006.90499999999","0","0","0","0","0","0","0","0","0","0","0","0","0","0","0","0","0","0","0","0","0","10175.970000000003","11072.94","1763.01","0","780.9825","1241.06625","25033.968750000007","10493.002499999999","11270.11875","1527.16875","0","916.30125","1237.2","25443.79125","10806.168749999997","10284.224999999997","1384.1174999999998","0","815.77875","823.51125","24113.801250000008","0","0","0","0","0","0","0","0","0","0","0","0","0","0","0","0","0","0","0","0","0","10690.181250000001","10987.882500000003","1809.4050000000002","0","742.3199999999999","1159.8749999999998","25389.663749999992","10848.6975","11517.558749999998","1670.2199999999998","0","982.0274999999999","1260.3975","26278.901250000006","10721.11125","10991.74875","1264.2637499999998","0","672.7275","974.295","24624.146249999998","0","0","0","0","0","0","0","0","0","0","0","0","0","0","0","0","0","0","0","0","0","11069.073750000001","11273.985","1743.6787499999998","0","742.3199999999999","1175.3400000000001","26004.397500000006","10608.990000000005","11498.227499999999","1739.8124999999998","0","877.6387500000001","1271.99625","25996.664999999986","11065.2075","11331.978750000002","1310.6587499999998","0","792.58125","1009.09125","25509.517499999984","0","0","0","0","0","0","0","0","0","0","0","0","0","0","0","0","0","0","0","0","0","10578.060000000003","11254.653750000003","1859.66625","0","750.0525","1047.7537499999999","25490.18625","10759.773749999998","11602.616250000001","1635.42375","0","866.04","1306.7925","26170.646249999998","10744.30875","11038.143750000003","1283.595","0","800.3137499999999","997.4925000000001","24863.853749999987","0","0","0","0","0","0","0","0","0","0","0","0","0","0","0","0","0","0","0","0","0","10574.193749999997","11498.2275","1890.5962499999998","0","742.3199999999999","1128.945","25834.282500000012","10442.741250000003","12484.121249999998","1623.8249999999998","0","935.6324999999999","1333.85625","26820.17625000001","10806.168750000003","10879.627500000002","1357.05375","0","881.5050000000001","985.8937500000001","24910.248750000006","0","0","0","0","0","0","0","0","0","0","0","0","0","0","0","0","0","0","0","0","0","10906.69125","11954.445","1763.0099999999998","0","711.39","1167.6074999999998","26503.143750000003","11034.277499999997","11606.482500000002","1631.5575000000001","0","943.365","1202.40375","26418.086250000008","10686.315","11134.8","1322.2575","0","838.9762499999999","943.365","24925.71375","0","0","0","0","0","0","0","0","0","0","0","0","0","0","0","0","0","0","0","0","0","10806.168750000004","11185.061249999997","1851.9337500000001","0","750.0525","1186.9387499999998","25780.154999999995","11297.182499999999","11873.25375","1616.0925","0","951.0975000000001","1264.26375","27001.890000000003","10280.358749999998","11014.94625","1329.9899999999998","0","842.8425","1109.61375","24577.751249999998","0","0","0","0","0","0","0","0","0","0","0","0","0","0","0","0","0","0","0","0","0","10674.716250000001","11169.596250000002","1786.2075","0","742.3199999999999","1113.48","25486.320000000007","10407.945000000002","11598.749999999998","1708.8825000000002","0","1016.82375","1214.0025","25946.40375","10601.2575","10926.0225","1337.7224999999999","0","777.11625","1016.8237499999999","24658.942500000005","0","0","0","0","0","0","0","0","0","0","0","0","0","0","0","0","0","0","0","0","0","10601.2575","10887.360000000002","1867.3987499999998","0","750.0525","1109.61375","25215.682500000003","11053.60875","11888.71875","1724.3475","0","924.03375","1171.47375","26762.18249999999","10245.562499999998","11119.334999999997","1275.8624999999997","0","788.7150000000001","1163.74125","24593.21625000001","0","0","0","0","0","0","0","0","0","0","0","0","0","0","0","0","0","0","0","0","0","10779.105","11641.278749999998","1793.94","0","757.785","1152.1425","26124.251249999998","10721.111249999998","11451.832499999999","1523.3025000000002","0","896.97","1190.805","25784.021249999994","10724.977500000003","10450.47375","1256.5312500000002","0","831.2437499999999","974.2950000000001","24237.521250000013","0","0","0","0","0","0","0","0","0","0","0","0","0","0","0","0","0","0","0","0","0","10415.6775","11490.495000000003","1921.52625","0","773.25","1078.6837500000001","25679.632499999996","10914.423749999998","11285.583750000002","1635.42375","0","893.10375","1117.34625","25845.881249999995","10612.856249999999","10991.74875","1229.4675000000002","0","920.1675","962.69625","24716.936249999995","0","0","0","0","0","0","0","0","0","0","0","0","0","0","0","0","0","0","0","0","0","10469.805000000002","11687.67375","1964.0550000000003","0","750.0525","1225.60125","26097.187500000004","10724.977499999999","11150.264999999998","1708.8825","0","927.9000000000001","1322.2575","25834.2825","11045.876249999998","11181.195000000003","1318.39125","0","873.7725","1024.55625","25443.79125000001","0","0","0","0","0","0","0","0","0","0","0","0","0","0","0","0","0","0","0","0","0","10744.308749999998","11196.66","1793.9399999999998","0","757.785","1136.6775","25629.371250000007","11165.729999999998","11455.698749999996","1658.62125","0","908.5687499999999","1217.86875","26406.4875","10539.3975","10941.487500000003","1302.92625","0","811.9125000000001","1059.3525","24655.076249999995","0","0","0","0","0","0","0","0","0","0","0","0","0","0","0","0","0","0","0","0","0","10469.805000000004","11938.98","1832.6025000000002","0","773.25","1070.95125","26085.588749999995","10245.5625","11792.0625","1743.67875","0","908.5687499999999","1221.735","25911.607500000002","11374.507500000002","10898.95875","1345.455","0","873.7725","1001.35875","25494.052499999998","0","0","0","0","0","0","0","0","0","0","0","0","0","0","0","0","0","0","0","0","0","10473.671250000001","11405.437500000002","1747.5449999999998","0","726.855","1067.085","25420.59375","11185.061249999999","10864.1625","1724.3475","0","869.90625","1186.93875","25830.41625","10802.302500000002","11142.532500000001","1256.53125","0","838.9762499999999","1043.8875","25084.23000000001","0","0","0","0","0","0","0","0","0","0","0","0","0","0","0","0","0","0","0","0","0","10771.372499999996","11014.946249999997","1840.335","0","765.5174999999999","1016.82375","25408.995000000003","10802.302500000003","11861.654999999997","1592.895","0","869.90625","1248.79875","26375.557500000003","10489.136249999998","10299.689999999999","1283.595","0","943.365","1012.9575","24028.74375","0","0","0","0","0","0","0","0","0","0","0","0","0","0","0","0","0","0","0","0","0","10152.772500000001","12321.73875","1774.6087499999999","0","773.25","1140.5437499999998","26162.913749999996","10589.658749999997","11594.883749999999","1523.3025","0","881.5050000000001","1121.2124999999999","25710.562499999993","11146.398750000002","11092.271249999996","1202.40375","0","858.3075000000001","1059.3525","25358.73375","0","0","0","0","0","0","0","0","0","0","0","0","0","0","0","0","0","0","0","0","0","10218.498750000002","11877.119999999999","1824.8699999999997","0","750.0525","1252.665","25923.206250000003","11034.277500000002","11308.78125","1693.4175","0","916.30125","1287.46125","26240.238750000004","10782.971250000002","10636.053750000001","1310.6587499999998","0","831.2437500000001","958.83","24519.757500000003","0","0","0","0","0","0","0","0","0","0","0","0","0","0","0","0","0","0","0","0","0","10670.850000000002","11525.291249999998","1828.73625","0","742.3199999999999","1167.6074999999998","25934.804999999997","10218.498749999999","11672.20875","1643.1562500000002","0","924.0337499999999","1202.40375","25660.301250000004","10442.74125","11030.411250000005","1256.53125","0","784.8487500000001","811.9125000000001","24326.44500000001","0","0","0","0","0","0","0","0","0","0","0","0","0","0","0","0","0","0","0","0","0","10554.8625","11676.075000000003","1844.20125","0","726.855","1132.81125","25934.805","10999.48125","11401.571249999999","1743.6787499999998","0","900.8362500000001","1345.4550000000002","26391.022499999992","10562.595","11014.946249999995","1322.2575","0","711.39","1024.55625","24635.744999999995","0","0","0","0","0","0","0","0","0","0","0","0","0","0","0","0","0","0","0","0","0","10210.76625","11316.513750000002","1894.4625","0","773.25","1090.2824999999998","25285.274999999998","11069.073750000001","11792.062500000002","1666.35375","0","896.97","1299.06","26723.52000000001","10860.296249999998","10891.226249999994","1302.92625","0","730.72125","951.0975","24736.267500000013","0","0","0","0","0","0","0","0","0","0","0","0","0","0","0","0","0","0","0","0","0","10516.200000000003","11606.482500000004","1797.8062499999996","0","742.3199999999999","1214.0024999999998","25876.81125000001","10891.226250000002","12089.763750000002","1523.3025","0","931.7662499999999","1221.7350000000001","26657.79375","10790.703749999999","11645.144999999995","1283.595","0","846.70875","873.7725","25439.92499999999","0","0","0","0","0","0","0","0","0","0","0","0","0","0","0","0","0","0","0","0","0","10558.728750000002","11328.1125","1743.67875","0","742.3199999999999","1067.085","25439.925000000014","10670.850000000002","11529.157500000001","1716.615","0","866.0400000000001","1217.8687499999999","26000.53124999999","10365.416249999998","10612.85625","1372.51875","0","769.38375","1121.2125","24241.3875","0","0","0","0","0","0","0","0","0","0","0","0","0","0","0","0","0","0","0","0","0","10276.492500000002","11571.686250000002","1824.87","0","719.1225","1171.47375","25563.645","11014.94625","11548.488750000002","1604.49375","0","904.7025","1171.47375","26244.105000000003","10230.0975","11157.997500000001","1271.99625","0","896.9699999999999","931.76625","24488.827499999996","0","0","0","0","0","0","0","0","0","0","0","0","0","0","0","0","0","0","0","0","0","10632.1875","11645.145","1886.73","0","742.3199999999999","1105.7475","26012.129999999994","10891.226250000003","11691.539999999999","1631.5575000000001","0","954.9637499999999","1244.9325","26414.219999999998","10995.615","10361.550000000003","1221.7350000000001","0","792.58125","997.4925","24368.973750000005","0","0","0","0","0","0","0","0","0","0","0","0","0","0","0","0","0","0","0","0","0","10458.206250000001","11316.51375","1832.6025","0","757.785","1194.6712499999999","25559.778750000005","10929.888749999998","11850.056250000001","1666.3537500000002","0","927.9000000000001","1198.5375000000001","26572.736250000005","10883.49375","10933.755000000003","1283.5949999999998","0","831.2437500000001","962.69625","24894.783749999984","0","0","0","0","0","0","0","0","0","0","0","0","0","0","0","0","0","0","0","0","0","10423.409999999998","11598.750000000004","1751.4112499999999","0","726.855","1244.9325","25745.358750000007","10674.716250000003","11950.57875","1627.69125","0","885.37125","1287.46125","26425.818749999995","10605.123749999999","10342.21875","1229.4675","0","715.2562499999999","982.0275","23874.09375","0","0","0","0","0","0","0","0","0","0","0","0","0","0","0","0","0","0","0","0","0","11026.545","11637.412499999999","1871.2649999999999","0","750.0525","1117.3462499999998","26402.62124999999","10504.60125","11478.89625","1716.615","0","896.97","1214.0025","25811.084999999995","10775.23875","10806.168749999997","1291.3274999999999","0","777.11625","1167.6075","24817.458749999998","0","0","0","0","0","0","0","0","0","0","0","0","0","0","0","0","0","0","0","0","0","10663.1175","11610.348750000001","1878.9975","0","719.1225","1248.79875","26120.385000000002","10469.804999999998","12078.164999999997","1647.0225","0","954.96375","1326.12375","26476.080000000005","10926.0225","11011.080000000002","1217.86875","0","777.11625","997.4925000000001","24929.579999999994","0","0","0","0","0","0","0","0","0","0","0","0","0","0","0","0","0","0","0","0","0","10651.518750000001","11266.252499999999","1793.94","0","750.0525","1152.1425","25613.906250000004","10694.0475","11676.075","1616.0924999999997","0","858.3075000000001","1032.28875","25876.81125","10779.105000000001","10709.5125","1391.85","0","858.3074999999999","943.3649999999999","24682.14","0","0","0","0","0","0","0","0","0","0","0","0","0","0","0","0","0","0","0","0","0","10230.0975","11931.247500000001","1929.25875","0","726.855","1140.54375","25958.002500000013","10995.614999999998","12283.076250000002","1635.42375","0","951.0975","1299.06","27164.272500000003","10636.053750000003","10844.83125","1264.2637499999998","0","753.91875","873.7725","24372.839999999986","0","0","0","0","0","0","0","0","0","0","0","0","0","0","0","0","0","0","0","0","0","10353.817500000003","11316.513749999996","1824.87","0","750.0525","1217.8687499999999","25463.122499999998","10639.919999999998","11556.221249999999","1662.4875","0","862.1737499999999","1244.9325","25965.734999999997","10404.078750000002","10643.78625","1329.99","0","692.05875","831.24375","23901.1575","0","0","0","0","0","0","0","0","0","0","0","0","0","0","0","0","0","0","0","0","0","10508.4675","11270.11875","1735.9462499999997","0","734.5875","1217.8687499999999","25466.988750000004","10709.5125","11548.488750000002","1786.2075","0","896.97","1310.65875","26251.8375","10581.92625","10767.506249999999","1283.5949999999998","0","815.77875","1082.55","24531.356250000008","0","0","0","0","0","0","0","0","0","0","0","0","0","0","0","0","0","0","0","0","0","10230.097500000002","11687.673750000005","1824.87","0","765.5174999999999","1121.2124999999999","25629.37125","10489.136250000001","11243.054999999998","1600.6275","0","854.44125","1326.12375","25513.38375","11285.583750000002","11134.8","1244.9325","0","873.7724999999999","808.04625","25347.135","0","0","0","0","0","0","0","0","0","0","0","0","0","0","0","0","0","0","0","0","0","10361.549999999997","11865.521250000002","1735.94625","0","765.5174999999999","993.62625","25722.16125000001","10910.5575","11938.980000000001","1674.0862499999998","0","985.89375","1299.06","26808.577499999992","10520.066249999998","10663.1175","1248.79875","0","784.84875","1040.02125","24256.852499999997","0","0","0","0","0","0","0","0","0","0","0","0","0","0","0","0","0","0","0","0","0","10709.512500000003","11324.24625","1855.7999999999997","0","703.6575","1082.55","25675.766249999997","10798.43625","11525.291249999998","1554.2324999999998","0","927.9","1353.1875","26159.047500000004","10489.136250000003","11312.647500000001","1376.385","0","811.9125","889.2375","24879.318749999988","0","0","0","0","0","0","0","0","0","0","0","0","0","0","0","0","0","0","0","0","0","10868.028750000001","11378.373749999999","1882.8637500000002","0","773.25","1206.27","26108.786249999994","10496.868750000003","11730.2025","1654.7549999999999","0","862.1737499999999","1167.6075","25911.6075","10837.098750000001","11444.1","1326.12375","0","796.4475","804.1800000000001","25207.950000000004","0","0","0","0","0","0","0","0","0","0","0","0","0","0","0","0","0","0","0","0","0"
,"10728.843750000002","11231.45625","1894.4624999999999","0","788.7149999999999","1179.20625","25822.683749999997","10701.780000000002","11486.628749999998","1712.74875","0","951.0975","1214.0025","26066.25749999998","10694.047500000004","10922.156249999998","1225.60125","0","769.38375","970.42875","24581.61749999999","0","0","0","0","0","0","0","0","0","0","0","0","0","0","0","0","0","0","0","0","0","10578.059999999996","11652.8775","1805.5387500000002","0","742.3199999999999","1198.5375","25977.33374999999","10910.557499999995","11374.5075","1708.8825","0","881.5050000000001","1271.9962500000001","26147.448749999996","11018.8125","11127.067499999997","1372.51875","0","757.785","1024.55625","25300.739999999998","0","0","0","0","0","0","0","0","0","0","0","0","0","0","0","0","0","0","0","0","0","10810.035","10798.43625","1867.39875","0","742.3199999999999","1167.6075","25385.797500000004","10663.1175","11478.89625","1685.6850000000002","0","1028.4225000000001","1109.61375","25965.734999999997","10860.296250000005","11231.456249999996","1283.5949999999998","0","846.70875","943.365","25165.421249999996","0","0","0","0","0","0","0","0","0","0","0","0","0","0","0","0","0","0","0","0","0","10895.092500000002","11374.507500000002","1929.25875","0","750.0525","1233.33375","26182.245","11146.398749999997","11745.667500000003","1701.1499999999999","0","927.9","1098.015","26619.131250000002","10612.856249999997","11115.46875","1318.39125","0","827.3775","827.3775","24701.47124999999","0","0","0","0","0","0","0","0","0","0","0","0","0","0","0","0","0","0","0","0","0","10651.51875","11231.456249999997","1867.39875","0","780.9825","1144.4099999999999","25675.76625","10261.027499999997","11780.463749999999","1650.8887499999998","0","881.5050000000001","1453.71","26027.594999999998","10728.84375","10782.97125","1372.51875","0","835.11","927.9","24647.34375","0","0","0","0","0","0","0","0","0","0","0","0","0","0","0","0","0","0","0","0","0","10813.901249999997","12039.5025","1871.2649999999999","0","750.0525","1229.4675","26704.188750000005","10608.990000000002","11389.972500000002","1674.08625","0","1012.9575","1252.665","25938.671249999996","11173.4625","11049.742499999998","1271.99625","0","777.11625","1144.41","25416.7275","0","0","0","0","0","0","0","0","0","0","0","0","0","0","0","0","0","0","0","0","0","11057.474999999997","10980.15","1867.3987499999998","0","757.785","1268.13","25930.93874999999","10794.57","12008.572499999998","1654.7549999999999","0","958.8299999999999","1264.26375","26680.991250000003","10589.658749999999","10697.913750000002","1210.1362499999998","0","896.97","819.645","24214.323750000003","0","0","0","0","0","0","0","0","0","0","0","0","0","0","0","0","0","0","0","0","0","10520.066250000002","11703.138750000002","1797.8062499999999","0","765.5174999999999","1183.0725","25969.60125000001","10802.302500000002","11966.04375","1674.0862499999998","0","943.365","1179.20625","26565.00375000001","11026.544999999998","11107.736250000004","1217.86875","0","827.3775","835.11","25014.63749999999","0","0","0","0","0","0","0","0","0","0","0","0","0","0","0","0","0","0","0","0","0","10833.232499999998","11389.9725","1813.2712500000002","0","742.3199999999999","1121.2124999999999","25900.008750000005","11014.946249999999","11301.04875","1770.7424999999998","0","900.83625","1202.40375","26189.977499999997","10175.969999999996","10543.263749999996","1291.3274999999999","0","680.46","947.23125","23638.252500000002","0","0","0","0","0","0","0","0","0","0","0","0","0","0","0","0","0","0","0","0","0","10802.302500000003","11494.36125","1848.0675","0","773.25","1210.13625","26128.117499999993","10883.493749999998","11625.813749999998","1693.4175","0","873.7725","1167.6075","26244.104999999985","10550.996249999998","11127.067500000003","1314.525","0","823.51125","896.97","24713.069999999996","0","0","0","0","0","0","0","0","0","0","0","0","0","0","0","0","0","0","0","0","0","10608.990000000002","11401.57125","1936.9912499999998","0","742.3199999999999","1090.2825","25780.155","10643.786250000001","11444.099999999999","1689.5512499999998","0","947.23125","1283.5949999999998","26008.26375000001","10786.8375","11045.876249999998","1364.7862499999999","0","753.91875","866.04","24817.45874999998","0","0","0","0","0","0","0","0","0","0","0","0","0","0","0","0","0","0","0","0","0","10798.436250000002","11610.34875","1875.1312500000001","0","742.3199999999999","1136.6774999999998","26162.913749999985","10972.417500000001","11505.959999999997","1705.01625","0","904.7025","1241.0662499999999","26329.16250000001","11165.730000000003","11045.87625","1302.92625","0","765.5174999999999","962.69625","25242.746249999997","0","0","0","0","0","0","0","0","0","0","0","0","0","0","0","0","0","0","0","0","0","10489.13625","12070.4325","1809.405","0","742.3199999999999","1214.0025","26325.29625000001","11014.94625","11239.188750000001","1604.4937499999999","0","893.10375","1345.455","26097.187499999993","10926.022500000001","10496.868749999998","1229.4675","0","722.98875","900.8362500000001","24276.18374999999","0","0","0","0","0","0","0","0","0","0","0","0","0","0","0","0","0","0","0","0","0","10311.288750000002","11432.501250000003","1712.7487499999997","0","765.5174999999999","1163.74125","25385.79750000001","10705.646249999998","12406.796249999998","1743.6787499999998","0","893.10375","1302.92625","27052.15124999999","11092.271250000002","11030.41125","1256.5312499999998","0","815.77875","800.31375","24995.306249999994","0","0","0","0","0","0","0","0","0","0","0","0","0","0","0","0","0","0","0","0","0","10639.92","11691.54","1797.8062499999999","0","757.785","1163.74125","26050.79250000001","10566.461249999998","12545.98125","1647.0225","0","935.6324999999999","1167.6075","26862.705000000005","11157.997499999998","11026.545","1364.7862499999999","0","761.65125","1028.4225","25339.4025","0","0","0","0","0","0","0","0","0","0","0","0","0","0","0","0","0","0","0","0","0","10574.193749999999","11223.723750000001","1778.475","0","742.3199999999999","1210.13625","25528.848749999997","10976.283749999997","11227.59","1689.55125","0","908.56875","1337.7225","26139.716249999994","11378.373749999999","11038.14375","1256.53125","0","753.91875","1105.7475000000002","25532.715000000004","0","0","0","0","0","0","0","0","0","0","0","0","0","0","0","0","0","0","0","0","0","10454.34","11695.40625","1855.8","0","750.0525","1094.14875","25849.747499999998","10852.56375","11834.59125","1666.3537499999998","0","885.3712500000001","1194.6712499999999","26433.551250000004","10821.633750000003","10991.748749999999","1299.06","0","931.7662499999999","1063.21875","25107.427500000005","0","0","0","0","0","0","0","0","0","0","0","0","0","0","0","0","0","0","0","0","0","10446.607500000004","11223.72375","1871.2649999999999","0","734.5875","1221.7350000000001","25497.91875000002","10481.403750000001","11304.915000000003","1720.48125","0","885.37125","1248.7987500000002","25640.970000000005","10898.958750000002","11057.475","1241.0662499999999","0","866.04","1047.75375","25111.293749999997","0","0","0","0","0","0","0","0","0","0","0","0","0","0","0","0","0","0","0","0","0","10581.92625","11649.011250000001","1859.66625","0","734.5875","1190.8049999999998","26015.99625","10860.296249999996","11014.946250000003","1616.0925","0","877.6387500000001","1117.34625","25486.320000000003","11011.08","11038.143749999996","1248.7987500000002","0","784.8487500000001","788.715","24871.586250000008","0","0","0","0","0","0","0","0","0","0","0","0","0","0","0","0","0","0","0","0","0","10322.8875","11022.678750000001","1867.3987499999998","0","750.0525","1159.875","25122.89249999999","10624.454999999998","11536.890000000001","1635.42375","0","943.365","1256.53125","25996.665000000005","10763.64","10759.773749999998","1202.4037500000002","0","777.11625","1032.2887500000002","24535.22249999998","0","0","0","0","0","0","0","0","0","0","0","0","0","0","0","0","0","0","0","0","0","10295.823749999998","11401.571249999999","1890.5962499999998","0","773.25","1229.4674999999997","25590.70875","11115.468750000002","11556.22125","1565.83125","0","889.2375","1256.53125","26383.29000000002","10825.499999999996","10821.633749999995","1256.53125","0","869.90625","1020.69","24794.261250000007","0","0","0","0","0","0","0","0","0","0","0","0","0","0","0","0","0","0","0","0","0","10407.945000000003","11560.087499999998","1712.7487500000002","0","726.855","1241.0662499999999","25648.702500000007","10844.831250000005","11807.5275","1531.0349999999999","0","908.5687499999999","1190.8049999999998","26282.767499999994","10984.01625","10759.77375","1329.9899999999998","0","719.1225000000001","943.365","24736.26749999999","0","0","0","0","0","0","0","0","0","0","0","0","0","0","0","0","0","0","0","0","0","10249.428750000001","11312.647500000001","1848.0675","0","757.785","1117.34625","25285.275000000012","11169.596249999999","11621.9475","1770.7424999999998","0","924.0337499999999","1345.455","26831.775","10806.16875","11072.939999999997","1183.0725","0","746.18625","881.5049999999999","24689.8725","0","0","0","0","0","0","0","0","0","0","0","0","0","0","0","0","0","0","0","0","0","10589.658749999999","11521.425000000003","1906.06125","0","726.855","1186.93875","25930.93874999999","11092.27125","11544.622500000001","1581.2962499999996","0","912.435","1333.8562499999998","26464.48125","10438.875","11328.1125","1275.8625000000002","0","792.5812500000001","1140.54375","24975.975000000002","0","0","0","0","0","0","0","0","0","0","0","0","0","0","0","0","0","0","0","0","0","10465.938749999998","11888.718750000004","1813.2712499999998","0","773.25","1144.4099999999999","26085.588750000006","11022.678749999997","11331.978749999998","1743.6787499999998","0","916.30125","1229.4675","26244.105","10933.755000000001","11096.137500000003","1291.3274999999999","0","695.925","939.49875","24956.64375","0","0","0","0","0","0","0","0","0","0","0","0","0","0","0","0","0","0","0","0","0","10496.868750000003","11915.782500000005","1793.9399999999998","0","773.25","1009.0912500000001","25988.932500000006","10427.276249999999","10941.4875","1732.0800000000002","0","931.76625","1159.875","25192.485000000008","10724.9775","11165.73","1264.2637499999998","0","804.1800000000001","1036.155","24995.30625","0","0","0","0","0","0","0","0","0","0","0","0","0","0","0","0","0","0","0","0","0","10616.722499999996","11927.381249999999","1670.22","0","773.25","1241.06625","26228.640000000003","10624.455000000002","11517.55875","1585.1625","0","966.5625","1299.06","25992.79875000001","11061.341250000001","10883.493750000001","1337.7224999999999","0","823.51125","835.11","24941.17875","0","0","0","0","0","0","0","0","0","0","0","0","0","0","0","0","0","0","0","0","0","10566.461250000002","11695.406250000004","1836.46875","0","742.3199999999999","1225.60125","26066.257499999996","10902.824999999999","11649.011250000001","1619.9587499999998","0","974.2949999999998","1368.6525","26514.7425","10682.448750000001","10547.129999999996","1241.0662499999999","0","823.5112499999999","823.51125","24117.667500000003","0","0","0","0","0","0","0","0","0","0","0","0","0","0","0","0","0","0","0","0","0","10678.582499999999","11378.373750000002","1848.0674999999999","0","757.785","1237.1999999999998","25900.00875","11119.335000000001","11413.17","1565.83125","0","939.49875","1167.6075","26205.4425","10825.499999999996","10875.761249999996","1318.39125","0","773.25","978.1612499999999","24771.063749999998","0","0","0","0","0","0","0","0","0","0","0","0","0","0","0","0","0","0","0","0","0","10145.039999999997","11842.323750000001","1705.0162500000001","0","734.5875","1179.20625","25606.173749999998","11014.94625","11200.52625","1755.2775","0","908.56875","1252.665","26131.983750000007","10338.352500000003","10786.8375","1310.65875","0","788.715","1074.8174999999999","24299.38125","0","0","0","0","0","0","0","0","0","0","0","0","0","0","0","0","0","0","0","0","0","10868.02875","11293.31625","1724.3475","0","750.0525","1094.1487499999998","25729.893750000007","10914.423750000004","11873.253750000002","1674.0862499999998","0","927.9000000000001","1264.26375","26653.927500000013","10237.83","10891.226250000002","1221.7350000000001","0","811.9124999999999","966.5625","24129.26624999999","0","0","0","0","0","0","0","0","0","0","0","0","0","0","0","0","0","0","0","0","0","10605.123749999999","11270.118749999996","1886.7299999999996","0","703.6575","1152.1425","25617.7725","10802.302500000002","11463.43125","1689.55125","0","916.30125","1198.5375","26070.12375","10346.085000000005","11142.532500000001","1310.6587499999998","0","858.3075000000001","842.8425","24500.42625","0","0","0","0","0","0","0","0","0","0","0","0","0","0","0","0","0","0","0","0","0","10550.99625","11498.227499999999","1705.0162500000001","0","750.0525","1283.595","25787.887499999997","11401.571249999999","11645.145000000004","1643.15625","0","908.5687499999999","1287.46125","26885.902499999982","10732.71","10879.627500000002","1318.39125","0","808.0462500000001","842.8425000000001","24581.617499999997","0","0","0","0","0","0","0","0","0","0","0","0","0","0","0","0","0","0","0","0","0","10632.1875","11382.24","1689.55125","0","750.0525","1202.40375","25656.435000000012","10790.703749999999","11533.023749999998","1677.9525","0","896.97","1252.665","26151.315000000002","10794.570000000002","10860.29625","1364.7862499999999","0","777.11625","877.63875","24674.407499999998","0","0","0","0","0","0","0","0","0","0","0","0","0","0","0","0","0","0","0","0","0","10562.595000000003","11587.151250000003","1824.87","0","734.5875","1233.3337500000002","25942.5375","10813.90125","11888.718749999996","1658.62125","0","935.6324999999999","1314.5249999999999","26611.39874999999","10953.08625","11517.55875","1372.51875","0","804.1800000000001","838.9762499999999","25486.320000000007","0","0","0","0","0","0","0","0","0","0","0","0","0","0","0","0","0","0","0","0","0","11069.073749999998","11803.661250000001","1848.0675","0","773.25","1268.1299999999999","26762.182500000006","10817.767499999998","11208.258749999997","1666.35375","0","920.1675","1268.1299999999999","25880.677499999998","10411.811249999999","10431.142500000002","1237.1999999999998","0","784.84875","1043.8874999999998","23908.89","0","0","0","0","0","0","0","0","0","0","0","0","0","0","0","0","0","0","0","0","0","10945.35375","11594.883750000003","1720.4812499999998","0","742.3199999999999","1140.54375","26143.58250000001","10972.417499999998","11989.24125","1647.0225","0","896.97","1268.13","26773.78124999998","10666.98375","10995.615","1364.78625","0","757.785","1094.14875","24879.31875","0","0","0","0","0","0","0","0","0","0","0","0","0","0","0","0","0","0","0","0","0","10365.416250000002","11386.106250000003","1778.475","0","750.0525","1268.13","25548.18","11281.717499999999","11730.202500000003","1635.42375","0","900.8362500000001","1225.60125","26773.781249999996","10999.481249999999","11177.328749999995","1275.8625","0","742.32","920.1675","25115.159999999993","0","0","0","0","0","0","0","0","0","0","0","0","0","0","0","0","0","0","0","0","0","10554.8625","11258.520000000002","1728.21375","0","765.5174999999999","1225.60125","25532.714999999997","10945.353749999998","11846.19","1592.895","0","974.295","1357.05375","26715.787499999995","10550.996250000002","10539.397500000003","1264.2637499999998","0","873.7725","873.7725","24102.202499999992","0","0","0","0","0","0","0","0","0","0","0","0","0","0","0","0","0","0","0","0","0","10469.804999999998","11745.667500000003","1797.8062499999999","0","719.1225","1101.88125","25834.282499999998","10477.537499999997","11846.19","1581.29625","0","912.4350000000001","1299.06","26116.518750000003","10349.95125","11045.876250000001","1310.65875","0","773.25","1043.8874999999998","24523.623750000002","0","0","0","0","0","0","0","0","0","0","0","0","0","0","0","0","0","0","0","0","0","10968.55125","10891.226250000003","1774.6087499999999","0","765.5174999999999","1241.0662499999999","25640.969999999998","11246.92125","12074.298749999994","1697.28375","0","916.30125","1279.72875","27214.53375000001","11208.258749999999","11246.92125","1357.0537499999998","0","750.0525","970.42875","25532.715000000015","0","0","0","0","0","0","0","0","0","0","0","0","0","0","0","0","0","0","0","0","0","10535.53125","11312.647499999995","1878.9974999999997","0","742.3199999999999","1113.48","25582.976250000007","10462.072500000004","11865.521249999998","1650.88875","0","881.505","1229.4675","26089.455000000005","10396.34625","10659.251250000001","1318.39125","0","893.10375","1063.21875","24330.311250000006","0","0","0","0","0","0","0","0","0","0","0","0","0","0","0","0","0","0","0","0","0","10771.372499999998","11420.902500000002","1863.5325","0","742.3199999999999","1032.28875","25830.416250000002","10821.633749999997","11792.062500000002","1689.55125","0","908.5687500000001","1198.5375","26410.353749999995","10976.28375","11022.678750000001","1241.06625","0","719.1225","1074.8175","25033.968749999985","0","0","0","0","0","0","0","0","0","0","0","0","0","0","0","0","0","0","0","0","0","10694.0475","11355.17625","1909.9275","0","757.785","1194.67125","25911.607500000006","10562.594999999998","11038.14375","1732.08","0","893.10375","1271.99625","25497.918750000015","10926.0225","10597.39125","1268.13","0","838.9762499999999","831.2437500000001","24461.763750000002","0","0","0","0","0","0","0","0","0","0","0","0","0","0","0","0","0","0","0","0","0","10458.20625","11579.41875","1763.0099999999998","0","719.1225","1117.34625","25637.103750000006","10767.506249999999","11861.654999999999","1581.2962499999999","0","947.2312499999999","1264.2637499999998","26421.952500000003","11092.27125","10918.290000000003","1233.33375","0","838.97625","1156.00875","25238.879999999997","0","0","0","0","0","0","0","0","0","0","0","0","0","0","0","0","0","0","0","0","0","10299.689999999999","11235.322500000002","1828.73625","0","750.0525","1271.99625","25385.797500000008","11424.76875","12058.833749999996","1585.1625","0","935.6325","1241.0662499999999","27245.46375","10322.887499999999","11277.851250000005","1156.00875","0","885.3712499999999","927.9","24570.018750000003","0","0","0","0","0","0","0","0","0","0","0","0","0","0","0","0","0","0","0","0","0","10821.63375","11022.678750000001","1844.20125","0","711.39","1237.1999999999998","25637.103750000006","10721.111249999998","11482.762499999997","1627.6912499999999","0","935.6325","1159.875","25927.07250000001","10728.843749999996","10790.703750000002","1271.99625","0","819.645","877.6387500000001","24488.827499999992","0","0","0","0","0","0","0","0","0","0","0","0","0","0","0","0","0","0","0","0","0","10419.543749999999","11246.92125","1786.2075","0","726.855","1260.3975","25439.924999999992","11018.8125","11927.381250000002","1670.22","0","951.0975","1217.86875","26785.38","10481.403749999998","10852.563749999998","1283.5949999999998","0","672.7275","927.9","24218.190000000006","0","0","0","0","0","0","0","0","0","0","0","0","0","0","0","0","0","0","0","0","0","10462.0725","11625.81375","1751.4112499999999","0","750.0525","1156.00875","25745.358750000003","10342.21875","11602.61625","1658.6212500000001","0","993.62625","1306.7925","25903.87499999999","10937.62125","10728.84375","1349.32125","0","777.11625","974.2950000000001","24767.197500000006","0","0","0","0","0","0","0","0","0","0","0","0","0","0","0","0","0","0","0","0","0","10338.352500000003","12402.930000000004","1701.15","0","773.25","1202.40375","26418.086250000015","10520.06625","11996.973750000003","1612.22625","0","873.7725","1167.6075","26170.646249999983","10678.582499999999","10767.506249999997","1295.19375","0","835.1100000000001","900.8362500000001","24477.228750000013","0","0","0","0","0","0","0","0","0","0","0","0","0","0","0","0","0","0","0","0","0","10346.084999999997","11107.736249999998","1855.7999999999997","0","780.9825","1217.86875","25308.472499999996","10837.098749999994","11301.048750000002","1554.2325","0","943.365","1128.945","25764.690000000017","10771.372500000003","10535.53125","1345.455","0","750.0525","935.6324999999999","24338.043749999997","0","0","0","0","0","0","0","0","0","0","0","0","0","0","0","0","0","0","0","0","0","10334.486250000002","11301.04875","1878.9975","0","742.3199999999999","1094.14875","25351.001249999994","10810.034999999998","11447.96625","1589.02875","0","982.0274999999999","1163.74125","25992.79875","10918.289999999999","10999.48125","1337.7225","0","931.7662500000001","877.63875","25064.89874999999","0","0","0","0","0","0","0","0","0","0","0","0","0","0","0","0","0","0","0","0","0","10550.996249999997","11389.972500000007","1766.8762499999998","0","773.25","1179.20625","25660.301249999993","10682.44875","11950.57875","1616.0925","0","1001.3587500000001","1171.47375","26421.952500000003","10353.8175","10906.691249999998","1322.2575000000002","0","765.5175","1086.41625","24434.700000000004","0","0","0","0","0","0","0","0","0","0","0","0","0","0","0","0","0","0","0","0","0","10922.156250000004","10539.3975","1987.2525","0","757.785","1225.60125","25432.1925","11061.341249999998","11505.960000000001","1569.6975","0","1028.4225","1310.65875","26476.079999999994","11281.717500000002","11533.02375","1291.3274999999999","0","815.77875","695.925","25617.7725","0","0","0","0","0","0","0","0","0","0","0","0","0","0","0","0","0","0","0","0","0","10759.77375","11714.737500000005","1844.2012499999998","0","765.5174999999999","1098.0149999999999","26182.24500000001","10508.467500000002","11911.916249999998","1677.9524999999999","0","889.2375000000001","1264.26375","26251.83750000001","10377.015","10999.48125","1310.6587499999998","0","753.91875","1009.09125","24450.164999999986","0","0","0","0","0","0","0","0","0","0","0","0","0","0","0","0","0","0","0","0","0","10752.041250000002","11157.997499999996","1728.21375","0","780.9825","1241.0662499999999","25660.301250000004","10910.557499999999","11614.214999999998","1735.94625","0","924.03375","1121.2125","26305.965","11076.80625","10868.02875","1244.9325","0","858.3075000000001","1082.55","25130.625000000007","0","0","0","0","0","0","0","0","0","0","0","0","0","0","0","0","0","0","0","0","0","10782.971249999995","11629.68","1844.2012500000003","0","750.0525","1206.27","26213.175","10999.481249999999","11799.794999999998","1697.28375","0","908.56875","1121.2125","26526.341249999998","10554.862499999997","10984.01625","1291.3275","0","900.83625","1063.21875","24794.26125","0","0","0","0","0","0","0","0","0","0","0","0","0","0","0","0","0","0","0","0","0","10759.773750000002","11409.303750000005","1786.2074999999998","0","773.25","1101.88125","25830.416249999995","10794.570000000002","11393.838749999999","1619.95875","0","947.23125","1144.41","25900.00875000001","10802.302500000002","11138.666249999998","1179.20625","0","846.70875","970.42875","24937.312500000007","0","0","0","0","0","0","0","0","0","0","0","0","0","0","0","0","0","0","0","0","0","10411.811249999999","11722.469999999998","1878.9975","0","750.0525","1159.875","25923.206249999996","10937.62125","11397.704999999998","1677.9524999999999","0","908.5687499999999","1295.19375","26217.041250000006","10435.008750000003","10887.359999999999","1291.3274999999999","0","850.575","993.62625","24457.897499999992","0","0","0","0","0","0","0","0","0","0","0","0","0","0","0","0","0","0","0","0","0","10566.461250000002","11679.941249999998","1886.73","0","734.5875","1163.74125","26031.461250000008","10380.881250000002","11587.15125","1515.57","0","924.03375","1283.595","25691.23124999999","10937.621249999998","11301.048750000002","1302.92625","0","796.4475","1028.4225000000001","25366.46625","0","0","0","0","0","0","0","0","0","0","0","0","0","0","0","0","0","0","0","0","0","10446.6075","11246.921250000003","1666.3537500000002","0","757.785","1264.2637499999998","25381.931250000012","11026.545000000006","11853.922499999997","1592.895","0","935.6324999999999","1098.015","26507.00999999999","10493.002499999999","11038.143749999997","1128.945","0","823.51125","1009.09125","24492.69375","0","0","0","0","0","0","0","0","0","0","0","0","0","0","0","0","0","0","0","0","0","10168.2375","11490.494999999999","1828.73625","0","765.5174999999999","1059.3525","25312.338749999995","10759.773750000002","11981.508749999999","1697.2837499999998","0","935.6324999999999","1167.6074999999998","26541.80625000001","10435.00875","10825.500000000004","1264.2637499999998","0","827.3775","1086.41625","24438.566249999996","0","0","0","0","0","0","0","0","0","0","0","0","0","0","0","0","0","0","0","0","0","10485.270000000004","11239.188750000005","1685.6849999999997","0","765.5174999999999","1225.60125","25401.262499999997","10848.6975","11830.725000000004","1708.8825","0","962.69625","1244.9325","26595.93375","10875.761249999998","11289.449999999995","1337.7224999999999","0","761.65125","1028.4225000000001","25293.00749999999","0","0","0","0","0","0","0","0","0","0","0","0","0","0","0","0","0","0","0","0","0","10427.276250000003","11440.233750000003","1759.14375","0","719.1225","1225.60125","25571.3775","10666.983750000003","11517.558749999998","1565.83125","0","889.2375","1268.1299999999999","25907.74124999999","10736.576249999996","11254.65375","1329.9899999999998","0","881.5050000000001","1032.28875","25235.013750000002","0","0","0","0","0","0","0","0","0","0","0","0","0","0","0","0","0","0","0","0","0","10651.518750000001","11289.449999999999","1863.5324999999998","0","719.1225","1237.2","25760.82375","10956.952500000003","11254.65375","1693.4175","0","869.90625","1268.13","26043.06000000001","11065.207499999999","10674.716249999998","1252.665","0","908.5687499999999","1024.55625","24925.713750000017","0","0","0","0","0","0","0","0","0","0","0","0","0","0","0","0","0","0","0","0","0","10473.671250000001","11567.82","1790.07375","0","750.0525","1090.2824999999998","25671.900000000005","10415.677500000003","12240.547499999999","1693.4174999999998","0","993.62625","1179.20625","26522.47499999999","10790.703750000002","11188.927500000002","1318.39125","0","862.17375","1043.8874999999998","25204.08374999999","0","0","0","0","0","0","0","0","0","0","0","0","0","0","0","0","0","0","0","0","0","10713.378750000002","11447.966250000005","1878.9975","0","757.785","1190.8049999999998","25988.932500000003","10964.684999999994","11668.342500000002","1581.2962499999999","0","904.7024999999999","1248.79875","26367.825","10953.08625","10531.664999999997","1275.8625000000002","0","831.2437499999999","792.5812500000001","24384.438750000005","0","0","0","0","0","0","0","0","0","0","0","0","0","0","0","0","0","0","0","0","0","10593.525000000001","11722.47","1882.8637500000002","0","750.0525","1256.53125","26205.4425","10806.16875","11958.311249999999","1608.36","0","954.9637500000001","1171.47375","26499.277499999986","10666.98375","10612.85625","1260.3974999999998","0","846.70875","765.5175","24152.463750000003","0","0","0","0","0","0","0","0","0","0","0","0","0","0","0","0","0","0","0","0","0","10825.5","11482.7625","1902.1950000000002","0","750.0525","1140.5437499999998","26101.053749999995","10821.633749999997","11467.297499999999","1677.9524999999999","0","966.5625","1310.65875","26244.104999999996","10709.5125","11030.411250000001","1337.7224999999999","0","927.9","1028.4225000000001","25033.968750000007","0","0","0","0","0","0","0","0","0","0","0","0","0","0","0","0","0","0","0","0","0","10779.105000000001","11007.213750000003","1832.6025000000002","0","742.3199999999999","1206.27","25567.51125","10941.4875","11304.914999999995","1616.0925","0","912.435","1248.79875","26023.72875","10462.0725","10860.296249999998","1237.1999999999998","0","842.8425","889.2375000000001","24291.64875","0","0","0","0","0","0","0","0","0","0","0","0","0","0","0","0","0","0","0","0","0","10639.92","11869.387500000004","1759.14375","0","750.0525","1229.4675000000002","26247.971250000002","11389.972499999996","11366.775000000001","1763.01","0","935.6325","1229.4675","26684.857499999995","10589.65875","10980.15","1318.3912499999997","0","730.72125","985.89375","24604.814999999988","0","0","0","0","0","0","0","0","0","0","0","0","0","0","0","0","0","0","0","0","0","10438.875000000002","11428.635","1770.7425","0","750.0525","1256.53125","25644.83624999999","10937.62125","11652.8775","1693.4174999999998","0","916.30125","1229.4675000000002","26429.684999999994","10879.627500000002","10775.238749999997","1275.8625000000002","0","753.91875","935.6324999999999","24620.28","0","0","0","0","0","0","0","0","0","0","0","0","0","0","0","0","0","0","0","0","0","10493.002500000002","11405.437500000002","1824.87","0","780.9825","1175.34","25679.632500000003","11034.2775","11652.8775","1596.76125","0","854.4412500000001","1256.53125","26394.88875","10887.36","11123.20125","1237.2","0","780.9825","1016.82375","25045.56750000001","0","0","0","0","0","0","0","0","0","0","0","0","0","0","0","0","0","0","0","0","0","10562.595000000001","11699.2725","1708.8825","0","742.3199999999999","1167.6074999999998","25880.6775","10423.409999999998","11741.801249999997","1685.685","0","877.6387500000001","1403.44875","26131.983750000003","10682.44875","10593.525","1268.1299999999999","0","866.04","970.4287499999999","24380.572499999995","0","0","0","0","0","0","0","0","0","0","0","0","0","0","0","0","0","0","0","0","0","10276.4925","11513.6925","1906.06125","0","757.785","1190.805","25644.836249999986","10790.703749999995","10960.81875","1693.4175","0","931.76625","1229.4675000000002","25606.173749999998","10686.314999999997","11150.265000000001","1337.7225","0","858.3075000000001","912.435","24945.045000000013","0","0","0","0","0","0","0","0","0","0","0","0","0","0","0","0","0","0","0","0","0","10883.493750000005","11359.0425","1712.74875","0","742.3199999999999","1125.07875","25822.683750000004","10605.123750000004","11378.37375","1542.63375","0","958.8299999999999","1252.665","25737.626249999998","10759.773750000002","10840.965","1283.5949999999998","0","788.715","815.7787500000001","24488.8275","0","0","0","0","0","0","0","0","0","0","0","0","0","0","0","0","0","0","0","0","0","10454.340000000002","11478.896250000003","1743.6787499999998","0","750.0525","1094.14875","25521.116249999995","10767.506249999997","11664.476250000003","1739.8125","0","912.435","1349.32125","26433.551250000004","10276.4925","11042.009999999997","1221.735","0","854.44125","1012.9575","24407.63625","0","0","0","0","0","0","0","0","0","0","0","0","0","0","0","0","0","0","0","0","0","10840.965","11861.654999999997","1786.2075","0","780.9825","1156.0087499999997","26425.818749999995","10608.99","11989.241250000001","1561.9650000000001","0","966.5625","1295.19375","26421.952500000003","10972.4175","11444.1","1291.3274999999999","0","811.9124999999999","939.49875","25459.25624999999","0","0","0","0","0","0","0","0","0","0","0","0","0","0","0","0","0","0","0","0","0","10852.563750000001","11896.451250000002","1786.2074999999998","0","703.6575","1121.2124999999999","26360.092500000002","11134.799999999997","10949.220000000001","1739.8124999999998","0","924.03375","1279.72875","26027.594999999998","10319.02125","11003.3475","1244.9325000000001","0","815.77875","1012.9575","24396.037499999995","0","0","0","0","0","0","0","0","0","0","0","0","0","0","0","0","0","0","0","0","0","10578.060000000001","10670.850000000002","1801.6724999999997","0","750.0525","1125.07875","24925.713750000006","10709.512500000003","11958.31125","1689.55125","0","993.62625","1299.06","26650.061250000006","11231.456250000003","10755.9075","1364.7862499999999","0","800.31375","947.23125","25099.69500000001","0","0","0","0","0","0","0","0","0","0","0","0","0","0","0","0","0","0","0","0","0","10852.56375","11606.4825","1863.5325","0","742.3199999999999","1125.07875","26189.97750000001","10098.645","11467.297499999999","1701.1499999999999","0","854.44125","1190.8049999999998","25312.33875","10697.913749999996","11042.01","1283.5949999999998","0","765.5175","943.365","24732.401250000006","0","0","0","0","0","0","0","0","0","0","0","0","0","0","0","0","0","0","0","0","0","10601.257499999998","10868.028750000001","1851.9337499999997","0","742.3199999999999","1175.34","25238.879999999994","10999.481249999999","11645.144999999999","1577.4299999999998","0","1005.2249999999999","1256.53125","26483.81250000001","10531.665","11478.896249999998","1237.2","0","808.0462500000001","1098.0149999999999","25153.82249999999","0","0","0","0","0","0","0","0","0","0","0","0","0","0","0","0","0","0","0","0","0","10875.761250000001","11444.100000000002","1801.6725000000001","0","742.3199999999999","1217.86875","26081.722500000007","10910.557500000004","11370.641249999999","1728.21375","0","966.5625","1337.7225","26313.697500000006","10740.4425","10991.748749999997","1264.2637499999998","0","835.11","943.365","24774.929999999993","0","0","0","0","0","0","0","0","0","0","0","0","0","0","0","0","0","0","0","0","0","10910.557500000003","11703.138750000002","1716.6149999999998","0","765.5174999999999","1237.2","26333.02875000002","10779.105000000001","11362.908750000002","1639.2899999999997","0","974.295","1310.65875","26066.257499999985","10458.20625","10868.02875","1310.65875","0","808.0462500000001","951.0975","24396.037499999988","0","0","0","0","0","0","0","0","0","0","0","0","0","0","0","0","0","0","0","0","0","10728.84375","11958.311249999999","1863.5325","0","765.5174999999999","1229.4675000000002","26545.672500000015","10984.016249999999","11250.787500000004","1585.1625","0","924.0337499999998","1376.385","26120.384999999984","11034.277500000002","11250.787500000002","1268.13","0","838.9762499999999","958.8299999999999","25351.001250000005","0","0","0","0","0","0","0","0","0","0","0","0","0","0","0","0","0","0","0","0","0","10543.26375","11188.927499999998","1824.87","0","750.0525","1233.33375","25540.447500000017","10670.849999999999","11645.144999999999","1724.3474999999999","0","896.97","1070.95125","26008.263750000006","10601.257500000002","10365.416250000002","1214.0025000000003","0","792.5812500000001","1043.8875","24017.145000000004","0","0","0","0","0","0","0","0","0","0","0","0","0","0","0","0","0","0","0","0","0","10802.302499999998","11316.513750000002","1863.5325","0","750.0525","1109.61375","25842.01500000001","11080.672499999999","11966.043749999997","1654.755","0","947.2312499999999","1291.3274999999999","26940.029999999995","10431.142500000002","10558.72875","1357.05375","0","827.3775","1101.88125","24276.183749999997","0","0","0","0","0","0","0","0","0","0","0","0","0","0","0","0","0","0","0","0","0","10547.130000000003","12147.757499999996","1813.2712499999998","0","742.3199999999999","1105.7475","26356.22625","11130.933750000002","11386.10625","1708.8825","0","893.10375","1244.9325","26363.958749999998","10411.811250000002","11355.17625","1279.7287499999998","0","761.65125","877.6387500000001","24686.00625","0","0","0","0","0","0","0","0","0","0","0","0","0","0","0","0","0","0","0","0","0","10419.543749999999","11304.915","1871.2649999999999","0","726.855","1214.0025","25536.58125","11100.003750000002","11819.12625","1650.88875","0","931.76625","1318.39125","26820.176250000022","11069.07375","10984.01625","1283.595","0","792.5812500000001","924.03375","25053.300000000014","0","0","0","0","0","0","0","0","0","0","0","0","0","0","0","0","0","0","0","0","0","10578.060000000003","12058.833750000002","1821.0037499999999","0","726.855","1175.34","26360.092500000002","10895.092499999997","11869.3875","1693.4175","0","924.0337499999999","1163.74125","26545.672500000004","10578.060000000003","10991.74875","1345.455","0","750.0525","943.365","24608.681249999998","0","0","0","0","0","0","0","0","0","0","0","0","0","0","0","0","0","0","0","0","0","10226.231249999997","11637.412500000002","1832.6025","0","719.1225","1233.33375","25648.7025","10752.041249999997","11749.53375","1616.0925","0","908.5687499999999","1144.41","26170.646249999998","10516.2","10999.48125","1248.79875","0","730.72125","966.5625","24461.763750000002","0","0","0","0","0","0","0","0","0","0","0","0","0","0","0","0","0","0","0","0","0","10504.601250000003","11602.616250000001","1828.73625","0","765.5174999999999","1256.53125","25958.0025","11204.3925","11649.011249999998","1670.2199999999998","0","924.03375","1275.8625","26723.520000000004","10864.162499999999","11382.240000000002","1268.13","0","808.04625","908.5687499999999","25231.1475","0","0","0","0","0","0","0","0","0","0","0","0","0","0","0","0","0","0","0","0","0","10562.595","11223.723750000003","1832.6025","0","719.1225","1198.5375","25536.58125","10895.092500000002","11795.92875","1658.62125","0","877.63875","1078.68375","26305.965000000007","10918.289999999999","10949.220000000001","1221.7350000000001","0","777.11625","1125.07875","24991.43999999999","0","0","0","0","0","0","0","0","0","0","0","0","0","0","0","0","0","0","0","0","0","10574.19375","11629.68","1840.335","0","750.0525","1136.6775","25930.938749999994","11076.806249999998","11857.78875","1759.14375","0","958.8299999999999","1225.6012500000002","26878.170000000002","10705.646249999998","10891.226249999998","1256.53125","0","788.7149999999999","900.83625","24542.95500000001","0","0","0","0","0","0","0","0","0","0","0","0","0","0","0","0","0","0","0","0","0","10639.919999999998","11792.062499999998","1824.87","0","750.0525","1101.88125","26108.78625","10558.72875","11977.642500000002","1635.4237500000002","0","954.9637499999999","1217.86875","26344.627500000002","10902.825","10705.646250000002","1264.2637499999998","0","788.7149999999999","908.5687499999999","24570.018750000007","0","0","0","0","0","0","0","0","0","0","0","0","0","0","0","0","0","0","0","0","0","10512.333750000002","12020.17125","1894.4625000000003","0","773.25","1105.7475","26305.965000000007","11011.08","11784.329999999998","1674.0862499999998","0","854.4412500000001","1275.8625000000002","26599.800000000007","10976.283749999999","11649.011250000003","1241.06625","0","842.8425","974.2949999999998","25683.49875","0","0","0","0","0","0","0","0","0","0","0","0","0","0","0","0","0","0","0","0","0","10636.053750000001","11227.590000000002","1913.7937499999998","0","757.785","1152.1425","25687.365","11014.94625","12078.164999999997","1716.6149999999998","0","862.17375","1283.595","26955.495000000006","10891.226250000005","10906.69125","1310.65875","0","792.58125","896.97","24798.127500000006","0","0","0","0","0","0","0","0","0","0","0","0","0","0","0","0","0","0","0","0","0","10349.95125","11393.83875","1720.48125","0","703.6575","1186.93875","25354.867500000004","10794.57","11772.731249999999","1503.97125","0","889.2375","1136.6775","26097.187499999993","10334.48625","11092.27125","1357.0537499999998","0","866.04","1043.8874999999998","24693.738749999997","0","0","0","0","0","0","0","0","0","0","0","0","0","0","0","0","0","0","0","0","0","10334.486249999998","11328.1125","1840.3349999999998","0","750.0525","1148.27625","25401.262500000008","10759.77375","11409.303750000005","1631.5575","0","908.56875","1372.51875","26081.7225","10694.0475","11150.265000000001","1210.13625","0","777.11625","1067.085","24898.650000000005","0","0","0","0","0","0","0","0","0","0","0","0","0","0","0","0","0","0","0","0","0","10868.02875","11672.208750000002","1851.9337500000001","0","773.25","1152.1425","26317.56375000001","10639.920000000002","10902.825","1623.8249999999998","0","935.6325","1256.53125","25358.73374999999","10856.430000000002","11107.736249999998","1337.7224999999999","0","835.1099999999999","954.96375","25091.962499999998","0","0","0","0","0","0","0","0","0","0","0","0","0","0","0","0","0","0","0","0","0"
,"10868.028750000003","11080.6725","1770.7424999999998","0","750.0525","1183.0725","25652.568749999995","10837.098750000003","12283.076249999996","1569.6975","0","954.9637500000001","1411.1812499999999","27056.0175","10779.105","10786.837499999998","1337.7224999999999","0","815.77875","846.70875","24566.1525","0","0","0","0","0","0","0","0","0","0","0","0","0","0","0","0","0","0","0","0","0","10342.218750000002","11498.2275","1790.0737499999998","0","750.0525","1194.6712499999999","25575.243750000005","11107.73625","12344.936250000002","1654.7549999999999","0","862.1737499999999","1306.7925","27276.393750000014","11045.876250000003","11215.99125","1318.39125","0","900.8362500000001","761.6512500000001","25242.746249999993","0","0","0","0","0","0","0","0","0","0","0","0","0","0","0","0","0","0","0","0","0","10435.008750000003","11370.641249999999","1817.1375","0","734.5875","1210.13625","25567.511249999996","10558.728749999998","11927.38125","1592.8949999999998","0","881.505","1349.32125","26309.83124999999","10713.37875","11304.914999999997","1318.3912500000001","0","908.56875","958.8299999999999","25204.083749999994","0","0","0","0","0","0","0","0","0","0","0","0","0","0","0","0","0","0","0","0","0","10469.804999999997","11343.577500000001","1805.53875","0","773.25","1225.60125","25617.772499999995","11130.933750000004","11331.978749999998","1689.55125","0","927.9","1194.67125","26275.03500000001","10295.823749999998","11123.201249999998","1275.8624999999997","0","761.65125","924.0337499999999","24380.572500000002","0","0","0","0","0","0","0","0","0","0","0","0","0","0","0","0","0","0","0","0","0","10782.97125","11865.52125","1878.9975000000002","0","719.1225","1186.9387499999998","26433.55124999999","11444.099999999999","11737.935000000003","1569.6975","0","912.435","1090.2825","26754.450000000004","10833.232499999996","11212.124999999996","1349.3212500000002","0","862.1737499999999","1040.02125","25296.87374999999","0","0","0","0","0","0","0","0","0","0","0","0","0","0","0","0","0","0","0","0","0","10504.601249999998","11331.978749999998","1882.86375","0","750.0525","1183.0724999999998","25652.56875","11130.933749999998","11865.521249999998","1705.01625","0","939.49875","1256.53125","26897.501249999998","10585.792500000001","10616.7225","1295.19375","0","869.90625","1001.3587500000001","24368.973750000005","0","0","0","0","0","0","0","0","0","0","0","0","0","0","0","0","0","0","0","0","0","10674.716250000003","11157.9975","1906.06125","0","719.1225000000001","1121.2124999999999","25579.110000000015","10686.315000000002","11594.883749999999","1705.01625","0","924.03375","1040.02125","25950.270000000004","10740.442499999997","11111.602499999999","1275.8625000000002","0","838.97625","893.10375","24859.987500000007","0","0","0","0","0","0","0","0","0","0","0","0","0","0","0","0","0","0","0","0","0","11014.94625","11030.41125","1844.2012499999998","0","750.0525","1183.0725","25822.683750000007","10721.111249999998","11308.78125","1666.35375","0","877.6387500000001","1086.41625","25660.301250000004","10697.913750000002","10864.162499999997","1318.39125","0","846.70875","1098.0149999999999","24825.191250000003","0","0","0","0","0","0","0","0","0","0","0","0","0","0","0","0","0","0","0","0","0","10419.543749999999","12027.903749999996","1821.00375","0","757.785","1221.735","26247.971249999995","11088.405000000004","11169.596249999997","1685.685","0","962.6962500000001","1326.1237499999997","26232.506249999988","10960.818749999997","10891.226249999998","1248.79875","0","804.1800000000001","869.9062499999999","24774.929999999986","0","0","0","0","0","0","0","0","0","0","0","0","0","0","0","0","0","0","0","0","0","10632.187500000002","11610.348749999997","1813.27125","0","757.785","1132.81125","25946.40374999999","9785.478749999997","11277.85125","1705.01625","0","939.49875","1183.0725","24890.9175","10709.5125","10690.18125","1337.7224999999999","0","784.8487500000001","1070.9512499999998","24593.216249999998","0","0","0","0","0","0","0","0","0","0","0","0","0","0","0","0","0","0","0","0","0","10605.123749999999","11436.3675","1774.6087499999999","0","757.785","1121.2125","25695.097499999996","10813.901250000003","11482.762500000003","1581.2962499999999","0","896.97","1233.3337499999998","26008.26375000001","10906.69125","11204.392499999994","1190.8049999999998","0","730.72125","939.49875","24972.108750000003","0","0","0","0","0","0","0","0","0","0","0","0","0","0","0","0","0","0","0","0","0","10898.95875","11335.844999999998","1786.2075","0","765.5174999999999","1148.27625","25934.804999999993","10782.97125","11857.78875","1596.76125","0","989.76","1098.0149999999999","26325.296250000007","10438.875000000002","10643.78625","1256.53125","0","823.51125","935.6325000000002","24098.336250000004","0","0","0","0","0","0","0","0","0","0","0","0","0","0","0","0","0","0","0","0","0","10620.588749999999","11776.597500000002","1778.475","0","742.3199999999999","1140.5437499999998","26058.525","10759.77375","11683.807499999999","1592.895","0","924.0337499999998","1136.6775","26097.187500000004","10643.786250000001","10485.27","1337.7224999999999","0","780.9825000000001","974.295","24222.056250000005","0","0","0","0","0","0","0","0","0","0","0","0","0","0","0","0","0","0","0","0","0","10458.20625","11482.7625","1836.46875","0","742.3199999999999","1186.9387499999998","25706.696250000008","10334.486249999998","12004.706249999997","1592.895","0","939.4987500000001","1302.92625","26174.512500000008","11111.602499999997","11034.277499999997","1302.92625","0","885.3712499999999","877.63875","25211.816249999993","0","0","0","0","0","0","0","0","0","0","0","0","0","0","0","0","0","0","0","0","0","10462.072499999997","11788.19625","1817.1374999999998","0","726.855","1086.41625","25880.677499999994","11088.405000000002","11718.60375","1565.83125","0","896.97","1136.6775","26406.487499999992","11142.532500000001","11196.66","1364.7862499999999","0","784.8487499999999","885.37125","25374.198750000007","0","0","0","0","0","0","0","0","0","0","0","0","0","0","0","0","0","0","0","0","0","10496.868750000001","11517.558749999998","1766.8762499999998","0","773.25","1241.0662499999999","25795.620000000003","10910.557500000003","11683.807500000003","1643.1562499999998","0","958.8299999999999","1148.27625","26344.627500000017","10473.671250000003","11092.271249999994","1283.5949999999998","0","773.25","873.7725","24496.559999999994","0","0","0","0","0","0","0","0","0","0","0","0","0","0","0","0","0","0","0","0","0","10326.753749999996","11610.348749999997","1735.94625","0","742.3199999999999","1179.20625","25594.57499999999","10496.86875","11822.992499999998","1596.76125","0","927.9000000000001","1171.47375","26015.996250000004","10655.385","10233.963749999997","1318.39125","0","900.8362500000001","1117.34625","24225.922500000004","0","0","0","0","0","0","0","0","0","0","0","0","0","0","0","0","0","0","0","0","0","10659.251249999996","11451.8325","1851.93375","0","773.25","1109.61375","25845.881250000013","10825.499999999998","11741.80125","1647.0225","0","889.2375","1291.3275","26394.88875","10949.22","10763.640000000001","1229.4675","0","877.6387500000001","885.3712499999999","24705.337499999994","0","0","0","0","0","0","0","0","0","0","0","0","0","0","0","0","0","0","0","0","0","10813.90125","11266.252500000002","1863.5324999999998","0","750.0525","1233.33375","25927.072500000006","10968.551249999999","11563.953749999997","1674.08625","0","908.5687499999999","1214.0025","26329.16250000001","10597.391249999999","10906.69125","1295.1937500000001","0","769.38375","931.76625","24500.426249999997","0","0","0","0","0","0","0","0","0","0","0","0","0","0","0","0","0","0","0","0","0","10655.385000000002","11776.597500000003","1732.08","0","750.0525","1244.9325","26159.047500000004","10879.627500000004","11258.520000000004","1619.95875","0","873.7725","1264.26375","25896.14250000001","11018.8125","11192.793750000003","1275.8625","0","900.83625","900.8362500000001","25289.141249999997","0","0","0","0","0","0","0","0","0","0","0","0","0","0","0","0","0","0","0","0","0","10435.008749999999","10678.582499999997","1894.4624999999999","0","726.855","1229.4675","24964.37624999999","10790.703749999997","11973.77625","1708.8825","0","927.8999999999999","1225.60125","26626.863750000008","10307.422499999999","10879.627500000002","1291.3275","0","761.65125","978.1612500000001","24218.19","0","0","0","0","0","0","0","0","0","0","0","0","0","0","0","0","0","0","0","0","0","10636.053750000001","11676.075","1878.9975","0","719.1225","1264.2637499999998","26174.512500000008","11011.080000000002","11509.826249999998","1670.22","0","927.9","1132.81125","26251.837499999998","11254.65375","11061.341249999998","1264.26375","0","842.8425","1043.8875","25466.988749999997","0","0","0","0","0","0","0","0","0","0","0","0","0","0","0","0","0","0","0","0","0","10496.86875","11246.921249999998","1840.335","0","734.5875","1171.4737499999999","25490.18625","10168.237500000005","10991.748749999999","1701.15","0","920.1675","1171.47375","24952.7775","10810.035","11038.14375","1337.7224999999999","0","726.855","862.17375","24774.93","0","0","0","0","0","0","0","0","0","0","0","0","0","0","0","0","0","0","0","0","0","10535.53125","11679.941250000002","1906.0612499999997","0","788.7149999999999","1229.4675","26139.71625","10705.646250000002","11610.348750000001","1639.29","0","985.8937500000001","1090.2825","26031.461249999993","11451.8325","11235.322499999997","1364.7862499999999","0","753.91875","989.76","25795.619999999995","0","0","0","0","0","0","0","0","0","0","0","0","0","0","0","0","0","0","0","0","0","10489.136250000001","11042.010000000002","1828.7362500000002","0","742.3199999999999","1183.0724999999998","25285.27500000001","11014.946249999997","12109.095000000003","1743.67875","0","893.10375","1384.1175000000003","27144.941250000003","10759.773749999998","10651.518749999997","1256.53125","0","831.2437500000001","1024.55625","24523.62375000001","0","0","0","0","0","0","0","0","0","0","0","0","0","0","0","0","0","0","0","0","0","10550.996249999998","11536.890000000001","1801.6725","0","773.25","1167.6074999999998","25830.416250000006","10543.26375","11707.005000000003","1596.76125","0","850.5749999999999","1194.6712499999999","25892.276250000006","10694.047500000002","10802.302499999996","1264.2637499999998","0","846.70875","1028.4225000000001","24635.744999999988","0","0","0","0","0","0","0","0","0","0","0","0","0","0","0","0","0","0","0","0","0","11034.277500000002","11362.908749999999","1685.685","0","703.6575","1148.27625","25934.80500000001","10732.71","11301.04875","1654.7549999999999","0","962.69625","1148.27625","25799.48625","10984.016250000002","10516.199999999997","1299.06","0","893.10375","989.76","24682.140000000003","0","0","0","0","0","0","0","0","0","0","0","0","0","0","0","0","0","0","0","0","0","10523.9325","11409.303749999997","1778.475","0","750.0525","1136.6775","25598.441250000007","10991.748750000002","11826.858749999998","1662.4875","0","896.9699999999999","1310.65875","26688.72375","10643.786250000001","10682.448749999994","1237.2","0","722.98875","993.62625","24280.05000000001","0","0","0","0","0","0","0","0","0","0","0","0","0","0","0","0","0","0","0","0","0","10647.6525","11478.896249999998","1790.07375","0","734.5875","1132.81125","25784.021249999998","10945.35375","11556.221249999999","1708.8824999999997","0","912.435","1329.99","26452.882500000003","11065.2075","10574.19375","1283.595","0","761.6512499999999","970.42875","24655.076249999995","0","0","0","0","0","0","0","0","0","0","0","0","0","0","0","0","0","0","0","0","0","10550.99625","11780.463750000004","1859.66625","0","773.25","1194.6712499999999","26159.047499999993","10980.150000000001","11393.83875","1635.42375","0","908.5687499999999","1198.5375","26116.51874999998","10179.836249999997","10829.366250000001","1337.7224999999999","0","804.1800000000001","908.56875","24059.67375","0","0","0","0","0","0","0","0","0","0","0","0","0","0","0","0","0","0","0","0","0","10864.1625","11509.826249999998","1890.5962499999998","0","757.785","1171.4737499999999","26193.84375000001","11335.844999999998","11475.03","1662.4875","0","846.70875","1326.12375","26646.195000000007","10342.21875","11119.335","1310.6587499999998","0","854.4412500000001","1016.82375","24643.477499999997","0","0","0","0","0","0","0","0","0","0","0","0","0","0","0","0","0","0","0","0","0","10566.46125","11393.838749999997","1805.53875","0","773.25","1306.7925","25845.881250000013","10620.588749999999","11150.265000000001","1739.8125","0","954.9637500000001","1221.735","25687.365000000016","10496.868749999996","11428.634999999997","1256.53125","0","808.0462500000001","1090.2825","25080.36375000001","0","0","0","0","0","0","0","0","0","0","0","0","0","0","0","0","0","0","0","0","0","10740.442500000001","11397.704999999998","1824.87","0","734.5875","1237.2","25934.805","10489.13625","11563.953749999999","1654.7549999999999","0","943.365","1086.41625","25737.626249999998","11188.9275","10651.51875","1337.7224999999999","0","846.70875","958.8299999999999","24983.7075","0","0","0","0","0","0","0","0","0","0","0","0","0","0","0","0","0","0","0","0","0","10678.582500000004","11293.316249999998","1913.7937499999998","0","788.7149999999999","1225.60125","25900.008750000005","11181.195","11954.444999999998","1662.4875","0","947.23125","1098.0149999999999","26843.37375000001","11007.213749999999","11069.07375","1229.4675000000002","0","800.3137499999999","1012.9575","25119.02625","0","0","0","0","0","0","0","0","0","0","0","0","0","0","0","0","0","0","0","0","0","10670.850000000002","12074.29875","1909.9275","0","742.3199999999999","1179.20625","26576.6025","10562.595","11339.711249999998","1697.28375","0","912.435","1353.1875","25865.212499999987","11107.736250000002","10721.111249999998","1248.79875","0","831.24375","1140.54375","25049.433749999993","0","0","0","0","0","0","0","0","0","0","0","0","0","0","0","0","0","0","0","0","0","10968.55125","11575.5525","1797.8062499999999","0","757.785","1241.0662499999999","26340.761249999996","10922.15625","11432.50125","1650.8887499999998","0","1020.6899999999999","1225.60125","26251.837499999994","10357.68375","10960.81875","1345.455","0","912.435","912.435","24488.827500000007","0","0","0","0","0","0","0","0","0","0","0","0","0","0","0","0","0","0","0","0","0","10871.894999999999","11061.341249999996","1809.405","0","757.785","1078.6837500000001","25579.10999999999","10987.8825","11753.400000000001","1531.035","0","993.62625","1059.3525","26325.29625","10976.28375","10678.5825","1291.3274999999999","0","761.65125","931.76625","24639.611249999998","0","0","0","0","0","0","0","0","0","0","0","0","0","0","0","0","0","0","0","0","0","10748.175","10852.563749999998","1821.0037499999999","0","742.3199999999999","1179.20625","25343.268750000003","10926.022500000003","11633.546250000001","1697.2837499999998","0","881.5049999999999","1264.26375","26402.62125","10175.97","10659.25125","1268.13","0","838.97625","1032.28875","23974.61624999999","0","0","0","0","0","0","0","0","0","0","0","0","0","0","0","0","0","0","0","0","0","10779.105","11649.011250000001","1906.06125","0","765.5174999999999","1283.595","26383.289999999997","10616.7225","11533.023750000002","1612.2262500000002","0","935.6324999999999","1264.26375","25961.868749999998","10848.697500000006","10891.226250000002","1337.7225","0","792.5812500000001","989.76","24859.987499999996","0","0","0","0","0","0","0","0","0","0","0","0","0","0","0","0","0","0","0","0","0","10748.175000000001","11606.482500000002","1755.2775","0","780.9825","1156.00875","26046.926249999997","10044.517499999998","11834.591249999998","1631.5575000000001","0","912.4350000000001","1357.0537499999998","25780.155","10933.755000000003","10960.818749999999","1310.65875","0","908.5687499999999","985.89375","25099.695","0","0","0","0","0","0","0","0","0","0","0","0","0","0","0","0","0","0","0","0","0","10523.9325","11165.729999999998","1735.94625","0","726.855","1148.27625","25300.739999999987","10616.7225","11285.583749999994","1496.23875","0","881.505","1256.53125","25536.581249999992","11161.86375","10690.18125","1310.6587499999998","0","842.8425","958.8299999999999","24964.376249999998","0","0","0","0","0","0","0","0","0","0","0","0","0","0","0","0","0","0","0","0","0","10767.50625","11127.067500000001","1739.8124999999998","0","765.5174999999999","1109.61375","25509.517500000016","11285.583749999996","11710.871250000002","1743.6787499999998","0","873.7724999999999","1256.53125","26870.4375","11169.596249999997","11177.32875","1210.13625","0","804.1799999999998","935.6325","25296.87375","0","0","0","0","0","0","0","0","0","0","0","0","0","0","0","0","0","0","0","0","0","10442.74125","11366.775000000001","1786.2074999999998","0","773.25","1260.3974999999998","25629.371249999993","10500.735","11989.24125","1650.88875","0","881.505","1241.0662499999999","26263.436250000002","11103.87","10585.792499999996","1244.9325","0","796.4475","846.70875","24577.751250000005","0","0","0","0","0","0","0","0","0","0","0","0","0","0","0","0","0","0","0","0","0","10407.945000000002","11459.565000000002","1712.7487499999997","0","742.3199999999999","1229.4675","25552.046250000007","11161.863749999997","11722.47","1674.08625","0","958.83","1144.4099999999999","26661.659999999996","10578.060000000003","10813.901249999995","1291.3274999999999","0","873.7725","842.8425000000001","24399.903750000005","0","0","0","0","0","0","0","0","0","0","0","0","0","0","0","0","0","0","0","0","0","10717.245","11734.06875","1716.6149999999998","0","742.3199999999999","1171.47375","26081.72250000001","10833.232500000006","11502.093750000004","1523.3025","0","1001.35875","1287.46125","26147.448749999996","10539.397500000003","10666.98375","1345.455","0","784.84875","1206.27","24542.955","0","0","0","0","0","0","0","0","0","0","0","0","0","0","0","0","0","0","0","0","0","10721.11125","11884.852499999997","1844.2012499999996","0","757.785","1082.55","26290.500000000007","11146.398749999998","11262.386250000005","1600.6275","0","920.1675","1221.7350000000001","26151.31500000001","10740.442500000001","10620.588749999997","1310.65875","0","800.31375","1125.07875","24597.0825","0","0","0","0","0","0","0","0","0","0","0","0","0","0","0","0","0","0","0","0","0","10036.785","11533.02375","1712.7487499999997","0","757.785","1217.86875","25258.21125","11223.723750000001","11679.941250000003","1577.43","0","858.3075","1295.19375","26634.596249999995","10315.154999999995","11053.60875","1244.9325","0","734.5875","1090.2825","24438.56625","0","0","0","0","0","0","0","0","0","0","0","0","0","0","0","0","0","0","0","0","0","10570.327500000001","11610.34875","1809.4049999999997","0","726.855","1206.2699999999998","25923.206250000003","10531.665000000003","11784.33","1627.6912499999999","0","931.7662499999999","1202.40375","26077.856249999993","11161.863750000004","10825.500000000002","1329.9899999999998","0","734.5875","1128.9450000000002","25180.886250000007","0","0","0","0","0","0","0","0","0","0","0","0","0","0","0","0","0","0","0","0","0","10195.301250000004","11343.577500000003","1805.5387499999997","0","765.5174999999999","1090.2824999999998","25200.2175","10902.824999999997","11699.272500000003","1546.5","0","985.89375","1233.33375","26367.825000000004","10272.626249999998","11072.939999999999","1318.39125","0","831.2437500000001","893.1037499999999","24388.304999999997","0","0","0","0","0","0","0","0","0","0","0","0","0","0","0","0","0","0","0","0","0","10450.473750000001","11598.750000000002","1836.46875","0","742.3199999999999","1183.0725","25811.085","10898.95875","11683.8075","1751.4112499999999","0","939.4987500000001","1140.54375","26414.219999999998","11049.742499999998","10813.90125","1275.8625000000002","0","792.58125","935.6324999999999","24867.72","0","0","0","0","0","0","0","0","0","0","0","0","0","0","0","0","0","0","0","0","0","10670.85","11281.717500000002","1774.6087499999999","0","750.0525","1117.34625","25594.57500000001","10840.965","11447.966250000003","1585.1625","0","900.8362500000001","1337.7224999999999","26112.6525","10458.20625","10666.983750000001","1221.7350000000001","0","800.31375","1086.41625","24233.655000000002","0","0","0","0","0","0","0","0","0","0","0","0","0","0","0","0","0","0","0","0","0","10724.977499999997","10956.952499999998","1836.46875","0","734.5875","1244.9325","25497.91875","10512.333749999996","12054.9675","1639.2899999999997","0","869.90625","1210.13625","26286.63375","10686.315000000002","11072.939999999999","1264.2637499999998","0","777.11625","947.23125","24747.866250000014","0","0","0","0","0","0","0","0","0","0","0","0","0","0","0","0","0","0","0","0","0","10593.525","11335.845","1724.3474999999999","0","780.9825","1167.6074999999998","25602.30750000001","10636.05375","11100.003749999998","1701.1499999999999","0","873.7725","1314.525","25625.505","10326.75375","10984.01625","1364.7862499999999","0","808.0462500000001","1113.48","24597.082499999986","0","0","0","0","0","0","0","0","0","0","0","0","0","0","0","0","0","0","0","0","0","10663.117500000004","11575.552500000002","1913.79375","0","734.5875","1156.00875","26043.06000000002","10918.289999999999","11293.316250000003","1662.4875","0","873.7725","1156.00875","25903.875000000007","10724.977499999999","10810.034999999996","1310.65875","0","730.72125","1009.0912500000001","24585.48375","0","0","0","0","0","0","0","0","0","0","0","0","0","0","0","0","0","0","0","0","0","10407.945","11084.538749999996","1878.9975","0","750.0525","1252.665","25374.198750000007","11080.672499999997","12016.305","1643.1562499999998","0","970.42875","1186.93875","26897.501249999994","11262.386250000005","11243.055","1310.65875","0","800.31375","1067.085","25683.49875","0","0","0","0","0","0","0","0","0","0","0","0","0","0","0","0","0","0","0","0","0","10794.57","11583.284999999998","1871.2649999999999","0","750.0525","1148.27625","26147.448749999996","11196.66","11679.941249999996","1654.7549999999999","0","881.5049999999999","1117.34625","26530.207499999993","10237.829999999998","10856.429999999998","1256.5312499999998","0","730.72125","858.3075","23939.819999999996","0","0","0","0","0","0","0","0","0","0","0","0","0","0","0","0","0","0","0","0","0","10790.70375","11304.915","1809.4050000000002","0","750.0525","1156.00875","25811.085","11119.334999999997","11931.2475","1685.6849999999997","0","912.435","1101.88125","26750.583750000016","10550.996249999998","10663.1175","1310.65875","0","753.91875","1063.21875","24341.91","0","0","0","0","0","0","0","0","0","0","0","0","0","0","0","0","0","0","0","0","0","10666.98375","10682.448749999998","1782.34125","0","703.6575","1148.27625","24983.707500000004","10771.372500000001","11243.054999999998","1708.8824999999997","0","908.5687499999999","1194.6712499999999","25826.55000000001","10659.251249999998","11026.545","1329.99","0","808.0462500000001","1016.82375","24840.656250000015","0","0","0","0","0","0","0","0","0","0","0","0","0","0","0","0","0","0","0","0","0","10025.186249999999","11181.195","1681.81875","0","742.3199999999999","1078.6837500000001","24709.20375","10922.15625","11386.106250000003","1689.5512499999998","0","912.435","1357.05375","26267.3025","10752.041249999997","10798.436249999997","1186.9387500000003","0","784.84875","935.6324999999999","24457.897500000006","0","0","0","0","0","0","0","0","0","0","0","0","0","0","0","0","0","0","0","0","0","10868.02875","11525.291250000004","1844.2012499999998","0","773.25","1229.4675","26240.238750000008","11061.341250000003","12143.891249999999","1697.2837499999998","0","927.9","1051.6200000000001","26882.03624999999","10535.531249999998","10732.71","1299.06","0","869.90625","954.9637500000001","24392.171250000007","0","0","0","0","0","0","0","0","0","0","0","0","0","0","0","0","0","0","0","0","0","10717.245","11107.736249999998","1863.5324999999998","0","726.855","1210.13625","25625.505","10941.4875","12016.305000000004","1674.0862499999998","0","924.0337499999999","1349.32125","26905.23375","10748.174999999997","11208.25875","1310.65875","0","842.8425","1086.41625","25196.35125","0","0","0","0","0","0","0","0","0","0","0","0","0","0","0","0","0","0","0","0","0","10446.607499999998","11065.207500000002","1705.01625","0","750.0525","1225.60125","25192.484999999993","10469.805000000002","11409.303750000001","1670.22","0","947.23125","1190.8049999999998","25687.36500000001","10949.219999999998","10991.748749999997","1214.0024999999998","0","746.18625","997.4925000000001","24898.650000000005","0","0","0","0","0","0","0","0","0","0","0","0","0","0","0","0","0","0","0","0","0","10678.5825","11246.921250000001","1705.0162500000001","0","719.1225","1206.27","25555.91250000001","10562.595000000001","11888.718750000002","1643.15625","0","912.435","1376.3849999999998","26383.28999999999","10380.881249999999","10984.016250000002","1275.8625","0","823.51125","1024.55625","24488.8275","0","0","0","0","0","0","0","0","0","0","0","0","0","0","0","0","0","0","0","0","0","10581.92625","11656.743749999998","1766.8762499999998","0","750.0525","1113.48","25869.07875","11111.602499999999","11061.341250000003","1581.2962499999999","0","854.44125","1221.735","25830.416250000002","10736.57625","10655.385000000004","1175.3400000000001","0","869.90625","916.30125","24353.508750000005","0","0","0","0","0","0","0","0","0","0","0","0","0","0","0","0","0","0","0","0","0","10817.767500000005","11560.087499999998","1878.9975000000002","0","726.855","1109.61375","26093.321250000005","11289.450000000003","12167.088749999999","1639.29","0","881.505","1190.805","27168.13875","10636.05375","11629.679999999998","1384.1174999999998","0","692.05875","1012.9575","25354.867499999993","0","0","0","0","0","0","0","0","0","0","0","0","0","0","0","0","0","0","0","0","0","10891.226249999998","11347.443750000002","1732.08","0","742.3199999999999","1241.06625","25954.13625","10937.62125","11563.95375","1589.0287499999997","0","954.9637500000001","1302.92625","26348.493750000005","11038.143750000001","10705.64625","1256.53125","0","885.37125","943.365","24829.057500000003","0","0","0","0","0","0","0","0","0","0","0","0","0","0","0","0","0","0","0","0","0","10910.557499999997","12008.572500000002","1867.3987499999998","0","750.0525","1121.2124999999999","26657.793750000004","11177.328750000002","11536.89","1569.6975","0","924.03375","1291.3275","26499.277500000015","10315.155","11014.946249999997","1302.92625","0","800.31375","1051.62","24484.96125","0","0","0","0","0","0","0","0","0","0","0","0","0","0","0","0","0","0","0","0","0","10694.0475","11324.24625","1840.3349999999998","0","719.1225","1175.3400000000001","25753.09124999999","10253.295000000002","11583.284999999998","1585.1625","0","966.5625","1159.875","25548.17999999999","10516.2","10790.703749999999","1295.19375","0","842.8425","808.04625","24252.986250000005","0","0","0","0","0","0","0","0","0","0","0","0","0","0","0","0","0","0","0","0","0","10423.410000000002","11231.45625","1871.2649999999999","0","742.3199999999999","1051.62","25320.071249999997","10373.14875","11749.53375","1708.8825000000002","0","896.97","1167.6075","25896.142499999998","11150.265000000001","11130.93375","1318.39125","0","742.3199999999999","927.9","25269.81000000001","0","0","0","0","0","0","0","0","0","0","0","0","0","0","0","0","0","0","0","0","0","10342.218750000002","11417.036250000003","1840.335","0","750.0525","1295.1937500000001","25644.83625","10937.621250000004","11996.973750000005","1778.475","0","970.42875","1163.74125","26847.239999999994","10199.1675","10906.69125","1275.8625","0","900.8362500000001","1082.55","24365.107500000002","0","0","0","0","0","0","0","0","0","0","0","0","0","0","0","0","0","0","0","0","0","10446.607500000002","11529.157499999998","1766.8762499999998","0","773.25","1190.8049999999998","25706.696249999997","10647.652499999998","11722.469999999996","1612.22625","0","974.2950000000001","1171.47375","26128.117500000004","10825.499999999998","10133.441249999998","1271.9962500000001","0","893.10375","1055.4862500000002","24179.5275","0","0","0","0","0","0","0","0","0","0","0","0","0","0","0","0","0","0","0","0","0","10508.4675","11359.042500000003","1824.8700000000001","0","703.6575","1183.0725","25579.11000000001","11011.080000000002","11664.476250000002","1534.90125","0","951.0975000000001","1237.2","26398.755","11146.398750000002","10837.098750000001","1256.53125","0","722.98875","1001.35875","24964.37624999999","0","0","0","0","0","0","0","0","0","0","0","0","0","0","0","0","0","0","0","0","0","10697.913749999998","10879.6275","1840.335","0","757.785","1241.0662499999999","25416.7275","10786.837499999998","12047.235","1635.42375","0","877.6387500000001","1086.41625","26433.551249999997","10705.646250000003","10566.461249999998","1140.54375","0","726.855","1059.3525","24198.85874999999","0","0","0","0","0","0","0","0","0","0","0","0","0","0","0","0","0","0","0","0","0","10396.34625","10918.290000000003","1766.87625","0","780.9825","1198.5375","25061.03250000001","10670.850000000002","11880.986250000002","1654.7549999999999","0","927.8999999999999","1229.4675","26363.95875","10523.932499999999","11227.59","1283.5949999999998","0","912.435","974.295","24921.84749999999","0","0","0","0","0","0","0","0","0","0","0","0","0","0","0","0","0","0","0","0","0","10593.525","11169.59625","1782.34125","0","773.25","1183.0725","25501.785000000007","10953.08625","11455.698750000001","1650.8887499999998","0","924.03375","1194.6712499999999","26178.378749999993","10674.71625","11111.6025","1302.92625","0","854.44125","1098.015","25041.701250000002","0","0","0","0","0","0","0","0","0","0","0","0","0","0","0","0","0","0","0","0","0","10597.39125","10817.7675","1886.73","0","742.3199999999999","1186.93875","25231.147500000006","10933.755000000001","11695.406250000004","1639.29","0","889.2375","1148.27625","26305.964999999997","10740.4425","10779.104999999996","1291.3274999999999","0","835.11","831.24375","24477.228750000002","0","0","0","0","0","0","0","0","0","0","0","0","0","0","0","0","0","0","0","0","0","10473.671250000005","11784.330000000004","1906.06125","0","734.5875","1217.86875","26116.518750000003","10380.881250000002","12124.560000000003","1693.4174999999998","0","877.6387500000001","1287.4612499999998","26363.958749999998","10346.084999999997","10887.36","1364.7862499999999","0","869.90625","1016.82375","24484.961249999993","0","0","0","0","0","0","0","0","0","0","0","0","0","0","0","0","0","0","0","0","0","11092.27125","11850.05625","1805.53875","0","742.3199999999999","1217.8687499999999","26708.054999999993","11270.118750000003","11888.71875","1724.3475","0","1001.35875","1225.6012500000002","27110.144999999997","10330.62","10840.965000000002","1318.39125","0","808.04625","900.83625","24198.858749999985","0","0","0","0","0","0","0","0","0","0","0","0","0","0","0","0","0","0","0","0","0","10547.130000000001","11386.106250000003","1821.0037499999999","0","773.25","1144.4099999999999","25671.89999999999","11181.195000000003","11092.271250000003","1589.02875","0","896.97","1171.47375","25930.93874999999","11107.736250000002","10875.761249999998","1318.39125","0","970.42875","1059.3525","25331.66999999999","0","0","0","0","0","0","0","0","0","0","0","0","0","0","0","0","0","0","0","0","0","10825.5","10949.22","1766.87625","0","765.5174999999999","1063.21875","25370.332499999997","10887.359999999999","11463.431250000001","1608.36","0","966.5625","1229.4675","26155.18125","10539.397500000001","10520.066249999998","1225.60125","0","815.77875","947.23125","24048.074999999997","0","0","0","0","0","0","0","0","0","0","0","0","0","0","0","0","0","0","0","0","0","10840.965000000006","11602.616250000003","1708.8825","0","765.5174999999999","1070.9512499999998","25988.9325","10245.562499999998","11270.11875","1728.21375","0","970.42875","1217.86875","25432.19249999999","10647.652500000002","11030.411249999997","1337.7224999999999","0","804.1800000000001","1094.14875","24914.11500000001","0","0","0","0","0","0","0","0","0","0","0","0","0","0","0","0","0","0","0","0","0","10500.734999999997","11509.826250000002","1809.405","0","773.25","1117.3462499999998","25710.56249999999","11053.608749999998","11513.692499999997","1631.5575","0","866.0400000000001","1256.53125","26321.429999999993","10608.990000000002","11339.711249999998","1329.9900000000002","0","680.46","1036.155","24995.306249999994","0","0","0","0","0","0","0","0","0","0","0","0","0","0","0","0","0","0","0","0","0","10311.28875","11258.520000000002","1739.8125","0","765.5174999999999","1098.0149999999999","25173.153750000005","11165.73","11003.347500000003","1708.8825","0","939.49875","1322.2575","26139.71624999998","10438.875","10798.436249999999","1329.99","0","819.645","881.505","24268.45125000001","0","0","0","0","0","0","0","0","0","0","0","0","0","0","0","0","0","0","0","0","0","10384.7475","11610.348750000001","1739.8125","0","742.3199999999999","1237.1999999999998","25714.428750000006","10856.429999999998","11772.73125","1643.1562499999998","0","869.90625","1078.68375","26220.9075","10407.945000000002","10964.684999999996","1329.9899999999998","0","808.04625","1024.55625","24535.222499999996","0","0","0","0","0","0","0","0","0","0","0","0","0","0","0","0","0","0","0","0","0","10222.365000000003","11544.622500000001","1886.73","0","773.25","1233.33375","25660.301249999997","11281.7175","11471.163749999998","1689.55125","0","943.365","1229.4675","26615.264999999992","11103.869999999999","10782.97125","1291.3275000000003","0","862.17375","1020.6899999999999","25061.03250000001","0","0","0","0","0","0","0","0","0","0","0","0","0","0","0","0","0","0","0","0","0","10558.728749999997","11243.055000000002","1797.8062499999999","0","719.1225","1070.95125","25389.663750000007","11154.13125","11989.241250000006","1755.2775","0","1028.4225000000001","1314.525","27241.5975","10608.990000000002","10427.276250000004","1333.85625","0","827.3775","792.5812500000001","23990.08125","0","0","0","0","0","0","0","0","0","0","0","0","0","0","0","0","0","0","0","0","0","10647.6525","11587.15125","1855.8","0","750.0525","1221.735","26062.39125","11069.073750000003","11602.616250000001","1701.1499999999999","0","885.3712499999999","1179.20625","26437.417499999992","10902.824999999997","10871.894999999999","1256.53125","0","800.31375","896.97","24728.535","0","0","0","0","0","0","0","0","0","0","0","0","0","0","0","0","0","0","0","0","0","10063.848750000001","11641.278749999998","1778.475","0","780.9825","1206.27","25470.854999999996","10717.245","11270.118750000001","1724.3474999999999","0","889.2375","1306.7925","25907.74124999999","11018.8125","10999.481250000003","1256.53125","0","695.9250000000001","1078.68375","25049.433749999993","0","0","0","0","0","0","0","0","0","0","0","0","0","0","0","0","0","0","0","0","0","10775.238749999995","11741.80125","1824.8700000000001","0","765.5174999999999","1237.1999999999998","26344.6275","11065.207500000002","11614.215000000002","1720.4812499999998","0","866.04","1322.2574999999997","26588.201250000006","10914.423750000002","10875.761249999996","1128.9450000000002","0","699.79125","931.76625","24550.687500000007","0","0","0","0","0","0","0","0","0","0","0","0","0","0","0","0","0","0","0","0","0","10620.588749999999","11509.82625","1913.7937499999998","0","765.5174999999999","1040.0212499999998","25849.747500000016","10755.907500000001","12000.839999999998","1635.42375","0","924.03375","1349.32125","26665.52624999999","10956.9525","11463.43125","1183.0725","0","900.8362500000001","858.3075","25362.600000000013","0","0","0","0","0","0","0","0","0","0","0","0","0","0","0","0","0","0","0","0","0","10446.6075","11919.648750000002","1882.86375","0","750.0525","1136.6775","26135.850000000002","11366.775","11324.24625","1561.9650000000001","0","958.8299999999999","1128.945","26340.761249999996","10307.4225","10980.15","1376.385","0","769.38375","1113.48","24546.821249999994","0","0","0","0","0","0","0","0","0","0","0","0","0","0","0","0","0","0","0","0","0","10953.086249999997","11301.048750000002","1836.46875","0","719.1225","1198.5375","26008.26375","10748.175000000001","11498.227500000005","1774.6087499999999","0","951.0975000000001","1070.95125","26043.06000000001","11231.456250000001","11022.678750000001","1190.805","0","881.5050000000001","958.8299999999999","25285.274999999983","0","0","0","0","0","0","0","0","0","0","0","0","0","0","0","0","0","0","0","0","0","10802.3025","11618.08125","1821.0037499999999","0","719.1225","1217.8687499999999","26178.37875","10833.2325","11873.25375","1732.08","0","958.83","1252.665","26650.061250000013","10732.710000000005","11130.93375","1202.40375","0","722.98875","788.715","24577.751250000005","0","0","0","0","0","0","0","0","0","0","0","0","0","0","0","0","0","0","0","0","0","10639.920000000002","11324.246250000006","1917.6599999999999","0","773.25","1287.46125","25942.53749999999","10949.22","11687.673749999998","1658.62125","0","951.0975","1163.7412499999998","26410.35375","10589.65875","11142.532500000001","1295.19375","0","804.1800000000001","924.03375","24755.598749999994","0","0","0","0","0","0","0","0","0","0","0","0","0","0","0","0","0","0","0","0","0","10520.066249999998","11513.692499999997","1790.0737499999998","0","726.855","1136.6774999999998","25687.365","10373.14875","11115.46875","1666.35375","0","908.5687499999999","1252.665","25316.204999999994","10740.442500000001","11440.233750000003","1299.06","0","846.70875","877.6387500000001","25204.08374999999","0","0","0","0","0","0","0","0","0","0","0","0","0","0","0","0","0","0","0","0","0","10276.492500000004","11270.118750000001","1817.1374999999998","0","765.5174999999999","1136.6774999999998","25265.943750000006","11018.8125","11335.844999999998","1612.2262500000002","0","966.5625","1202.40375","26135.849999999995","10531.665","10902.824999999997","1264.2637499999998","0","722.98875","951.0975","24372.839999999997","0","0","0","0","0","0","0","0","0","0","0","0","0","0","0","0","0","0","0","0","0","10516.2","11320.380000000003","1778.475","0","750.0525","1043.8875","25408.995000000006","11072.94","11374.5075","1705.01625","0","947.23125","1310.65875","26410.35374999999","10396.34625","11258.520000000002","1202.4037500000002","0","761.6512499999999","962.69625","24581.6175","0","0","0","0","0","0","0","0","0","0","0","0","0","0","0","0","0","0","0","0","0","10539.397499999997","11243.055","1821.0037499999999","0","695.925","1156.00875","25455.39","11196.66","11525.29125","1732.08","0","904.7024999999999","1171.4737499999999","26530.207500000008","10585.792500000001","11026.545","1275.8625","0","838.97625","924.0337499999999","24651.21","0","0","0","0","0","0","0","0","0","0","0","0","0","0","0","0","0","0","0","0","0","10690.181249999998","11575.552500000002","1824.87","0","726.855","1194.6712499999999","26012.130000000005","10694.0475","11579.418749999999","1712.7487500000002","0","858.3075","1101.8812500000001","25946.403749999994","10674.71625","10377.015","1214.0025","0","869.90625","800.31375","23935.953749999997","0","0","0","0","0","0","0","0","0","0","0","0","0","0","0","0","0","0","0","0","0","10840.965000000002","11130.93375","1836.46875","0","780.9825","1206.27","25795.619999999995","10755.9075","11656.74375","1592.895","0","889.2375","1295.19375","26189.977499999997","10953.086250000002","10550.99625","1318.39125","0","838.9762499999999","866.04","24527.489999999994","0","0","0","0","0","0","0","0","0","0","0","0","0","0","0","0","0","0","0","0","0"
,"10373.148749999998","11127.067500000003","1848.0674999999997","0","703.6575","1163.74125","25215.6825","10578.06","11038.143750000001","1770.7424999999998","0","862.1737499999999","1264.26375","25513.383749999994","10868.028750000003","11154.131249999997","1337.7225","0","792.58125","1009.0912500000001","25161.554999999997","0","0","0","0","0","0","0","0","0","0","0","0","0","0","0","0","0","0","0","0","0","10535.53125","11606.4825","1855.8000000000002","0","742.3199999999999","1098.0149999999999","25838.14875","10852.563750000001","11819.12625","1643.1562499999998","0","885.3712499999999","1090.2825","26290.499999999996","10477.537499999999","10856.43","1210.13625","0","920.1675","935.6324999999999","24399.903750000005","0","0","0","0","0","0","0","0","0","0","0","0","0","0","0","0","0","0","0","0","0","10690.181250000001","11049.742499999998","1755.2775","0","750.0525","1268.1299999999999","25513.383749999997","11192.793749999999","11463.43125","1515.5699999999997","0","947.23125","1326.12375","26445.15000000001","10465.938750000005","10802.302500000003","1310.65875","0","877.63875","858.3075","24314.84624999999","0","0","0","0","0","0","0","0","0","0","0","0","0","0","0","0","0","0","0","0","0","10674.716249999998","11316.513750000002","1817.1375","0","711.39","1121.2124999999999","25640.969999999998","10214.632499999998","11467.297500000002","1689.5512499999998","0","935.6324999999999","1283.595","25590.708750000005","10794.57","10926.0225","1291.3274999999999","0","842.8425","838.97625","24693.73874999999","0","0","0","0","0","0","0","0","0","0","0","0","0","0","0","0","0","0","0","0","0","10423.410000000002","11502.093749999998","1716.615","0","719.1225","1183.0725","25544.313750000005","10945.353749999997","11335.845","1681.81875","0","889.2375","1105.7475","25958.002500000002","10346.085","11355.17625","1283.5949999999998","0","734.5875","924.0337499999999","24643.4775","0","0","0","0","0","0","0","0","0","0","0","0","0","0","0","0","0","0","0","0","0","10071.581250000001","11057.475","1821.0037499999999","0","742.3199999999999","1105.7475","24798.12750000001","11370.641249999999","11900.3175","1666.35375","0","854.44125","1341.58875","27133.342499999995","10879.6275","10848.697499999997","1275.8625000000002","0","792.58125","904.7025","24701.47125","0","0","0","0","0","0","0","0","0","0","0","0","0","0","0","0","0","0","0","0","0","10844.831249999997","11629.68","1840.3349999999996","0","773.25","1198.5375","26286.63375","10574.193750000002","11417.036250000001","1635.42375","0","974.2950000000001","1156.00875","25756.957500000008","10902.825000000004","11331.978750000002","1256.5312499999998","0","726.855","1086.41625","25304.60625000001","0","0","0","0","0","0","0","0","0","0","0","0","0","0","0","0","0","0","0","0","0","10728.843750000002","11243.054999999998","1786.2075","0","750.0525","1070.95125","25579.11","10972.417499999998","11061.341249999998","1666.35375","0","912.435","1353.1875","25965.735","10802.302500000002","10806.168749999999","1357.05375","0","838.9762499999999","1210.13625","25014.637499999993","0","0","0","0","0","0","0","0","0","0","0","0","0","0","0","0","0","0","0","0","0","10686.315000000002","11417.036250000001","1898.32875","0","742.3199999999999","1179.20625","25923.206249999996","11080.672500000002","11359.042499999998","1755.2775","0","881.5050000000001","1183.0725","26259.569999999992","10670.849999999999","11293.316249999996","1256.53125","0","854.44125","982.0275","25057.166249999995","0","0","0","0","0","0","0","0","0","0","0","0","0","0","0","0","0","0","0","0","0","10574.193749999999","11660.610000000004","1770.7424999999998","0","780.9825","1105.7475","25892.27625","10763.640000000001","11722.470000000001","1747.5449999999998","0","889.2375000000001","1136.6775","26259.569999999996","10663.1175","11157.997499999998","1310.65875","0","846.70875","1005.225","24983.707499999997","0","0","0","0","0","0","0","0","0","0","0","0","0","0","0","0","0","0","0","0","0","10558.728750000002","11273.985","1851.93375","0","750.0525","1148.27625","25582.976249999996","10891.226250000003","11672.208749999998","1701.1499999999999","0","927.9000000000001","1291.3275","26483.8125","10895.092500000002","10666.983750000001","1345.455","0","811.9125","966.5625","24686.006249999995","0","0","0","0","0","0","0","0","0","0","0","0","0","0","0","0","0","0","0","0","0","10558.728749999998","11591.017500000002","1770.7425","0","719.1225","1148.27625","25787.8875","11177.328750000004","11494.361250000002","1515.57","0","985.89375","1214.0025","26387.156250000004","10682.448750000001","11169.596249999999","1229.4675","0","924.03375","912.4350000000001","24917.981249999997","0","0","0","0","0","0","0","0","0","0","0","0","0","0","0","0","0","0","0","0","0","10361.55","11811.393750000005","1894.4624999999999","0","726.855","1210.13625","26004.397499999995","11799.794999999998","10999.481249999997","1581.29625","0","912.435","1144.41","26437.417499999996","10516.200000000003","10926.0225","1310.6587499999998","0","757.785","970.42875","24481.094999999998","0","0","0","0","0","0","0","0","0","0","0","0","0","0","0","0","0","0","0","0","0","10496.868750000001","11444.100000000004","1778.475","0","719.1225","1248.79875","25687.365000000005","10794.569999999998","11741.801249999997","1716.615","0","916.30125","1275.8624999999997","26445.15","10949.22","10813.901249999999","1310.65875","0","900.83625","939.49875","24914.114999999983","0","0","0","0","0","0","0","0","0","0","0","0","0","0","0","0","0","0","0","0","0","10288.091249999998","11103.869999999999","1774.60875","0","757.785","1233.33375","25157.688749999998","10473.671250000001","11366.775000000001","1693.4175","0","978.16125","1275.8625","25787.887499999993","10636.053750000003","10918.29","1291.3274999999999","0","846.70875","1098.0149999999999","24790.394999999993","0","0","0","0","0","0","0","0","0","0","0","0","0","0","0","0","0","0","0","0","0","10574.19375","11053.608750000001","1832.6025","0","757.785","1194.6712499999999","25412.861250000005","10752.04125","11691.539999999999","1589.02875","0","978.16125","1256.53125","26267.30250000001","10810.035000000002","10902.824999999999","1229.4675","0","796.4475","1059.3525","24798.127500000002","0","0","0","0","0","0","0","0","0","0","0","0","0","0","0","0","0","0","0","0","0","10303.556250000001","11227.59","1964.055","0","750.0525","1105.7475","25351.001249999987","10732.71","11045.876250000001","1689.55125","0","920.1675","1144.41","25532.714999999997","11007.213749999999","10736.576250000002","1221.735","0","769.38375","815.77875","24550.687500000007","0","0","0","0","0","0","0","0","0","0","0","0","0","0","0","0","0","0","0","0","0","10500.734999999999","11695.406249999998","1894.4625","0","750.0525","1128.945","25969.60125","11011.080000000004","11273.984999999999","1759.1437500000002","0","935.6324999999999","1349.32125","26329.1625","10736.576250000002","11011.079999999998","1283.5949999999998","0","800.31375","827.3775","24658.942499999997","0","0","0","0","0","0","0","0","0","0","0","0","0","0","0","0","0","0","0","0","0","10164.37125","11625.81375","1790.0737499999998","0","750.0525","1152.1425","25482.453749999997","11065.207499999999","11235.3225","1716.615","0","927.9","1233.3337499999998","26178.37875","11223.723749999997","10628.321249999997","1202.4037500000002","0","835.11","823.5112499999999","24713.07","0","0","0","0","0","0","0","0","0","0","0","0","0","0","0","0","0","0","0","0","0","11123.20125","11420.902500000004","1747.545","0","742.3199999999999","1117.34625","26151.315","10987.882500000003","11714.737500000001","1701.15","0","931.7662500000001","1214.0025","26549.538750000007","9947.861249999998","10941.4875","1391.85","0","804.18","1009.0912500000001","24094.470000000005","0","0","0","0","0","0","0","0","0","0","0","0","0","0","0","0","0","0","0","0","0","10837.098750000003","11598.750000000004","1824.87","0","773.25","1156.00875","26189.9775","10821.633750000005","11780.463749999999","1616.0925","0","962.6962500000001","1020.69","26201.576250000013","10806.168750000004","10547.130000000001","1268.13","0","746.18625","1167.6075","24535.22250000001","0","0","0","0","0","0","0","0","0","0","0","0","0","0","0","0","0","0","0","0","0","10531.664999999997","11707.005000000003","1763.0099999999998","0","726.855","1268.1299999999999","25996.665","11065.2075","11649.01125","1670.22","0","997.4925","1233.33375","26615.265000000007","10732.709999999997","11057.475","1357.05375","0","831.2437500000001","982.0275","24960.509999999995","0","0","0","0","0","0","0","0","0","0","0","0","0","0","0","0","0","0","0","0","0","10581.92625","11293.316250000002","1855.8000000000002","0","750.0525","1121.2125","25602.307500000006","10860.296249999998","11281.717500000002","1670.2199999999998","0","951.0975","1132.81125","25896.142499999998","10810.035","10987.882499999998","1329.9899999999998","0","738.45375","924.0337499999999","24790.394999999997","0","0","0","0","0","0","0","0","0","0","0","0","0","0","0","0","0","0","0","0","0","10581.926249999999","11614.215","1940.8574999999998","0","742.3199999999999","1163.7412499999998","26043.059999999994","10744.30875","12027.903749999996","1689.55125","0","912.435","1241.0662499999999","26615.264999999996","10643.78625","10844.831250000001","1275.8625","0","819.645","970.4287499999999","24554.55375","0","0","0","0","0","0","0","0","0","0","0","0","0","0","0","0","0","0","0","0","0","10129.575","11498.227499999999","1898.3287500000001","0","742.3199999999999","1148.27625","25416.727500000008","10628.32125","12051.101250000002","1666.3537500000002","0","924.03375","1198.5375","26468.347500000003","10752.041250000002","10898.958749999998","1364.78625","0","827.3774999999999","982.0275","24825.191250000003","0","0","0","0","0","0","0","0","0","0","0","0","0","0","0","0","0","0","0","0","0","10535.531250000002","11900.317499999997","1793.9399999999998","0","757.785","1268.1299999999999","26255.703749999993","10976.283750000002","11911.916249999998","1596.76125","0","893.10375","1364.7862499999999","26742.851250000003","10643.786250000001","10833.2325","1283.5950000000003","0","823.51125","982.0275","24566.152499999993","0","0","0","0","0","0","0","0","0","0","0","0","0","0","0","0","0","0","0","0","0","10678.5825","11103.869999999999","1867.3987499999998","0","726.855","1171.4737499999999","25548.18","10678.582499999999","11884.852500000003","1647.0225","0","962.69625","1094.14875","26267.302500000005","10775.23875","11424.768750000001","1310.65875","0","885.3712499999999","835.11","25231.147499999992","0","0","0","0","0","0","0","0","0","0","0","0","0","0","0","0","0","0","0","0","0","10740.4425","11277.851250000002","1770.7424999999996","0","726.855","1101.8812500000001","25617.77250000001","10369.2825","12112.961250000002","1515.57","0","916.30125","1237.2","26151.314999999995","10330.620000000003","10674.71625","1256.53125","0","838.9762499999999","885.37125","23986.214999999997","0","0","0","0","0","0","0","0","0","0","0","0","0","0","0","0","0","0","0","0","0","10663.1175","11699.2725","1855.7999999999997","0","719.1225","1167.6074999999998","26104.920000000002","10953.086249999998","11343.5775","1643.15625","0","954.9637499999999","1210.1362499999998","26104.920000000002","10299.689999999999","10620.58875","1210.1362499999998","0","808.0462499999999","1012.9575","23951.418750000004","0","0","0","0","0","0","0","0","0","0","0","0","0","0","0","0","0","0","0","0","0","10400.212499999998","11389.972500000002","1848.0675000000003","0","742.3199999999999","1283.595","25664.167499999996","11347.44375","11571.686249999999","1666.35375","0","893.10375","1070.9512499999998","26549.53875000001","10593.525","10620.58875","1271.9962500000001","0","672.7275","1070.95125","24229.788750000003","0","0","0","0","0","0","0","0","0","0","0","0","0","0","0","0","0","0","0","0","0","10636.053750000005","11540.75625","1770.7425000000003","0","750.0525","1210.13625","25907.74125000001","10767.506249999999","11668.342499999997","1623.8249999999998","0","900.83625","1310.65875","26271.168749999997","11324.246249999998","11030.41125","1175.3400000000001","0","808.0462500000001","931.76625","25269.80999999999","0","0","0","0","0","0","0","0","0","0","0","0","0","0","0","0","0","0","0","0","0","10694.047499999997","12039.5025","1732.08","0","765.5174999999999","1241.0662499999999","26472.21375000001","10724.977500000003","11734.068749999997","1492.3725","0","951.0975","1256.53125","26159.04750000001","10512.33375","10825.500000000002","1229.4675","0","750.0525","885.37125","24202.72499999999","0","0","0","0","0","0","0","0","0","0","0","0","0","0","0","0","0","0","0","0","0","10752.04125","11386.106249999999","1821.0037499999996","0","750.0525","1175.3400000000001","25884.543750000004","10423.409999999998","10655.384999999998","1546.5","0","889.2375","1283.595","24798.127500000006","10790.703750000004","10755.907499999996","1357.05375","0","819.645","970.42875","24693.738749999986","0","0","0","0","0","0","0","0","0","0","0","0","0","0","0","0","0","0","0","0","0","10724.9775","11417.03625","1770.7424999999998","0","726.855","1291.3275","25930.938750000005","10566.461249999998","11942.846249999999","1635.42375","0","958.8299999999999","1333.85625","26437.417500000003","10833.2325","11165.73","1190.8049999999998","0","730.72125","1101.88125","25022.370000000006","0","0","0","0","0","0","0","0","0","0","0","0","0","0","0","0","0","0","0","0","0","10241.696250000003","11134.8","1805.53875","0","773.25","1283.5949999999998","25238.879999999997","11289.450000000003","12147.7575","1712.74875","0","997.4925000000001","1241.06625","27388.515000000007","11011.080000000004","11293.316249999996","1310.65875","0","792.58125","985.89375","25393.530000000002","0","0","0","0","0","0","0","0","0","0","0","0","0","0","0","0","0","0","0","0","0","10183.702500000001","11355.176249999999","1774.6087499999999","0","750.0525","1132.81125","25196.35125000001","11103.870000000003","11741.80125","1561.965","0","916.30125","1171.47375","26495.411250000005","10288.091250000001","11096.1375","1329.99","0","804.1800000000001","931.76625","24450.164999999994","0","0","0","0","0","0","0","0","0","0","0","0","0","0","0","0","0","0","0","0","0","10342.218749999998","11668.342499999999","1828.73625","0","726.855","1194.6712499999999","25760.82375","11157.997500000001","11649.01125","1681.81875","0","873.7725","1229.4675","26592.067499999994","10871.894999999999","11262.386249999998","1194.67125","0","869.90625","719.1225000000001","24917.981249999997","0","0","0","0","0","0","0","0","0","0","0","0","0","0","0","0","0","0","0","0","0","10539.397500000005","11749.533749999997","1747.5449999999998","0","765.5174999999999","1206.27","26008.263750000002","10821.633750000003","11486.628750000002","1778.4750000000001","0","869.90625","1299.06","26255.70375000001","10798.43625","11239.18875","1229.4675","0","869.90625","1020.6899999999999","25157.688750000012","0","0","0","0","0","0","0","0","0","0","0","0","0","0","0","0","0","0","0","0","0","10539.397500000001","11935.113749999999","1902.1949999999997","0","780.9825","1202.40375","26360.092499999995","11026.545000000002","11703.13875","1693.4175","0","962.69625","1271.99625","26657.793749999997","10740.442500000001","10663.1175","1310.6587499999998","0","819.645","989.76","24523.62374999999","0","0","0","0","0","0","0","0","0","0","0","0","0","0","0","0","0","0","0","0","0","10419.543750000003","12054.967500000004","1859.66625","0","750.0525","1248.79875","26333.028749999994","10268.76","11579.41875","1689.55125","0","920.1675","1210.13625","25668.03375","10322.8875","10686.314999999995","1310.65875","0","842.8425","1043.8875","24206.59125","0","0","0","0","0","0","0","0","0","0","0","0","0","0","0","0","0","0","0","0","0","10380.881250000002","11911.916249999998","1786.2074999999998","0","726.855","1136.6774999999998","25942.537500000013","11134.800000000001","12043.36875","1751.41125","0","939.49875","1233.33375","27102.412500000002","10462.0725","11370.64125","1283.5949999999998","0","823.51125","947.23125","24887.051249999993","0","0","0","0","0","0","0","0","0","0","0","0","0","0","0","0","0","0","0","0","0","10926.022500000003","11308.78125","1797.8062499999999","0","765.5174999999999","1140.5437499999998","25938.671249999996","11038.143750000001","11792.062499999996","1654.755","0","954.96375","1225.6012500000002","26665.52625","10929.888750000002","11034.277500000004","1337.7224999999999","0","835.11","900.83625","25037.835000000006","0","0","0","0","0","0","0","0","0","0","0","0","0","0","0","0","0","0","0","0","0","10489.136249999998","11417.036250000003","1824.87","0","726.855","1194.6712499999999","25652.56874999999","10891.22625","10956.952500000003","1643.15625","0","912.435","1225.6012500000002","25629.371249999997","10829.36625","11239.18875","1237.2000000000003","0","869.90625","846.70875","25022.370000000003","0","0","0","0","0","0","0","0","0","0","0","0","0","0","0","0","0","0","0","0","0","10883.493750000001","11165.73","1832.6025","0","750.0525","1152.1425","25784.02125","10852.563749999998","12085.897500000001","1534.90125","0","866.04","1237.1999999999998","26576.6025","11258.519999999999","11239.18875","1167.6075","0","862.1737499999999","1113.48","25640.97","0","0","0","0","0","0","0","0","0","0","0","0","0","0","0","0","0","0","0","0","0","10589.658750000002","11246.921250000001","1759.1437500000002","0","719.1225","1186.93875","25501.785000000007","10535.53125","11304.915","1573.5637499999998","0","939.49875","1299.06","25652.568750000002","11138.666250000002","11088.404999999995","1279.7287499999998","0","889.2375","1028.4225000000001","25424.460000000006","0","0","0","0","0","0","0","0","0","0","0","0","0","0","0","0","0","0","0","0","0","10802.302499999998","11250.7875","1763.0100000000002","0","765.5174999999999","1190.805","25772.422500000004","11215.991250000001","11811.393749999997","1693.4175","0","935.6324999999999","1167.6074999999998","26824.042500000003","10527.79875","11146.398749999998","1287.4612499999998","0","862.1737499999999","1063.21875","24887.05125","0","0","0","0","0","0","0","0","0","0","0","0","0","0","0","0","0","0","0","0","0","10512.333750000002","11219.8575","1898.3287500000001","0","742.3199999999999","1132.8112500000002","25505.651250000003","11142.5325","11757.26625","1511.7037500000001","0","835.1099999999999","1252.665","26499.277500000015","10837.098749999996","11208.258749999999","1329.9899999999998","0","711.39","904.7025","24991.44","0","0","0","0","0","0","0","0","0","0","0","0","0","0","0","0","0","0","0","0","0","10616.7225","11830.725000000002","1797.8062499999999","0","757.785","1167.6075","26170.646249999998","11022.67875","11042.009999999998","1670.22","0","877.63875","1279.7287499999998","25892.276250000003","10813.90125","10268.759999999997","1291.3274999999999","0","784.84875","846.70875","24005.54624999999","0","0","0","0","0","0","0","0","0","0","0","0","0","0","0","0","0","0","0","0","0","10431.142500000002","11950.578750000002","1770.7424999999998","0","765.5174999999999","1206.27","26124.251250000016","10960.818750000002","11815.260000000002","1573.56375","0","869.90625","1256.53125","26476.079999999998","10852.563749999998","10821.63375","1368.6525000000001","0","908.5687500000001","1101.88125","25053.299999999992","0","0","0","0","0","0","0","0","0","0","0","0","0","0","0","0","0","0","0","0","0","10206.900000000001","11188.927500000005","1898.3287500000001","0","750.0525","1183.0724999999998","25227.281250000007","10709.5125","11660.609999999999","1589.02875","0","896.9699999999999","1341.5887500000001","26197.710000000006","10508.467500000002","10879.627499999997","1287.46125","0","893.10375","1094.14875","24662.808749999997","0","0","0","0","0","0","0","0","0","0","0","0","0","0","0","0","0","0","0","0","0","10218.49875","11707.004999999997","1705.0162500000001","0","773.25","1067.085","25470.854999999992","10798.43625","11679.941250000003","1662.4875000000002","0","846.70875","1291.3274999999999","26278.901250000006","10705.64625","10709.512499999999","1167.6075","0","722.98875","943.3650000000001","24249.119999999995","0","0","0","0","0","0","0","0","0","0","0","0","0","0","0","0","0","0","0","0","0","10732.709999999995","11745.6675","1824.87","0","773.25","1186.9387499999998","26263.436250000006","10407.944999999998","11784.330000000004","1558.0987499999999","0","978.16125","1260.3975","25988.932499999995","10520.066249999998","10392.48","1271.9962500000001","0","827.3775","954.96375","23966.883750000005","0","0","0","0","0","0","0","0","0","0","0","0","0","0","0","0","0","0","0","0","0","10605.12375","11335.845","1809.405","0","750.0525","1260.3974999999998","25760.823750000003","10295.823750000001","12093.630000000001","1739.8125","0","1016.82375","1117.34625","26263.43625","10879.627500000002","11219.857499999996","1283.595","0","846.70875","846.70875","25076.497499999994","0","0","0","0","0","0","0","0","0","0","0","0","0","0","0","0","0","0","0","0","0","10601.257499999998","11525.29125","1793.9399999999998","0","719.1225","1237.2000000000003","25876.811250000006","10435.00875","12078.165","1697.2837499999998","0","881.5049999999999","1125.0787500000001","26217.041250000006","10937.62125","10639.919999999996","1310.65875","0","831.2437500000001","1040.02125","24759.465","0","0","0","0","0","0","0","0","0","0","0","0","0","0","0","0","0","0","0","0","0","10686.315","11463.431250000001","1732.08","0","703.6575","1156.00875","25741.4925","10531.665","11301.04875","1712.74875","0","854.44125","1183.0724999999998","25582.976250000003","10322.8875","11138.666250000002","1310.65875","0","769.38375","985.8937500000001","24527.49","0","0","0","0","0","0","0","0","0","0","0","0","0","0","0","0","0","0","0","0","0","10639.919999999998","11853.922500000004","1801.6725","0","780.9825","1214.0024999999998","26290.500000000004","10968.55125","11687.67375","1596.76125","0","1016.82375","1190.805","26460.615000000005","10752.04125","10833.2325","1210.13625","0","819.645","819.6450000000001","24434.699999999997","0","0","0","0","0","0","0","0","0","0","0","0","0","0","0","0","0","0","0","0","0","10968.551249999999","11768.864999999996","1797.80625","0","734.5875","1186.93875","26456.74875000001","11076.806249999998","12024.037500000002","1716.615","0","904.7025","1287.4612499999998","27009.622499999998","10419.543749999997","11208.258749999999","1302.9262500000002","0","703.6575","1059.3525","24693.73874999999","0","0","0","0","0","0","0","0","0","0","0","0","0","0","0","0","0","0","0","0","0","10709.5125","11316.51375","1801.6725000000001","0","788.7149999999999","1221.735","25838.148750000004","10647.6525","11115.46875","1701.1499999999999","0","943.365","1183.0725","25590.708750000005","11014.946249999999","10918.289999999995","1210.13625","0","626.3325","1101.88125","24871.586249999993","0","0","0","0","0","0","0","0","0","0","0","0","0","0","0","0","0","0","0","0","0","10419.543749999999","11266.2525","1859.6662499999998","0","742.3199999999999","1190.805","25478.5875","11119.335000000003","11525.291249999997","1608.3600000000001","0","939.49875","1256.53125","26449.01625","10926.0225","11011.08","1217.8687499999999","0","920.1675","1067.085","25142.223749999986","0","0","0","0","0","0","0","0","0","0","0","0","0","0","0","0","0","0","0","0","0","10566.461249999998","11714.737499999997","1855.8","0","765.5174999999999","1171.4737499999999","26073.989999999994","10926.022499999997","11455.698750000001","1565.83125","0","993.62625","1283.595","26224.773750000008","11161.863750000002","10856.43","1229.4675","0","796.4475","869.9062499999999","24914.115","0","0","0","0","0","0","0","0","0","0","0","0","0","0","0","0","0","0","0","0","0","10593.525","11409.303749999997","1689.55125","0","773.25","1156.00875","25621.63875","11641.27875","11447.966249999998","1708.8825000000002","0","989.76","1256.5312500000002","27044.418749999997","10991.748749999997","11096.137499999997","1372.51875","0","746.18625","997.4925","25204.083749999998","0","0","0","0","0","0","0","0","0","0","0","0","0","0","0","0","0","0","0","0","0","10779.105","11892.585","1747.5449999999998","0","719.1225","1144.41","26282.767499999998","10891.226250000003","11826.85875","1654.7549999999999","0","881.5049999999999","1268.13","26522.475","10349.951250000002","10543.263749999998","1302.9262500000002","0","757.785","989.76","23943.68625","0","0","0","0","0","0","0","0","0","0","0","0","0","0","0","0","0","0","0","0","0","10539.397499999997","11355.176250000002","1878.9975","0","742.3199999999999","1229.4675000000002","25745.358749999996","10837.098750000001","11351.309999999998","1720.4812499999998","0","943.365","1283.5949999999998","26135.84999999999","10806.168750000003","10435.008749999997","1283.5949999999998","0","873.7725","1233.33375","24631.878749999985","0","0","0","0","0","0","0","0","0","0","0","0","0","0","0","0","0","0","0","0","0","10554.862500000001","11293.316249999998","1809.4049999999997","0","719.1225","1148.27625","25524.982500000006","10404.07875","11583.285000000002","1732.08","0","877.6387500000001","1422.7799999999997","26019.862500000014","10651.518749999997","10284.225","1248.7987500000002","0","846.70875","1128.945","24160.19625000001","0","0","0","0","0","0","0","0","0","0","0","0","0","0","0","0","0","0","0","0","0","10659.251250000003","11154.131249999999","1763.01","0","757.785","1179.2062500000002","25513.383750000015","10334.48625","11413.17","1732.08","0","970.42875","1175.3400000000001","25625.504999999997","10856.43","10581.926250000002","1179.20625","0","819.645","1028.4225000000001","24465.63000000001","0","0","0","0","0","0","0","0","0","0","0","0","0","0","0","0","0","0","0","0","0","10570.327500000001","11038.143749999996","1840.335","0","742.3199999999999","1329.99","25521.116250000003","11053.608750000003","11768.864999999996","1604.49375","0","866.0400000000001","1275.8625000000002","26568.870000000003","10570.327500000001","10794.569999999998","1221.7350000000001","0","838.9762499999999","896.97","24322.57874999999","0","0","0","0","0","0","0","0","0","0","0","0","0","0","0","0","0","0","0","0","0","10860.296249999998","11819.126250000001","1747.5449999999998","0","734.5875","1268.13","26429.685","10094.778749999998","11475.03","1778.475","0","924.03375","1202.40375","25474.721250000002","10759.77375","10790.70375","1318.3912500000001","0","846.70875","931.76625","24647.34374999999","0","0","0","0","0","0","0","0","0","0","0","0","0","0","0","0","0","0","0","0","0","10357.683749999998","11389.972500000003","1894.4624999999999","0","773.25","1167.6075","25582.976250000007","11212.125000000002","12190.286250000001","1585.1625000000001","0","920.1675","1183.0725","27090.81375","10415.677499999998","10616.7225","1372.5187499999997","0","835.1100000000001","1229.4675","24469.49624999999","0","0","0","0","0","0","0","0","0","0","0","0","0","0","0","0","0","0","0","0","0","10620.588750000004","11328.112500000003","1813.27125","0","780.9825","1186.9387499999998","25729.893749999996","11223.723750000001","11610.348750000003","1693.4174999999998","0","912.435","1244.9325","26684.8575","10620.588749999997","11049.742500000002","1271.99625","0","753.9187499999999","858.3075000000001","24554.553749999992","0","0","0","0","0","0","0","0","0","0","0","0","0","0","0","0","0","0","0","0","0","10311.288750000003","11447.966250000001","1747.5449999999998","0","750.0525","1128.945","25385.797500000004","10964.685000000001","11505.960000000001","1631.5575","0","908.5687499999999","1210.13625","26220.907500000005","10608.989999999994","11328.1125","1329.99","0","761.6512499999999","1009.09125","25037.835000000003","0","0","0","0","0","0","0","0","0","0","0","0","0","0","0","0","0","0","0","0","0","10999.481249999999","11482.762500000003","1913.7937500000003","0","750.0525","1156.00875","26302.098749999997","11185.061249999999","11563.953749999999","1701.1499999999999","0","982.0274999999999","1206.27","26638.462499999998","10763.640000000001","10728.843750000004","1264.26375","0","850.575","1032.28875","24639.61125000001","0","0","0","0","0","0","0","0","0","0","0","0","0","0","0","0","0","0","0","0","0","10175.970000000001","11212.125","1840.335","0","719.1225","1136.6774999999998","25084.229999999985","11366.775000000003","11200.52625","1755.2775000000001","0","924.0337499999999","1210.13625","26456.748750000002","10898.958749999998","11227.589999999995","1264.2637499999998","0","784.8487500000001","1055.48625","25231.147500000003","0","0","0","0","0","0","0","0","0","0","0","0","0","0","0","0","0","0","0","0","0","10578.06","11223.723749999997","1898.3287500000001","0","773.25","1214.0025","25687.365","10380.88125","12035.63625","1759.14375","0","908.56875","1132.8112500000002","26217.04124999999","10775.23875","10732.71","1345.455","0","947.23125","1128.9450000000002","24929.579999999994","0","0","0","0","0","0","0","0","0","0","0","0","0","0","0","0","0","0","0","0","0","10860.296250000001","11335.844999999998","1712.74875","0","773.25","1194.6712499999999","25876.811249999995","11215.991250000003","11246.92125","1650.8887499999998","0","885.3712499999999","1275.8625000000002","26275.034999999993","10933.755","10817.767500000002","1256.53125","0","912.435","978.1612500000001","24898.649999999998","0","0","0","0","0","0","0","0","0","0","0","0","0","0","0","0","0","0","0","0","0","10547.13","11575.552500000002","1906.0612499999997","0","780.9825","1183.0725","25992.798750000005","11444.099999999997","11811.393749999997","1793.94","0","862.1737499999999","1194.6712499999999","27106.278750000012","11045.876249999998","10945.353749999998","1291.3274999999999","0","808.0462500000001","974.2950000000001","25064.89875","0","0","0","0","0","0","0","0","0","0","0","0","0","0","0","0","0","0","0","0","0","10895.092499999999","11208.25875","1855.7999999999997","0","750.0525","1125.07875","25834.282499999994","10678.582499999999","11811.393750000001","1612.22625","0","970.42875","1244.9325","26317.563750000012","10404.07875","10775.238749999995","1302.92625","0","862.17375","846.70875","24191.12624999999","0","0","0","0","0","0","0","0","0","0","0","0","0","0","0","0","0","0","0","0","0","10388.613750000004","11111.6025","1724.3474999999999","0","719.1225","1314.5249999999999","25258.211250000004","10895.092499999999","11223.723750000001","1589.02875","0","889.2375000000001","1225.6012499999997","25822.683750000015","10435.008749999999","11563.953749999999","1283.5949999999998","0","719.1225000000001","927.8999999999999","24929.58","0","0","0","0","0","0","0","0","0","0","0","0","0","0","0","0","0","0","0","0","0","10547.13","11575.552499999994","1801.6725000000001","0","780.9825","1233.33375","25938.671250000003","10473.67125","11478.89625","1500.105","0","908.5687499999999","1237.1999999999998","25598.441250000003","10249.428749999997","11192.793749999997","1295.19375","0","943.365","1078.6837500000001","24759.465000000004","0","0","0","0","0","0","0","0","0","0","0","0","0","0","0","0","0","0","0","0","0","10608.989999999998","10926.022500000003","1724.3474999999999","0","750.0525","1186.93875","25196.35125","10736.57625","11502.093750000002","1596.76125","0","908.5687499999999","1310.6587499999998","26054.658750000002","10508.467500000004","10779.105000000005","1318.39125","0","866.04","974.2950000000001","24446.298749999998","0","0","0","0","0","0","0","0","0","0","0","0","0","0","0","0","0","0","0","0","0","10825.5","11475.030000000004","1813.2712499999998","0","773.25","1078.68375","25965.735000000015","10763.64","10898.958749999996","1732.0800000000002","0","916.30125","1105.7475","25416.727499999994","10837.098750000003","11436.367500000002","1299.0599999999997","0","893.10375","947.23125","25412.86125","0","0","0","0","0","0","0","0","0","0","0","0","0","0","0","0","0","0","0","0","0","10446.607499999998","11498.2275","1898.3287500000001","0","703.6575","1163.74125","25710.562499999993","10817.767500000002","11552.355000000001","1662.4875","0","920.1675","1275.8625","26228.639999999996","10547.130000000003","11463.43125","1183.0725","0","819.645","920.1675","24933.446249999994","0","0","0","0","0","0","0","0","0","0","0","0","0","0","0","0","0","0","0","0","0","10581.92625","11591.017500000002","1805.53875","0","765.5174999999999","1144.4099999999999","25888.41000000001","10980.150000000001","11687.673749999998","1643.15625","0","958.8299999999999","1295.19375","26565.00375","10949.220000000001","10736.576250000002","1237.2","0","835.1099999999999","912.4350000000001","24670.541250000002","0","0","0","0","0","0","0","0","0","0","0","0","0","0","0","0","0","0","0","0","0","10755.907500000001","11246.92125","1790.0737499999998","0","711.39","1132.81125","25637.10375","10879.627500000002","10910.5575","1747.545","0","916.30125","1314.525","25768.556249999998","10616.722500000002","11764.99875","1318.39125","0","896.97","924.03375","25521.116249999977","0","0","0","0","0","0","0","0","0","0","0","0","0","0","0","0","0","0","0","0","0","10400.2125","11536.890000000001","1828.73625","0","750.0525","1163.74125","25679.632499999996","10844.831250000001","11602.616250000001","1724.3474999999999","0","904.7025000000001","1217.8687499999999","26294.366249999995","10578.059999999998","11076.806249999998","1337.7224999999999","0","831.24375","989.7600000000001","24813.592500000013","0","0","0","0","0","0","0","0","0","0","0","0","0","0","0","0","0","0","0","0","0","10357.683750000002","11478.896250000003","1817.1374999999996","0","719.1225","1214.0025","25586.842500000006","10976.28375","11293.316250000002","1608.36","0","943.365","1175.3400000000001","25996.665","10790.703749999999","11389.972499999998","1248.79875","0","738.4537499999999","947.23125","25115.160000000003","0","0","0","0","0","0","0","0","0","0","0","0","0","0","0","0","0","0","0","0","0","10349.951249999998","11707.005","1844.2012499999998","0","765.5174999999999","1086.41625","25753.09125","10914.42375","11571.68625","1573.5637499999998","0","931.76625","1299.06","26290.500000000007","10860.296249999998","10469.804999999998","1364.78625","0","804.1800000000001","1020.6899999999999","24519.7575","0","0","0","0","0","0","0","0","0","0","0","0","0","0","0","0","0","0","0","0","0","10326.753749999996","11699.2725","1844.20125","0","734.5875","1179.20625","25784.021249999998","11061.341250000001","11594.883749999997","1600.6274999999998","0","927.9","1159.875","26344.627500000006","10632.187499999998","11049.742500000002","1337.7225","0","800.3137499999999","1063.21875","24883.184999999994","0","0","0","0","0","0","0","0","0","0","0","0","0","0","0","0","0","0","0","0","0","10721.111249999998","11130.93375","1720.4812499999998","0","695.925","1248.79875","25517.25","11192.793749999999","11691.540000000003","1705.01625","0","927.9","1186.93875","26704.188749999998","10817.7675","11343.577499999998","1287.46125","0","788.7149999999999","1070.95125","25308.4725","0","0","0","0","0","0","0","0","0","0","0","0","0","0","0","0","0","0","0","0","0","10639.92","11734.068749999999","1809.405","0","703.6575","1244.9325","26131.98375","10844.831250000001","11591.017500000005","1770.7425","0","850.575","1094.14875","26151.315000000013","10837.098750000001","10632.187499999998","1256.53125","0","765.5175","885.37125","24376.70625","0","0","0","0","0","0","0","0","0","0","0","0","0","0","0","0","0","0","0","0","0","10531.665","11146.398749999998","1786.2075","0","750.0525","1183.0725","25397.396249999998","10674.716250000001","11594.88375","1666.3537499999998","0","989.76","1329.9899999999998","26255.703750000004","10102.511249999998","10933.755000000003","1287.4612500000003","0","784.84875","885.3712499999999","23993.947499999995","0","0","0","0","0","0","0","0","0","0","0","0","0","0","0","0","0","0","0","0","0","10697.913749999998","11649.011250000001","1793.9399999999996","0","765.5174999999999","1171.4737499999999","26077.85625","10972.4175","11908.050000000001","1558.09875","0","951.0975","1171.47375","26561.13750000002","10895.0925","10825.500000000002","1372.51875","0","688.1925","1047.75375","24829.0575","0","0","0","0","0","0","0","0","0","0","0","0","0","0","0","0","0","0","0","0","0","10578.06","11447.96625","1817.1374999999998","0","742.3199999999999","1229.4675","25814.951250000002","11022.678750000005","11927.38125","1616.0925","0","920.1675","1206.27","26692.589999999993","10937.621249999998","10926.0225","1337.7224999999999","0","695.925","1098.0149999999999","24995.30625","0","0","0","0","0","0","0","0","0","0","0","0","0","0","0","0","0","0","0","0","0","10663.1175","11730.202499999998","1871.2649999999999","0","750.0525","1094.1487499999998","26108.786249999986","10686.315000000004","11335.845000000001","1650.8887499999998","0","893.1037500000001","1186.93875","25753.09125","10926.022500000003","11239.188750000003","1229.4675000000002","0","811.9124999999999","997.4925000000001","25204.083749999998","0","0","0","0","0","0","0","0","0","0","0","0","0","0","0","0","0","0","0","0","0","10435.008750000003","11761.1325","1886.73","0","765.5174999999999","1136.6775","25985.066250000003","11111.602499999999","11888.718749999998","1631.5575","0","900.83625","1225.6012500000002","26758.31624999999","10639.920000000006","11359.042499999998","1310.65875","0","904.7025","1001.3587500000001","25215.68249999999","0","0","0","0","0","0","0","0","0","0","0","0","0","0","0","0","0","0","0","0","0","10500.735","11799.795","1677.9524999999999","0","750.0525","1098.0149999999999","25826.550000000007","10786.837499999996","11266.252499999997","1616.0924999999997","0","954.9637499999999","1310.65875","25934.804999999997","10330.619999999999","10987.882499999998","1291.3274999999999","0","784.8487500000001","1020.6899999999999","24415.368750000012","0","0","0","0","0","0","0","0","0","0","0","0","0","0","0","0","0","0","0","0","0","10523.932499999997","11482.762499999999","1836.46875","0","742.3199999999999","1229.4675","25814.951250000006","10794.570000000002","11447.966250000001","1674.08625","0","982.0274999999999","1252.665","26151.315","10400.2125","10690.181250000001","1283.595","0","738.4537499999999","920.1675","24032.609999999993","0","0","0","0","0","0","0","0","0","0","0","0","0","0","0","0","0","0","0","0","0","10837.09875","11718.603749999998","1735.94625","0","734.5875","1210.13625","26236.3725","11571.686249999999","11529.157499999998","1627.6912499999999","0","877.6387500000001","1198.5375","26804.711249999997","11003.347499999998","10860.29625","1256.53125","0","881.5050000000001","1043.8875","25045.56750000001","0","0","0","0","0","0","0","0","0","0","0","0","0","0","0","0","0","0","0","0","0","10574.19375","11192.793749999999","1705.0162500000001","0","726.855","1009.09125","25207.949999999993","10601.257499999998","11571.68625","1612.22625","0","881.505","1136.6775","25803.352499999997","10817.7675","11219.857499999998","1156.00875","0","889.2375","1005.225","25088.09625000001","0","0","0","0","0","0","0","0","0","0","0","0","0","0","0","0","0","0","0","0","0","10160.505","11587.15125","1790.07375","0","773.25","1198.5375","25509.5175","10454.339999999998","11366.775000000001","1654.7549999999999","0","966.5625","1275.8625000000002","25718.295","10806.168750000003","10543.26375","1310.65875","0","765.5175","835.11","24260.718750000004","0","0","0","0","0","0","0","0","0","0","0","0","0","0","0","0","0","0","0","0","0","10241.69625","11822.992500000002","1836.46875","0","773.25","1086.41625","25760.823749999996","10902.825","11130.933749999998","1612.22625","0","943.365","1241.06625","25830.416249999995","10655.385000000004","11231.456250000001","1183.0725","0","684.3262500000001","862.17375","24616.41375","0","0","0","0","0","0","0","0","0","0","0","0","0","0","0","0","0","0","0","0","0"
,"10392.480000000003","11486.628749999996","1929.2587500000002","0","695.925","1094.14875","25598.441250000003","10601.257500000003","11710.871250000002","1705.01625","0","912.435","1210.13625","26139.71625","10852.563750000001","11115.468749999996","1384.1174999999998","0","889.2375","862.17375","25103.561250000002","0","0","0","0","0","0","0","0","0","0","0","0","0","0","0","0","0","0","0","0","0","10782.97125","11780.463750000003","1917.6599999999999","0","734.5875","1295.19375","26510.876249999998","10531.665","11405.437499999998","1666.35375","0","808.0462499999999","1295.19375","25706.696250000005","10624.455","10709.5125","1271.99625","0","761.65125","873.7725","24241.38749999999","0","0","0","0","0","0","0","0","0","0","0","0","0","0","0","0","0","0","0","0","0","10496.86875","11629.68","1778.475","0","750.0525","1156.00875","25811.084999999995","10558.728750000002","11985.375","1677.9524999999999","0","904.7025","1275.8625","26402.621250000007","10647.652500000002","10941.4875","1322.2575","0","823.51125","1078.6837500000001","24813.592499999995","0","0","0","0","0","0","0","0","0","0","0","0","0","0","0","0","0","0","0","0","0","10423.410000000002","11215.991250000001","1720.48125","0","765.5174999999999","1186.9387499999998","25312.338749999995","10794.570000000003","11378.373749999997","1697.28375","0","958.83","1183.0725","26012.130000000005","10736.576249999998","11192.793749999995","1318.39125","0","846.70875","927.9000000000001","25022.37","0","0","0","0","0","0","0","0","0","0","0","0","0","0","0","0","0","0","0","0","0","10237.83","11498.227499999999","1894.4625","0","773.25","1136.6775","25540.4475","10489.136250000001","11679.941249999998","1685.685","0","985.89375","1248.79875","26089.45499999999","10929.88875","11432.50125","1295.19375","0","761.65125","916.3012500000001","25335.536249999997","0","0","0","0","0","0","0","0","0","0","0","0","0","0","0","0","0","0","0","0","0","10601.2575","11807.5275","1778.4750000000001","0","719.1225","1113.48","26019.862500000003","10918.289999999997","11598.75","1619.95875","0","869.90625","1271.99625","26278.90125","11223.723750000001","11192.79375","1183.0725","0","896.97","1012.9574999999999","25509.5175","0","0","0","0","0","0","0","0","0","0","0","0","0","0","0","0","0","0","0","0","0","10690.181249999998","10902.824999999995","1782.34125","0","742.3199999999999","1252.665","25370.332500000004","11065.207500000002","11200.526250000003","1674.08625","0","947.2312499999999","1233.33375","26120.385000000006","10871.895","10666.98375","1256.5312500000002","0","889.2375","1005.225","24689.872500000005","0","0","0","0","0","0","0","0","0","0","0","0","0","0","0","0","0","0","0","0","0","10465.93875","11150.265000000001","1728.21375","0","719.1225","1206.2699999999998","25269.809999999987","11192.793749999999","12078.164999999999","1724.3474999999999","0","912.435","1337.7224999999999","27245.463750000006","10299.689999999999","10790.70375","1357.05375","0","869.90625","889.2375000000002","24206.59125","0","0","0","0","0","0","0","0","0","0","0","0","0","0","0","0","0","0","0","0","0","10384.747500000001","11521.425000000001","1890.5962499999998","0","757.785","1136.6775","25691.231250000004","10083.18","11865.521250000002","1623.825","0","908.5687499999999","1260.3975","25741.492499999997","10566.461249999997","10802.302499999998","1337.7224999999999","0","831.2437500000001","1016.82375","24554.55375","0","0","0","0","0","0","0","0","0","0","0","0","0","0","0","0","0","0","0","0","0","10651.51875","11181.195000000002","1766.87625","0","765.5174999999999","1214.0025","25579.109999999997","10779.105","11857.78875","1604.4937499999996","0","951.0974999999999","1360.92","26553.405000000006","10593.525000000003","10438.875000000002","1310.65875","0","850.575","900.8362500000001","24094.469999999994","0","0","0","0","0","0","0","0","0","0","0","0","0","0","0","0","0","0","0","0","0","10697.91375","11923.515","1948.5899999999997","0","750.0525","1159.8749999999998","26479.946249999994","11134.800000000001","11266.252500000002","1739.8125","0","866.04","1183.0725","26189.97749999999","11246.921250000001","10879.6275","1210.13625","0","811.9124999999999","931.76625","25080.36375","0","0","0","0","0","0","0","0","0","0","0","0","0","0","0","0","0","0","0","0","0","10736.57625","11428.635000000002","1859.66625","0","726.855","1167.6075","25919.339999999993","11157.997500000001","12047.234999999999","1763.01","0","924.03375","1275.8625","27168.138750000006","10585.792499999998","10972.4175","1283.5949999999998","0","757.785","1063.21875","24662.808750000007","0","0","0","0","0","0","0","0","0","0","0","0","0","0","0","0","0","0","0","0","0","10659.251249999998","11343.577500000003","1735.94625","0","750.0525","1105.7475","25594.574999999993","11262.386250000001","11923.515000000001","1558.0987499999999","0","893.10375","1214.0025","26851.106249999993","10945.353750000002","10446.6075","1194.67125","0","850.5749999999999","951.0975","24388.305000000004","0","0","0","0","0","0","0","0","0","0","0","0","0","0","0","0","0","0","0","0","0","10230.0975","11150.265000000001","1735.94625","0","765.5174999999999","1082.55","24964.37624999999","10806.168749999999","10980.149999999998","1677.9524999999999","0","954.96375","1353.1875","25772.4225","10666.983750000003","11038.14375","1337.7225","0","831.2437500000001","858.3075","24732.401250000003","0","0","0","0","0","0","0","0","0","0","0","0","0","0","0","0","0","0","0","0","0","10833.2325","11243.055000000002","1766.8762499999998","0","750.0525","1171.47375","25764.690000000017","10570.3275","11177.328750000002","1627.69125","0","985.8937500000001","1310.6587499999998","25671.900000000005","10690.181250000001","11490.494999999999","1302.92625","0","827.3775","904.7025","25215.682500000003","0","0","0","0","0","0","0","0","0","0","0","0","0","0","0","0","0","0","0","0","0","10013.587499999996","11103.87","1844.2012499999998","0","780.9825","1101.88125","24844.5225","11246.921250000001","11049.7425","1720.4812499999998","0","924.0337499999999","1132.81125","26073.990000000005","10516.200000000003","11811.39375","1329.99","0","796.4475","924.0337499999999","25378.064999999995","0","0","0","0","0","0","0","0","0","0","0","0","0","0","0","0","0","0","0","0","0","10798.436250000002","11312.647500000003","1801.6725000000001","0","719.1225","1183.0725","25814.95125","10148.906250000002","11884.852499999999","1770.7425","0","951.0974999999999","1264.2637499999998","26019.8625","10558.72875","10705.646249999998","1214.0025","0","827.3775","974.2950000000001","24280.049999999996","0","0","0","0","0","0","0","0","0","0","0","0","0","0","0","0","0","0","0","0","0","10462.072500000002","11629.68","1824.8700000000001","0","757.785","1148.27625","25822.683750000007","10701.78","11536.89","1635.4237500000002","0","962.69625","1430.5124999999998","26267.302499999998","10697.913750000002","11123.201249999996","1268.1299999999999","0","904.7025","993.62625","24987.57375","0","0","0","0","0","0","0","0","0","0","0","0","0","0","0","0","0","0","0","0","0","10860.296249999996","11668.342500000002","1809.4049999999997","0","703.6575","1105.7475","26147.44874999998","10914.423749999998","11428.635000000004","1604.4937499999999","0","951.0975","1225.6012500000002","26124.251249999998","10454.34","11038.143750000005","1264.26375","0","757.785","1009.09125","24523.62375000001","0","0","0","0","0","0","0","0","0","0","0","0","0","0","0","0","0","0","0","0","0","10326.753750000002","11042.009999999998","1782.34125","0","750.0525","1252.665","25153.822500000013","11231.456250000003","11409.303750000001","1674.0862499999998","0","854.4412500000001","1237.2","26406.487499999992","10813.901249999999","11157.997500000001","1217.8687499999999","0","757.785","935.6324999999999","24883.185000000016","0","0","0","0","0","0","0","0","0","0","0","0","0","0","0","0","0","0","0","0","0","10179.836250000002","11328.112500000001","1809.4049999999997","0","757.785","1291.3274999999999","25366.46625000001","10624.454999999998","11799.795000000002","1658.62125","0","927.9000000000001","1407.315","26418.08624999999","10411.811250000002","10937.621250000002","1248.79875","0","889.2375","893.10375","24380.572500000002","0","0","0","0","0","0","0","0","0","0","0","0","0","0","0","0","0","0","0","0","0","10856.43","11045.876250000001","1766.8762499999998","0","750.0525","1186.9387499999998","25606.17375","10918.29","11714.737500000003","1623.8249999999998","0","989.76","1345.455","26592.067500000005","11130.93375","11042.010000000002","1337.7224999999999","0","804.1800000000001","1140.54375","25455.38999999999","0","0","0","0","0","0","0","0","0","0","0","0","0","0","0","0","0","0","0","0","0","10578.06","11795.928750000003","1828.7362499999997","0","765.5174999999999","1299.06","26267.302499999998","10291.957500000002","11637.4125","1650.88875","0","951.0975","1225.6012500000002","25756.957500000004","10868.028750000001","11231.456249999996","1302.92625","0","719.1225","1198.5375","25320.071249999994","0","0","0","0","0","0","0","0","0","0","0","0","0","0","0","0","0","0","0","0","0","10705.64625","11687.673749999998","1848.0675","0","773.25","1175.34","26189.9775","10906.691250000002","11780.463749999999","1639.2900000000002","0","958.8299999999999","1171.47375","26456.748750000002","11188.927500000003","10802.302499999996","1291.3275","0","924.0337499999999","1012.9575","25219.548749999994","0","0","0","0","0","0","0","0","0","0","0","0","0","0","0","0","0","0","0","0","0","10585.792500000001","11061.341249999998","1886.73","0","780.9825","1202.40375","25517.25000000001","10949.219999999998","11432.501250000001","1635.42375","0","896.97","1136.6775000000002","26050.7925","10779.105000000001","11196.660000000002","1283.595","0","804.1800000000001","1225.6012500000002","25289.14124999999","0","0","0","0","0","0","0","0","0","0","0","0","0","0","0","0","0","0","0","0","0","10701.78","11621.9475","1821.0037499999999","0","773.25","1190.8049999999998","26108.78625","11393.838749999999","12151.62375","1623.825","0","993.62625","1287.46125","27450.37500000001","10763.639999999998","11111.6025","1244.9325000000001","0","858.3075000000001","947.23125","24925.71374999999","0","0","0","0","0","0","0","0","0","0","0","0","0","0","0","0","0","0","0","0","0","10701.779999999999","11428.635000000004","1793.94","0","757.785","1128.945","25811.08500000001","10779.105000000003","11652.8775","1647.0225","0","885.3712499999999","1020.69","25985.066250000007","10856.430000000002","10690.18125","1283.595","0","954.96375","1067.085","24852.254999999994","0","0","0","0","0","0","0","0","0","0","0","0","0","0","0","0","0","0","0","0","0","10508.467499999999","11792.0625","1840.3349999999998","0","765.5174999999999","1136.6775","26043.060000000005","11115.468749999996","11417.03625","1743.67875","0","885.3712499999999","1279.72875","26441.283750000002","10937.621250000002","11103.870000000006","1275.8625","0","838.9762499999999","823.51125","24979.841249999998","0","0","0","0","0","0","0","0","0","0","0","0","0","0","0","0","0","0","0","0","0","10427.276250000003","11618.081250000001","1817.1374999999998","0","719.1225","1241.06625","25822.683750000004","11258.52","11668.3425","1627.6912499999999","0","997.4925000000001","1190.805","26742.85125","10520.06625","10759.77375","1256.53125","0","800.31375","1043.8874999999998","24380.5725","0","0","0","0","0","0","0","0","0","0","0","0","0","0","0","0","0","0","0","0","0","10349.951250000002","11347.44375","1728.21375","0","726.855","1221.7350000000001","25374.19875","10964.685","11038.143750000001","1658.62125","0","924.0337499999999","1248.79875","25834.28250000001","10840.965","10431.142499999998","1202.40375","0","873.7725","792.5812500000001","24140.864999999994","0","0","0","0","0","0","0","0","0","0","0","0","0","0","0","0","0","0","0","0","0","10728.843750000002","11517.558750000004","1848.0674999999997","0","757.785","1105.7475","25958.002499999995","10779.104999999998","11799.795000000002","1573.56375","0","908.5687500000001","1241.0662499999999","26302.098749999994","10906.69125","10728.843749999998","1256.53125","0","788.715","1020.69","24701.471250000002","0","0","0","0","0","0","0","0","0","0","0","0","0","0","0","0","0","0","0","0","0","10670.85","11200.526250000003","1848.0674999999999","0","703.6575","1202.40375","25625.504999999997","11096.1375","11904.18375","1592.8949999999998","0","927.8999999999999","1283.595","26804.711250000004","11440.233749999998","10435.008749999997","1283.595","0","838.9762499999999","1001.3587500000001","24999.1725","0","0","0","0","0","0","0","0","0","0","0","0","0","0","0","0","0","0","0","0","0","10218.498750000002","11826.858750000003","1817.1375","0","750.0525","1113.48","25726.0275","10032.91875","11610.34875","1631.5575000000001","0","927.9000000000001","1086.41625","25289.141249999997","10682.448750000001","10624.454999999994","1256.53125","0","866.0400000000001","827.3775","24256.852500000005","0","0","0","0","0","0","0","0","0","0","0","0","0","0","0","0","0","0","0","0","0","10454.340000000002","11359.042500000001","1790.0737500000002","0","750.0525","1156.00875","25509.517499999998","11606.4825","11548.488750000002","1662.4875","0","866.0400000000001","1237.2","26920.698749999996","10450.473750000003","11053.608750000003","1275.8625","0","904.7025000000001","1094.14875","24778.796250000007","0","0","0","0","0","0","0","0","0","0","0","0","0","0","0","0","0","0","0","0","0","10388.613749999999","11525.29125","1801.6725000000001","0","719.1225","1078.6837500000001","25513.383750000015","10891.226249999998","11865.52125","1681.81875","0","935.6325","1337.7224999999999","26711.92125000001","11014.946249999999","10299.69","1271.99625","0","707.5237500000001","974.295","24268.45125","0","0","0","0","0","0","0","0","0","0","0","0","0","0","0","0","0","0","0","0","0","10543.263750000002","11776.597500000002","1855.7999999999997","0","780.9825","1128.945","26085.588749999995","10752.041249999998","11297.1825","1712.74875","0","885.3712499999999","1163.74125","25811.085000000003","10721.11125","11270.118749999998","1372.51875","0","846.70875","1055.48625","25265.943749999988","0","0","0","0","0","0","0","0","0","0","0","0","0","0","0","0","0","0","0","0","0","10462.0725","11084.538750000002","1836.46875","0","757.785","1167.6075","25308.472500000003","10663.117500000002","11540.75625","1596.7612499999998","0","920.1675","1132.81125","25853.61375","10535.531250000002","11034.277499999997","1241.06625","0","846.70875","931.76625","24589.350000000006","0","0","0","0","0","0","0","0","0","0","0","0","0","0","0","0","0","0","0","0","0","10759.77375","11424.768750000001","1832.6025","0","757.785","1163.74125","25938.671249999996","11003.347499999996","11505.96","1589.02875","0","912.435","1117.3462499999998","26128.11749999999","10701.78","10489.136250000001","1353.1874999999998","0","842.8425","927.8999999999999","24314.846250000002","0","0","0","0","0","0","0","0","0","0","0","0","0","0","0","0","0","0","0","0","0","10284.225","11057.475000000002","1817.1374999999998","0","780.9825","1113.48","25053.299999999992","11026.545","11490.494999999997","1623.825","0","966.5625","1291.3274999999999","26398.755000000012","10427.27625","11297.1825","1229.4675","0","811.9124999999999","997.4925000000001","24763.33125","0","0","0","0","0","0","0","0","0","0","0","0","0","0","0","0","0","0","0","0","0","10755.9075","11401.57125","1809.4049999999997","0","742.3199999999999","1148.27625","25857.480000000003","10272.62625","11486.628750000002","1542.6337499999997","0","916.30125","1194.67125","25412.861250000005","10728.84375","11080.6725","1229.4675000000002","0","862.1737499999999","873.7724999999999","24774.929999999993","0","0","0","0","0","0","0","0","0","0","0","0","0","0","0","0","0","0","0","0","0","10477.5375","12020.17125","1805.53875","0","773.25","1275.8625","26352.360000000015","10431.1425","11792.062499999998","1573.5637499999998","0","989.76","1152.1425","25938.671249999992","10639.920000000002","11127.067500000001","1167.6075","0","804.1800000000001","842.8425","24581.617500000004","0","0","0","0","0","0","0","0","0","0","0","0","0","0","0","0","0","0","0","0","0","10009.721249999999","11664.47625","1770.7425","0","773.25","1163.74125","25381.931249999998","10701.779999999997","11366.775000000001","1643.1562499999998","0","943.365","1345.455","26000.53125","10844.83125","10995.615","1264.26375","0","827.3775","943.3650000000001","24875.452499999996","0","0","0","0","0","0","0","0","0","0","0","0","0","0","0","0","0","0","0","0","0","10686.314999999999","11003.3475","1859.66625","0","757.785","1132.81125","25439.925000000003","10585.792500000001","10871.895000000002","1654.755","0","908.56875","1233.33375","25254.34500000001","10929.888750000002","11536.89","1310.65875","0","823.51125","939.49875","25540.447500000006","0","0","0","0","0","0","0","0","0","0","0","0","0","0","0","0","0","0","0","0","0","10705.64625","11571.68625","1882.86375","0","726.855","1183.0725","26070.123750000006","11026.545000000002","11301.04875","1612.22625","0","896.97","1271.9962500000001","26108.78624999998","10531.665","11351.309999999998","1310.6587499999998","0","850.5749999999999","989.76","25033.968749999985","0","0","0","0","0","0","0","0","0","0","0","0","0","0","0","0","0","0","0","0","0","10558.72875","11405.437500000004","1770.7424999999998","0","757.785","1136.6775","25629.371249999997","10713.378749999998","11911.91625","1561.965","0","935.6324999999999","1186.93875","26309.83125","10860.296250000001","11100.003749999998","1237.2","0","904.7025000000001","808.0462499999999","24910.248750000002","0","0","0","0","0","0","0","0","0","0","0","0","0","0","0","0","0","0","0","0","0","10775.23875","11498.227499999999","1836.4687499999998","0","750.0525","1248.79875","26108.786249999994","10539.3975","11908.049999999996","1592.895","0","958.83","1152.1425","26151.314999999988","11115.46875","10647.6525","1256.5312499999998","0","757.7850000000001","989.76","24767.197499999984","0","0","0","0","0","0","0","0","0","0","0","0","0","0","0","0","0","0","0","0","0","10779.105000000001","11625.81375","1786.2075","0","757.785","1183.0724999999998","26131.98375","10782.971249999999","11301.04875","1550.36625","0","912.4350000000001","1156.00875","25702.83","10156.638749999998","10539.397500000001","1364.7862499999999","0","831.2437500000001","916.30125","23808.367499999997","0","0","0","0","0","0","0","0","0","0","0","0","0","0","0","0","0","0","0","0","0","10601.2575","12035.636250000001","1793.9399999999998","0","750.0525","1136.6774999999998","26317.563750000005","11181.195000000003","11672.208749999998","1685.685","0","985.89375","1349.32125","26874.303750000006","10608.990000000002","11123.201249999998","1310.6587499999998","0","858.3074999999999","1016.82375","24917.981249999993","0","0","0","0","0","0","0","0","0","0","0","0","0","0","0","0","0","0","0","0","0","10620.588749999997","11482.7625","1766.8762499999996","0","765.5174999999999","1098.015","25733.760000000006","11138.66625","11873.25375","1612.22625","0","912.435","1233.33375","26769.914999999997","10929.888749999996","11204.3925","1337.7224999999999","0","858.3074999999999","943.365","25273.676250000004","0","0","0","0","0","0","0","0","0","0","0","0","0","0","0","0","0","0","0","0","0","10465.938750000005","12008.572499999997","1782.34125","0","773.25","1256.5312499999998","26286.633750000008","11038.143749999996","10790.703750000002","1546.5","0","962.69625","1132.8112499999997","25470.854999999996","10651.518749999997","10636.05375","1256.5312499999998","0","858.3075","893.10375","24295.515","0","0","0","0","0","0","0","0","0","0","0","0","0","0","0","0","0","0","0","0","0","11022.678749999997","11482.7625","1743.6787499999998","0","780.9825","1078.68375","26108.78625","10821.63375","10976.28375","1735.9462499999997","0","885.37125","1364.7862499999999","25784.02125000001","10868.02875","11038.14375","1210.1362499999998","0","846.70875","982.0275","24945.045000000006","0","0","0","0","0","0","0","0","0","0","0","0","0","0","0","0","0","0","0","0","0","10786.8375","11273.984999999999","1755.2774999999997","0","750.0525","1167.6074999999998","25733.76000000001","10898.958750000002","11699.272500000003","1612.22625","0","947.23125","1345.455","26503.143750000003","10508.4675","10361.55","1337.7224999999999","0","811.9124999999999","920.1674999999999","23939.820000000003","0","0","0","0","0","0","0","0","0","0","0","0","0","0","0","0","0","0","0","0","0","10574.193750000002","11598.750000000002","1851.93375","0","773.25","1217.8687499999999","26015.99625","11192.793750000003","11645.144999999999","1585.1625","0","974.2950000000001","1171.47375","26568.870000000014","10384.7475","11502.093749999998","1244.9325","0","893.10375","924.03375","24948.911250000012","0","0","0","0","0","0","0","0","0","0","0","0","0","0","0","0","0","0","0","0","0","10601.257499999998","11714.737500000003","1770.7425","0","780.9825","1279.72875","26147.44875","10674.716250000003","11451.8325","1635.42375","0","927.9000000000001","1183.0725","25872.94500000001","10512.33375","10933.755000000001","1268.13","0","742.3199999999999","947.23125","24403.769999999997","0","0","0","0","0","0","0","0","0","0","0","0","0","0","0","0","0","0","0","0","0","10682.448750000003","11594.883749999999","1766.8762499999998","0","765.5174999999999","1314.525","26124.25125000001","10346.085","11490.495000000003","1573.56375","0","970.4287499999999","1237.2","25617.772499999995","10752.041249999998","10763.64","1310.65875","0","699.79125","954.96375","24481.094999999994","0","0","0","0","0","0","0","0","0","0","0","0","0","0","0","0","0","0","0","0","0","10365.416249999998","11235.3225","1898.32875","0","726.855","1206.27","25432.19250000001","10941.487499999997","11610.348750000001","1751.4112499999999","0","908.5687500000001","1109.61375","26321.43","10937.62125","11362.908749999999","1291.3274999999999","0","811.9125","885.37125","25289.14124999999","0","0","0","0","0","0","0","0","0","0","0","0","0","0","0","0","0","0","0","0","0","10446.6075","11571.686250000002","1728.21375","0","773.25","1090.2825","25610.040000000008","10840.965","11699.272500000001","1647.0225","0","846.70875","1214.0025","26247.97125","10821.63375","11022.678749999997","1221.735","0","742.3199999999999","893.1037499999999","24701.471249999995","0","0","0","0","0","0","0","0","0","0","0","0","0","0","0","0","0","0","0","0","0","10601.2575","11761.132500000002","1913.7937499999998","0","750.0525","1217.86875","26244.105000000003","10775.23875","11606.482499999998","1724.3474999999999","0","916.30125","1217.8687499999999","26240.23874999999","10280.358750000001","10651.518749999996","1175.34","0","707.5237500000001","889.2375000000001","23703.97875","0","0","0","0","0","0","0","0","0","0","0","0","0","0","0","0","0","0","0","0","0","10469.805","11130.933750000002","1871.265","0","742.3199999999999","1109.61375","25323.937499999996","10960.818749999999","11463.431250000001","1662.4875000000002","0","896.97","1152.1425","26135.85","10871.895000000004","11482.762499999999","1244.9325","0","835.11","869.90625","25304.60624999999","0","0","0","0","0","0","0","0","0","0","0","0","0","0","0","0","0","0","0","0","0","10856.429999999998","10829.366249999997","1909.9274999999998","0","742.3199999999999","1171.47375","25509.51750000001","10821.633749999997","11718.603749999998","1666.35375","0","854.44125","1190.805","26251.8375","10810.035","10844.831249999996","1291.3274999999999","0","862.17375","1070.95125","24879.31875","0","0","0","0","0","0","0","0","0","0","0","0","0","0","0","0","0","0","0","0","0","10771.372500000003","11339.71125","1828.73625","0","750.0525","1221.735","25911.607500000002","10941.4875","11819.126250000005","1735.94625","0","920.1675","1264.26375","26680.99124999999","10407.945","11003.3475","1364.7862499999999","0","842.8425","815.77875","24434.7","0","0","0","0","0","0","0","0","0","0","0","0","0","0","0","0","0","0","0","0","0","10786.837500000001","11486.628750000002","1836.46875","0","788.7149999999999","1125.07875","26023.728750000002","10848.6975","11865.521249999998","1650.8887499999998","0","924.0337499999999","1156.00875","26445.149999999994","10775.23875","11196.66","1241.0662499999999","0","850.575","831.24375","24894.783749999988","0","0","0","0","0","0","0","0","0","0","0","0","0","0","0","0","0","0","0","0","0","10597.391250000002","11293.316250000002","1793.94","0","773.25","1183.0724999999998","25640.969999999994","10895.0925","10972.4175","1589.02875","0","970.42875","1333.8562499999998","25760.823749999996","10810.035000000002","10670.849999999999","1295.19375","0","842.8425","931.7662499999999","24550.68749999999","0","0","0","0","0","0","0","0","0","0","0","0","0","0","0","0","0","0","0","0","0","11003.3475","11799.795000000002","1797.8062499999999","0","773.25","1152.1425","26526.341250000016","10953.086249999998","11447.966249999998","1654.755","0","869.90625","1190.805","26116.518749999992","10601.257499999996","10496.86875","1299.06","0","873.7725","796.4475","24067.40625000001","0","0","0","0","0","0","0","0","0","0","0","0","0","0","0","0","0","0","0","0","0","10585.792500000001","11761.132500000003","1929.25875","0","757.785","1275.8625","26309.831250000003","11215.991250000001","11633.546250000005","1627.69125","0","978.1612499999999","1252.665","26708.055","10732.71","11014.94625","1310.65875","0","850.575","889.2375","24798.127500000002","0","0","0","0","0","0","0","0","0","0","0","0","0","0","0","0","0","0","0","0","0","10976.28375","11579.41875","1902.195","0","765.5174999999999","1167.6074999999998","26391.0225","10643.78625","11861.654999999997","1647.0225","0","951.0975000000001","1194.6712499999999","26298.232500000006","10898.958750000002","10891.22625","1271.9962499999997","0","773.25","912.4350000000002","24747.866249999992","0","0","0","0","0","0","0","0","0","0","0","0","0","0","0","0","0","0","0","0","0","10407.945","11003.347499999996","1848.0674999999997","0","726.855","1144.41","25130.624999999993","10956.9525","11471.16375","1677.9524999999999","0","900.8362500000001","1337.7224999999999","26344.627500000002","10840.964999999997","11049.7425","1337.7224999999999","0","746.18625","927.9","24902.51625","0","0","0","0","0","0","0","0","0","0","0","0","0","0","0","0","0","0","0","0","0","10245.562499999998","11393.838749999997","1766.87625","0","780.9825","1221.735","25408.994999999995","10953.08625","11432.501249999998","1550.36625","0","982.0275","1310.6587499999998","26228.64","10767.506249999997","10415.677499999998","1318.39125","0","784.8487500000001","978.16125","24264.584999999985","0","0","0","0","0","0","0","0","0","0","0","0","0","0","0","0","0","0","0","0","0","10523.9325","11591.017499999998","1786.2074999999998","0","742.3199999999999","1252.665","25896.142499999998","10752.041250000002","11865.521250000003","1631.5575000000001","0","947.23125","1256.53125","26452.882499999996","10438.874999999998","11042.009999999997","1337.7224999999999","0","835.11","985.89375","24639.61124999999","0","0","0","0","0","0","0","0","0","0","0","0","0","0","0","0","0","0","0","0","0","10547.13","11973.776250000003","1786.2075","0","788.7149999999999","1028.4225","26124.25125000001","10837.098750000001","11370.641249999999","1705.0162500000001","0","889.2375","1380.2512499999998","26182.244999999988","10655.385000000002","11185.06125","1202.40375","0","835.1099999999999","838.9762499999999","24716.936249999988","0","0","0","0","0","0","0","0","0","0","0","0","0","0","0","0","0","0","0","0","0","10670.849999999999","11362.908750000002","1763.01","0","765.5174999999999","1094.1487499999998","25656.434999999994","11185.06125","11088.404999999999","1600.6274999999998","0","927.9000000000001","1159.875","25961.868749999994","10446.607499999998","10628.321250000005","1221.7350000000001","0","842.8425","893.10375","24032.61","0","0","0","0","0","0","0","0","0","0","0","0","0","0","0","0","0","0","0","0","0","10319.02125","10697.913750000003","1778.4749999999997","0","750.0525","1167.6074999999998","24713.070000000007","10922.156249999998","11915.782499999996","1616.0925000000002","0","916.30125","1407.315","26777.647499999995","10844.831249999996","11123.201250000002","1310.65875","0","784.84875","858.3075","24921.8475","0","0","0","0","0","0","0","0","0","0","0","0","0","0","0","0","0","0","0","0","0","10446.6075","11049.742499999998","1763.01","0","750.0525","1186.93875","25196.351249999996","10554.862500000003","11745.6675","1596.76125","0","893.10375","1415.0475000000001","26205.44250000001","10755.9075","11042.010000000004","1302.92625","0","777.11625","862.1737499999999","24740.133750000008","0","0","0","0","0","0","0","0","0","0","0","0","0","0","0","0","0","0","0","0","0","10647.6525","11374.5075","1793.9399999999998","0","757.785","1202.40375","25776.28875","11026.544999999998","11273.985","1701.1499999999999","0","954.96375","1314.525","26271.168750000004","11003.3475","11011.08","1329.99","0","746.18625","947.23125","25037.834999999995","0","0","0","0","0","0","0","0","0","0","0","0","0","0","0","0","0","0","0","0","0","10454.339999999997","11343.577500000001","1705.01625","0","773.25","1167.6075","25443.791250000006","10860.296250000003","11672.208750000002","1674.0862499999998","0","931.7662499999999","1260.3975","26398.755000000005","10763.639999999998","11243.055","1275.8625000000002","0","850.5749999999999","904.7025000000001","25037.835","0","0","0","0","0","0","0","0","0","0","0","0","0","0","0","0","0","0","0","0","0","10608.990000000003","11764.998750000002","1809.4049999999997","0","750.0525","1167.6075","26101.053749999992","11142.532499999998","11308.781250000002","1677.9524999999999","0","889.2375","1302.92625","26321.430000000004","10697.91375","10721.111250000002","1283.595","0","842.8425","985.89375","24531.35624999999","0","0","0","0","0","0","0","0","0","0","0","0","0","0","0","0","0","0","0","0","0","10628.32125","11679.941250000002","1944.7237499999999","0","757.785","1183.0724999999998","26193.84375000001","10906.69125","11679.941250000002","1693.4174999999998","0","989.76","1349.32125","26619.13125","10570.327500000001","10810.035","1148.27625","0","823.51125","1144.41","24496.559999999998","0","0","0","0","0","0","0","0","0","0","0","0","0","0","0","0","0","0","0","0","0","10485.269999999995","11440.233750000005","1755.2774999999997","0","742.3199999999999","1217.86875","25640.97","10864.1625","11188.927499999998","1589.02875","0","819.645","1140.5437499999998","25602.30750000001","10523.932499999999","11177.32875","1210.13625","0","777.11625","1016.82375","24705.3375","0","0","0","0","0","0","0","0","0","0","0","0","0","0","0","0","0","0","0","0","0","10469.805000000002","11374.507499999998","1650.88875","0","742.3199999999999","1252.665","25490.186250000013","10512.333750000002","11297.1825","1685.6850000000002","0","989.7600000000001","1310.65875","25795.619999999995","11100.00375","10500.735","1264.2637499999998","0","753.91875","1005.2249999999999","24624.146249999998","0","0","0","0","0","0","0","0","0","0","0","0","0","0","0","0","0","0","0","0","0","10860.296250000001","10837.098750000001","1890.59625","0","750.0525","1256.53125","25594.574999999993","10489.13625","11803.66125","1735.94625","0","904.7024999999999","1167.6075","26101.05375","11007.213750000003","10659.25125","1248.79875","0","711.39","1070.95125","24697.605000000007","0","0","0","0","0","0","0","0","0","0","0","0","0","0","0","0","0","0","0","0","0","10462.072499999998","11161.86375","1728.21375","0","773.25","1186.93875","25312.33875","10767.506249999997","11842.323749999998","1639.2899999999997","0","947.23125","1214.0025","26410.353750000006","11119.335000000001","11293.316250000002","1357.05375","0","750.0525","1101.8812500000001","25621.638750000006","0","0","0","0","0","0","0","0","0","0","0","0","0","0","0","0","0","0","0","0","0","10956.952500000001","11246.921250000001","1840.335","0","742.3199999999999","1117.3462499999998","25903.874999999993","11304.914999999999","12275.343750000002","1712.74875","0","974.2950000000001","1380.2512499999998","27647.553750000003","10972.4175","10817.767500000002","1256.53125","0","695.925","1024.55625","24767.1975","0","0","0","0","0","0","0","0","0","0","0","0","0","0","0","0","0","0","0","0","0","10438.875000000004","11227.590000000002","1863.5324999999998","0","788.7149999999999","1163.74125","25482.453750000004","10786.8375","11266.2525","1693.4174999999998","0","927.8999999999999","1221.735","25896.142499999998","10620.588749999997","10493.0025","1337.7224999999999","0","742.3199999999999","982.0275","24175.66125","0","0","0","0","0","0","0","0","0","0","0","0","0","0","0","0","0","0","0","0","0","10496.868749999998","11799.794999999998","1821.0037499999999","0","734.5875","1306.7925","26159.047500000008","10782.971250000002","11664.47625","1670.22","0","951.0975","1302.92625","26371.691250000003","10717.245","10929.88875","1252.6649999999997","0","773.25","947.23125","24620.280000000002","0","0","0","0","0","0","0","0","0","0","0","0","0","0","0","0","0","0","0","0","0","10798.436250000002","11915.782499999998","1759.1437499999997","0","773.25","1179.20625","26425.818750000006","10895.0925","11842.32375","1716.6149999999998","0","900.8362500000001","1349.32125","26704.18875000001","10164.37125","10276.492500000002","1275.8625000000002","0","838.97625","738.45375","23294.15625","0","0","0","0","0","0","0","0","0","0","0","0","0","0","0","0","0","0","0","0","0","10566.461249999998","11223.723750000001","1801.6724999999997","0","719.1225","1144.4099999999999","25455.390000000007","10786.837499999998","11521.425000000001","1619.95875","0","970.42875","1140.54375","26039.19375000001","10759.77375","11463.431250000003","1140.54375","0","796.4475","893.10375","25053.300000000014","0","0","0","0","0","0","0","0","0","0","0","0","0","0","0","0","0","0","0","0","0","10558.728750000002","11339.711250000004","1844.2012499999998","0","773.25","1198.5375","25714.428749999995","10767.50625","11757.26625","1534.90125","0","900.83625","1314.525","26275.035000000003","10636.053750000003","10682.44875","1318.39125","0","881.5050000000001","1009.09125","24527.48999999999","0","0","0","0","0","0","0","0","0","0","0","0","0","0","0","0","0","0","0","0","0","10620.588749999999","11505.960000000003","1801.6725000000001","0","750.0525","1194.6712499999999","25872.945000000003","11030.411250000001","11664.476249999996","1743.67875","0","943.365","1314.525","26696.45625000001","10508.4675","10844.831249999996","1372.51875","0","896.97","920.1675","24542.955","0","0","0","0","0","0","0","0","0","0","0","0","0","0","0","0","0","0","0","0","0","10883.493750000001","11660.610000000004","1805.5387500000002","0","719.1225","1159.875","26228.640000000003","11277.85125","11962.1775","1631.5575","0","958.8299999999999","1264.2637499999998","27094.68000000002","10728.843749999998","11173.462499999998","1190.805","0","827.3775","1063.21875","24983.707500000004","0","0","0","0","0","0","0","0","0","0","0","0","0","0","0","0","0","0","0","0","0","10504.60125","11563.953749999999","1859.66625","0","719.1225","1159.875","25807.21875000001","10960.81875","11741.801249999999","1693.4174999999998","0","947.23125","1322.2575000000002","26665.52625","10771.3725","11161.863749999993","1318.39125","0","873.7725","1128.945","25254.345","0","0","0","0","0","0","0","0","0","0","0","0","0","0","0","0","0","0","0","0","0","10388.61375","11007.213750000004","1848.0674999999999","0","757.785","1140.5437499999998","25142.22375","11347.443750000002","11641.27875","1627.6912499999999","0","877.63875","1268.13","26762.182499999995","10520.066249999998","11146.398749999998","1283.595","0","893.10375","777.11625","24620.280000000002","0","0","0","0","0","0","0","0","0","0","0","0","0","0","0","0","0","0","0","0","0","10384.7475","11100.00375","1882.86375","0","773.25","1206.27","25347.13499999999","10868.028750000001","11857.788750000003","1612.22625","0","881.5049999999999","1302.92625","26522.475","10813.901250000003","11277.851249999996","1248.79875","0","823.5112499999999","954.9637499999999","25119.02625000001","0","0","0","0","0","0","0","0","0","0","0","0","0","0","0","0","0","0","0","0","0","10682.448749999998","11436.367499999998","1755.2774999999997","0","757.785","1101.88125","25733.760000000002","10740.442500000005","11567.819999999996","1681.81875","0","935.6325","1287.46125","26213.174999999996","10879.627499999997","10608.990000000002","1353.1875","0","738.45375","966.5625","24546.821250000008","0","0","0","0","0","0","0","0","0","0","0","0","0","0","0","0","0","0","0","0","0","10377.015000000003","11768.865","1705.0162499999997","0","719.1225","1190.8049999999998","25760.823750000018","10651.518749999997","12000.840000000002","1670.22","0","924.03375","1384.1174999999998","26630.730000000007","10624.454999999996","11548.48875","1256.53125","0","734.5875000000001","1036.1550000000002","25200.217499999988","0","0","0","0","0","0","0","0","0","0","0","0","0","0","0","0","0","0","0","0","0","10342.218749999998","11455.698750000003","1894.4625","0","773.25","1152.1425","25617.772499999995","11119.334999999995","11594.88375","1739.8125","0","904.7025000000001","1287.46125","26646.195","10547.130000000001","10748.175","1337.7225","0","835.1099999999999","974.295","24442.43249999999","0","0","0","0","0","0","0","0","0","0","0","0","0","0","0","0","0","0","0","0","0","10713.378750000002","11447.966250000001","1770.7425","0","719.1225","1175.34","25826.550000000007","11026.544999999998","11857.788750000003","1751.4112499999999","0","989.76","1202.40375","26827.908750000017","10628.321249999999","11169.596249999999","1148.2762500000001","0","769.38375","908.5687499999999","24624.146249999994","0","0","0","0","0","0","0","0","0","0","0","0","0","0","0","0","0","0","0","0","0","10249.42875","11467.297500000002","1894.4625","0","750.0525","1109.61375","25470.855000000014","10995.615","11811.393750000003","1728.2137500000001","0","912.435","1171.4737499999999","26619.131250000017","10860.296250000001","10910.557499999999","1283.595","0","769.38375","1043.8874999999998","24867.720000000005","0","0","0","0","0","0","0","0","0","0","0","0","0","0","0","0","0","0","0","0","0","10821.63375","11718.603749999998","1809.4050000000002","0","742.3199999999999","1128.9449999999997","26220.9075","11339.71125","11563.953749999999","1643.15625","0","962.69625","1283.595","26793.11250000001","10400.212499999998","10844.831249999997","1210.13625","0","757.785","858.3075","24071.272499999995","0","0","0","0","0","0","0","0","0","0","0","0","0","0","0","0","0","0","0","0","0","10423.410000000002","11014.946250000003","1766.87625","0","773.25","1179.20625","25157.688750000012","10508.467500000002","11668.342500000002","1685.685","0","935.6324999999999","1314.525","26112.6525","10786.837499999998","10945.35375","1310.65875","0","746.18625","916.30125","24705.33749999999","0","0","0","0","0","0","0","0","0","0","0","0","0","0","0","0","0","0","0","0","0","10616.722500000003","11583.284999999998","1755.2775","0","750.0525","1125.07875","25830.416249999995","11092.271250000003","11714.737499999996","1596.76125","0","885.3712500000001","1140.54375","26429.684999999998","10384.7475","11192.793749999997","1271.99625","0","757.785","862.1737499999999","24469.496249999997","0","0","0","0","0","0","0","0","0","0","0","0","0","0","0","0","0","0","0","0","0"
,"10357.683750000004","11931.247500000001","1898.32875","0","742.3199999999999","1237.1999999999998","26166.780000000006","10558.728749999998","11447.96625","1604.4937499999999","0","954.9637499999999","1349.32125","25915.47375","10531.665","11107.736250000002","1345.455","0","808.04625","889.2375","24682.14","0","0","0","0","0","0","0","0","0","0","0","0","0","0","0","0","0","0","0","0","0","10639.919999999998","11362.90875","1805.5387499999997","0","765.5174999999999","1183.0725","25756.957500000004","10856.429999999997","11583.285","1763.0100000000002","0","842.8425","1318.39125","26363.95875000001","10253.294999999995","10674.716249999998","1237.1999999999998","0","684.32625","831.2437500000001","23680.781249999993","0","0","0","0","0","0","0","0","0","0","0","0","0","0","0","0","0","0","0","0","0","10458.206250000001","11359.042500000003","1936.99125","0","719.1225","1186.93875","25660.30125","11413.170000000002","11533.02375","1697.2837499999998","0","1024.55625","1233.33375","26901.36750000001","10346.084999999997","11428.634999999998","1241.06625","0","746.18625","920.1675","24682.140000000014","0","0","0","0","0","0","0","0","0","0","0","0","0","0","0","0","0","0","0","0","0","10732.710000000001","11262.38625","1774.6087499999999","0","773.25","1264.26375","25807.218749999993","11042.009999999997","11486.628750000002","1631.5575","0","947.23125","1279.72875","26387.156249999996","10589.658749999999","11173.462499999998","1349.32125","0","835.1100000000001","1063.21875","25010.771249999998","0","0","0","0","0","0","0","0","0","0","0","0","0","0","0","0","0","0","0","0","0","10589.658749999999","11536.890000000003","1898.3287500000001","0","742.3199999999999","1125.07875","25892.276250000017","10400.212500000001","11861.655","1639.29","0","927.8999999999999","1302.92625","26131.983750000003","9839.606250000003","11304.915","1237.2","0","835.11","873.7725","24090.603750000017","0","0","0","0","0","0","0","0","0","0","0","0","0","0","0","0","0","0","0","0","0","10535.531250000002","11548.488749999997","1728.21375","0","734.5875","1148.27625","25695.097500000007","10794.57","11065.207500000002","1755.2774999999997","0","916.30125","1337.7224999999999","25869.078749999997","10628.321249999997","11219.8575","1275.8625","0","808.04625","896.97","24829.05749999999","0","0","0","0","0","0","0","0","0","0","0","0","0","0","0","0","0","0","0","0","0","10833.232500000002","11703.138750000002","1790.07375","0","773.25","1183.0725","26282.76749999998","10400.212499999998","11784.329999999998","1550.36625","0","889.2375000000001","1175.3400000000001","25799.486249999998","10585.792500000001","11301.048750000002","1364.7862499999999","0","831.24375","1078.68375","25161.554999999997","0","0","0","0","0","0","0","0","0","0","0","0","0","0","0","0","0","0","0","0","0","10663.117500000002","11556.22125","1890.59625","0","757.785","1206.27","26073.989999999998","10817.7675","11734.068749999997","1705.0162500000001","0","943.3649999999999","1256.53125","26456.74875","10512.33375","11359.042499999996","1295.19375","0","811.9125","873.7725","24852.254999999997","0","0","0","0","0","0","0","0","0","0","0","0","0","0","0","0","0","0","0","0","0","10473.671250000001","11134.800000000003","1813.2712499999998","0","757.785","1194.6712499999999","25374.198749999996","11115.468750000002","11908.049999999997","1577.43","0","908.5687499999999","1194.6712499999999","26704.188749999994","11049.742500000002","11045.87625","1337.7225","0","804.1800000000001","1059.3525","25296.87374999999","0","0","0","0","0","0","0","0","0","0","0","0","0","0","0","0","0","0","0","0","0","10481.403750000001","11718.603749999995","1824.87","0","750.0525","1271.99625","26046.926249999993","10724.977499999999","11250.787499999999","1708.8825","0","958.8299999999999","1128.9450000000002","25772.422500000008","10682.448749999998","10458.206250000001","1275.8625000000002","0","765.5174999999999","920.1675","24102.202499999996","0","0","0","0","0","0","0","0","0","0","0","0","0","0","0","0","0","0","0","0","0","10319.02125","11695.406250000002","1851.93375","0","734.5875","1190.805","25791.75375000001","10628.32125","11691.539999999999","1701.1499999999999","0","947.23125","1310.65875","26278.901250000006","11014.946249999999","10794.57","1283.595","0","850.575","1036.155","24979.841250000005","0","0","0","0","0","0","0","0","0","0","0","0","0","0","0","0","0","0","0","0","0","10477.537500000002","11169.59625","1817.1375","0","742.3199999999999","1206.27","25412.86124999999","10987.8825","11602.616249999997","1693.4175","0","951.0975","1329.99","26565.003749999993","10508.4675","11107.736249999998","1275.8625","0","753.91875","1032.2887500000002","24678.273750000004","0","0","0","0","0","0","0","0","0","0","0","0","0","0","0","0","0","0","0","0","0","10249.428750000003","11413.170000000002","1859.66625","0","726.855","1136.6775","25385.797500000015","10918.290000000003","11768.865000000003","1743.67875","0","939.49875","1202.40375","26572.736249999994","10786.837499999998","10632.187499999998","1310.65875","0","726.855","831.24375","24287.78250000001","0","0","0","0","0","0","0","0","0","0","0","0","0","0","0","0","0","0","0","0","0","10786.837500000003","11587.15125","1728.21375","0","734.5875","1136.6775","25973.4675","10682.44875","11703.138749999998","1623.825","0","954.9637499999999","1113.48","26077.85625","10465.93875","10585.792499999996","1337.7224999999999","0","734.5875","982.0275","24106.06875","0","0","0","0","0","0","0","0","0","0","0","0","0","0","0","0","0","0","0","0","0","10697.913749999998","11397.704999999998","1875.13125","0","742.3199999999999","1237.1999999999998","25950.269999999993","10779.104999999998","11235.322499999997","1503.97125","0","943.365","1140.5437499999998","25602.307500000006","10674.716250000003","10918.289999999999","1167.6074999999998","0","854.4412500000001","989.76","24604.815000000002","0","0","0","0","0","0","0","0","0","0","0","0","0","0","0","0","0","0","0","0","0","10682.44875","11637.4125","1855.7999999999997","0","726.855","1229.4675","26131.983750000003","10593.525000000003","12020.17125","1600.6275","0","885.3712499999999","1175.3400000000001","26275.035000000007","10639.92","11011.08","1248.7987500000002","0","866.04","873.7725","24639.611250000005","0","0","0","0","0","0","0","0","0","0","0","0","0","0","0","0","0","0","0","0","0","10686.314999999999","11591.017500000004","1913.7937499999998","0","773.25","1241.06625","26205.442499999997","11034.2775","11803.661249999997","1735.94625","0","943.365","1202.40375","26719.653749999994","10616.722499999998","10728.843750000002","1322.2574999999997","0","842.8425","985.8937500000001","24496.560000000012","0","0","0","0","0","0","0","0","0","0","0","0","0","0","0","0","0","0","0","0","0","10570.327499999996","11304.914999999999","1797.8062499999999","0","765.5174999999999","1275.8625000000002","25714.428750000003","10829.366250000003","11834.591250000005","1650.88875","0","916.30125","1094.14875","26325.296250000003","10821.633749999997","10871.894999999999","1357.05375","0","927.9","985.8937500000001","24964.376249999998","0","0","0","0","0","0","0","0","0","0","0","0","0","0","0","0","0","0","0","0","0","10481.403750000003","11366.775000000005","1797.80625","0","726.855","1109.61375","25482.453750000004","10639.919999999998","11177.32875","1554.2324999999998","0","916.30125","1194.67125","25482.45374999999","10856.429999999997","10964.684999999996","1233.33375","0","835.1100000000001","970.4287499999999","24859.987499999992","0","0","0","0","0","0","0","0","0","0","0","0","0","0","0","0","0","0","0","0","0","10694.0475","11529.157500000001","1902.195","0","750.0525","1206.2699999999998","26081.72250000001","10926.022500000003","11092.271250000002","1747.545","0","866.04","1175.3400000000001","25807.21875000001","11312.6475","10918.29","1302.9262500000002","0","827.3775","958.83","25320.071250000008","0","0","0","0","0","0","0","0","0","0","0","0","0","0","0","0","0","0","0","0","0","10724.977499999997","11459.565","1821.0037499999999","0","757.785","1202.40375","25965.734999999993","10705.646250000003","11761.132500000002","1705.01625","0","962.69625","1260.3975","26394.888749999995","10632.187499999996","11239.18875","1310.6587499999998","0","784.8487499999999","1001.35875","24968.24250000001","0","0","0","0","0","0","0","0","0","0","0","0","0","0","0","0","0","0","0","0","0","10674.71625","11536.89","1863.5324999999998","0","750.0525","1113.48","25938.67124999999","11378.373750000002","11764.998749999999","1631.5575","0","866.0400000000001","1186.93875","26827.90875","10902.825000000003","11536.89","1237.1999999999998","0","773.25","1210.13625","25660.301250000004","0","0","0","0","0","0","0","0","0","0","0","0","0","0","0","0","0","0","0","0","0","10442.74125","11602.61625","1728.21375","0","742.3199999999999","1225.60125","25741.492500000008","10949.22","11788.196250000003","1674.0862499999998","0","939.49875","1268.1299999999999","26619.131250000013","10597.391250000002","11138.66625","1345.455","0","800.3137499999999","939.49875","24821.32500000001","0","0","0","0","0","0","0","0","0","0","0","0","0","0","0","0","0","0","0","0","0","10284.224999999999","11618.081250000001","1848.0675","0","734.5875","1252.665","25737.626250000005","11389.972500000002","11911.91625","1670.2199999999998","0","939.49875","1194.67125","27106.278749999998","10620.588749999999","11065.2075","1291.3275","0","877.6387500000001","1101.88125","24956.643749999992","0","0","0","0","0","0","0","0","0","0","0","0","0","0","0","0","0","0","0","0","0","10160.505000000001","11687.673750000004","1712.7487500000002","0","780.9825","1225.6012500000002","25567.511249999996","10956.952499999996","11938.98","1685.685","0","896.97","1214.0025","26692.59","10291.9575","10779.104999999998","1248.79875","0","769.38375","974.295","24063.539999999994","0","0","0","0","0","0","0","0","0","0","0","0","0","0","0","0","0","0","0","0","0","10728.84375","11111.6025","1836.46875","0","742.3199999999999","1244.9325","25664.167500000018","11196.660000000003","11447.966249999998","1650.88875","0","958.83","1210.13625","26464.481249999993","10678.582499999999","10717.244999999999","1183.0725","0","684.32625","1028.4225000000001","24291.648750000004","0","0","0","0","0","0","0","0","0","0","0","0","0","0","0","0","0","0","0","0","0","10597.39125","11915.782500000003","1770.7424999999996","0","742.3199999999999","1221.735","26247.971250000002","10400.2125","11641.278750000003","1720.4812499999998","0","831.2437500000001","1279.72875","25872.944999999992","10984.016249999997","11061.34125","1329.99","0","707.5237500000001","1020.69","25103.561249999988","0","0","0","0","0","0","0","0","0","0","0","0","0","0","0","0","0","0","0","0","0","10535.531249999996","10848.697499999998","1840.3349999999996","0","765.5174999999999","1028.4225000000001","25018.503749999985","10516.199999999997","12016.305","1724.3475","0","970.42875","1275.8625","26503.14375","11026.544999999998","11362.908749999995","1244.9325","0","777.11625","885.37125","25296.873749999995","0","0","0","0","0","0","0","0","0","0","0","0","0","0","0","0","0","0","0","0","0","10767.506249999997","11413.169999999998","1867.3987499999998","0","742.3199999999999","1159.875","25950.269999999997","11533.023750000002","11993.107499999998","1708.8825","0","935.6324999999999","1190.805","27361.45125000001","10926.022500000001","10798.436249999997","1318.39125","0","877.6387499999998","1063.21875","24983.707500000008","0","0","0","0","0","0","0","0","0","0","0","0","0","0","0","0","0","0","0","0","0","10798.43625","11301.048750000004","1677.9524999999999","0","788.7149999999999","1275.8625000000002","25842.014999999996","10446.607500000002","11618.081250000005","1716.615","0","954.9637499999999","1206.27","25942.537500000002","10547.13","10782.971250000002","1391.85","0","811.9125","858.3075","24392.171250000003","0","0","0","0","0","0","0","0","0","0","0","0","0","0","0","0","0","0","0","0","0","10628.321249999997","11440.23375","1886.73","0","750.0525","1171.47375","25876.81125","10937.621249999998","11598.750000000002","1604.49375","0","931.7662499999999","1156.00875","26228.64","10690.18125","10763.639999999998","1337.7224999999999","0","780.9825000000001","904.7025000000001","24477.228750000006","0","0","0","0","0","0","0","0","0","0","0","0","0","0","0","0","0","0","0","0","0","10670.85","11521.425000000001","1828.73625","0","734.5875","1268.13","26023.728750000002","10972.417500000001","11656.743750000005","1554.2325","0","866.04","1322.2575","26371.691249999996","10458.206249999997","11134.8","1283.5949999999998","0","842.8425","877.6387500000001","24597.082500000008","0","0","0","0","0","0","0","0","0","0","0","0","0","0","0","0","0","0","0","0","0","10748.175000000001","11490.495000000004","1774.6087499999999","0","734.5875","1144.41","25892.27625","10926.022499999997","11938.980000000001","1612.22625","0","881.505","1214.0025","26572.736250000005","10496.86875","10647.652499999998","1287.46125","0","765.5174999999999","1152.1425","24349.6425","0","0","0","0","0","0","0","0","0","0","0","0","0","0","0","0","0","0","0","0","0","10581.926249999999","12244.413750000002","1793.9399999999998","0","742.3199999999999","1136.6775","26499.27749999999","10639.919999999998","11196.66","1654.7549999999999","0","943.365","1225.60125","25660.301249999993","10883.493750000003","10837.09875","1310.6587499999998","0","823.51125","838.97625","24693.738749999997","0","0","0","0","0","0","0","0","0","0","0","0","0","0","0","0","0","0","0","0","0","10512.333750000002","11730.202500000001","1755.2775","0","757.785","1198.5375","25954.136250000007","11861.655000000006","11884.852499999999","1577.43","0","954.9637499999999","1186.93875","27465.840000000007","10585.792500000003","11266.252499999999","1225.60125","0","924.0337499999999","970.42875","24972.108749999996","0","0","0","0","0","0","0","0","0","0","0","0","0","0","0","0","0","0","0","0","0","10500.734999999997","11598.75","1890.59625","0","773.25","1121.2125","25884.54375","10813.901249999999","11911.91625","1608.36","0","916.30125","1279.72875","26530.207500000008","10964.684999999998","10581.926250000002","1206.27","0","808.0462500000001","927.9000000000001","24488.827500000007","0","0","0","0","0","0","0","0","0","0","0","0","0","0","0","0","0","0","0","0","0","10543.263749999998","11645.145","1778.475","0","773.25","1167.6074999999998","25907.74125","10442.74125","11892.585000000001","1705.01625","0","931.76625","1128.945","26101.05375","10585.792500000001","10833.2325","1349.32125","0","811.9125","997.4925000000001","24577.751249999994","0","0","0","0","0","0","0","0","0","0","0","0","0","0","0","0","0","0","0","0","0","10342.21875","11710.87125","1909.9274999999998","0","750.0525","1256.53125","25969.601249999996","10933.755","11591.017500000004","1716.6149999999998","0","947.23125","1105.7475","26294.366250000006","10763.64","10724.977499999999","1302.92625","0","796.4475","920.1675","24508.158750000002","0","0","0","0","0","0","0","0","0","0","0","0","0","0","0","0","0","0","0","0","0","10678.582500000002","11096.137499999999","1782.34125","0","780.9825","1210.13625","25548.18","10736.576249999998","11215.991250000001","1585.1624999999997","0","912.435","1449.84375","25900.00875000001","10651.518749999997","11157.997500000003","1221.735","0","784.8487500000001","862.17375","24678.27375","0","0","0","0","0","0","0","0","0","0","0","0","0","0","0","0","0","0","0","0","0","10612.856250000003","12120.69375","1824.87","0","750.0525","1202.40375","26510.876250000005","10895.092499999997","11884.852499999999","1647.0224999999998","0","835.1099999999999","1291.3274999999999","26553.404999999988","10910.557499999994","10929.888750000002","1283.5949999999998","0","788.7149999999999","943.365","24856.121249999997","0","0","0","0","0","0","0","0","0","0","0","0","0","0","0","0","0","0","0","0","0","10303.55625","11142.532500000001","1751.4112499999999","0","726.855","1163.74125","25088.096250000006","10755.907499999998","11347.443749999999","1693.4174999999998","0","900.83625","1364.7862499999999","26062.391249999997","11042.009999999998","10365.416249999998","1271.99625","0","877.6387500000001","954.96375","24512.024999999994","0","0","0","0","0","0","0","0","0","0","0","0","0","0","0","0","0","0","0","0","0","10906.691250000002","11339.71125","1848.0674999999999","0","757.785","1179.20625","26031.46125","10589.658749999999","11927.381250000004","1739.8125","0","877.63875","1275.8625","26410.353750000006","10299.689999999999","10574.19375","1291.3274999999999","0","746.18625","1109.61375","24021.011250000007","0","0","0","0","0","0","0","0","0","0","0","0","0","0","0","0","0","0","0","0","0","10415.677500000002","11664.476249999996","1867.3987499999998","0","757.785","1179.20625","25884.543749999993","10798.436249999997","12031.769999999999","1732.08","0","854.44125","1306.7925","26723.52","10477.5375","10628.321250000003","1291.3274999999999","0","780.9825000000001","931.76625","24109.935","0","0","0","0","0","0","0","0","0","0","0","0","0","0","0","0","0","0","0","0","0","10612.856249999999","11246.92125","1759.1437499999997","0","765.5174999999999","1210.13625","25594.574999999993","10752.04125","11718.603749999998","1647.0225","0","896.97","1125.0787500000001","26139.71625","10806.168749999999","10856.43","1376.385","0","873.7725","1005.225","24917.981249999997","0","0","0","0","0","0","0","0","0","0","0","0","0","0","0","0","0","0","0","0","0","9901.466250000001","11521.425000000001","2010.4499999999998","0","742.3199999999999","1229.4675000000002","25405.12875000001","11324.246249999998","11393.83875","1697.2837499999998","0","908.5687499999999","1353.1875","26677.125000000004","10752.041249999998","11169.596249999997","1283.595","0","796.4475","943.365","24945.045000000006","0","0","0","0","0","0","0","0","0","0","0","0","0","0","0","0","0","0","0","0","0","10535.531249999996","11459.564999999999","1875.1312500000001","0","765.5174999999999","1225.60125","25861.346250000002","10659.25125","12089.763750000002","1527.16875","0","896.97","1117.34625","26290.500000000004","10786.837500000003","10601.257499999998","1283.5949999999998","0","869.90625","954.96375","24496.56000000001","0","0","0","0","0","0","0","0","0","0","0","0","0","0","0","0","0","0","0","0","0","10593.524999999998","11571.68625","1739.8124999999998","0","780.9825","1175.34","25861.346250000002","11107.73625","12174.82125","1720.4812499999998","0","951.0975000000001","1229.4675000000002","27183.60375000001","10520.066249999998","10995.615000000003","1318.3912500000001","0","842.8425","993.62625","24670.541249999995","0","0","0","0","0","0","0","0","0","0","0","0","0","0","0","0","0","0","0","0","0","10593.525000000001","11447.966249999998","1778.475","0","742.3199999999999","1237.2","25799.486249999994","10763.640000000001","11563.95375","1581.2962499999999","0","935.6324999999999","1268.1299999999999","26112.652500000004","11243.054999999998","10875.761249999998","1264.2637499999998","0","634.065","916.30125","24933.446249999997","0","0","0","0","0","0","0","0","0","0","0","0","0","0","0","0","0","0","0","0","0","10396.34625","11273.985000000002","1917.6600000000003","0","726.855","1179.20625","25494.052500000005","10786.8375","11246.921249999998","1708.8825","0","904.7025","1210.13625","25857.479999999992","10705.646250000002","11436.367499999997","1310.6587499999998","0","827.3775","1040.02125","25320.071250000005","0","0","0","0","0","0","0","0","0","0","0","0","0","0","0","0","0","0","0","0","0","10701.78","11869.387500000004","1809.4049999999997","0","765.5174999999999","1121.2124999999999","26267.302500000013","10465.938750000001","11757.266249999999","1693.4175","0","835.11","1152.1425","25903.874999999993","10964.685","10910.557499999997","1271.99625","0","734.5875","970.42875","24852.255","0","0","0","0","0","0","0","0","0","0","0","0","0","0","0","0","0","0","0","0","0","10191.435000000001","11772.73125","1720.4812500000003","0","750.0525","1229.4675","25664.1675","10844.831250000001","11413.169999999995","1670.22","0","982.0275","1113.48","26023.72874999999","10597.39125","11042.010000000002","1264.26375","0","877.63875","1078.68375","24859.9875","0","0","0","0","0","0","0","0","0","0","0","0","0","0","0","0","0","0","0","0","0","11053.608750000001","11084.538750000002","1720.48125","0","780.9825","1159.8749999999998","25799.486249999994","10547.13","11618.081250000003","1689.55125","0","920.1675","1159.875","25934.805","10871.894999999999","10527.798750000004","1318.3912500000001","0","757.785","900.8362500000001","24376.706249999996","0","0","0","0","0","0","0","0","0","0","0","0","0","0","0","0","0","0","0","0","0","10694.047500000002","11819.126250000001","1851.93375","0","765.5174999999999","1156.00875","26286.63374999999","10759.773749999998","11695.40625","1705.01625","0","866.04","1329.99","26356.226250000014","10775.238749999999","11034.277499999997","1256.53125","0","966.5625","1024.55625","25057.16625000001","0","0","0","0","0","0","0","0","0","0","0","0","0","0","0","0","0","0","0","0","0","10508.467499999999","11567.820000000005","1770.7424999999998","0","780.9825","1117.3462499999998","25745.358750000003","10771.3725","11502.09375","1724.3474999999999","0","893.10375","1217.8687499999999","26108.786250000005","10500.734999999999","10570.327500000001","1326.12375","0","730.72125","1113.48","24241.387499999993","0","0","0","0","0","0","0","0","0","0","0","0","0","0","0","0","0","0","0","0","0","10605.12375","11243.055","1751.4112499999999","0","757.785","1237.1999999999998","25594.575","10377.015000000003","11652.877499999997","1581.2962499999999","0","958.8299999999999","1229.4675","25799.48625","10369.282500000003","10918.289999999999","1283.595","0","893.10375","1086.41625","24550.6875","0","0","0","0","0","0","0","0","0","0","0","0","0","0","0","0","0","0","0","0","0","10462.0725","11513.6925","1821.0037499999999","0","742.3199999999999","1225.60125","25764.689999999995","11045.876249999998","11757.266249999999","1720.48125","0","997.4924999999998","1183.0725","26704.18875","10311.288750000002","10825.500000000002","1345.4549999999997","0","808.04625","1028.4225000000001","24318.712499999994","0","0","0","0","0","0","0","0","0","0","0","0","0","0","0","0","0","0","0","0","0","10717.244999999999","11150.265000000003","1747.545","0","703.6575","1136.6775","25455.39","11173.462500000003","10949.22","1666.35375","0","993.62625","1167.6075","25950.269999999993","10972.417500000003","11169.596249999999","1357.0537499999998","0","854.4412500000001","954.96375","25308.472499999993","0","0","0","0","0","0","0","0","0","0","0","0","0","0","0","0","0","0","0","0","0","10578.06","11672.20875","1790.07375","0","719.1225","1105.7475","25865.212499999998","10411.81125","11571.686249999997","1619.9587499999998","0","924.0337499999999","1159.875","25687.365","10431.1425","11378.37375","1299.06","0","908.56875","912.4350000000001","24929.58","0","0","0","0","0","0","0","0","0","0","0","0","0","0","0","0","0","0","0","0","0","10547.13","11850.05625","1840.335","0","742.3199999999999","1121.2125","26101.053750000003","10825.5","11915.782500000001","1647.0225","0","877.63875","1310.65875","26576.602499999997","10929.888749999998","10864.1625","1186.9387499999998","0","858.3075000000001","1051.62","24890.9175","0","0","0","0","0","0","0","0","0","0","0","0","0","0","0","0","0","0","0","0","0","10752.041250000002","11505.960000000006","1708.8825","0","765.5174999999999","1237.1999999999998","25969.601250000003","10724.977499999997","11420.9025","1732.08","0","931.7662499999999","1214.0025","26023.728749999995","10616.722500000003","11285.583749999998","1264.26375","0","796.4475","885.3712499999999","24848.38875","0","0","0","0","0","0","0","0","0","0","0","0","0","0","0","0","0","0","0","0","0","10462.072500000002","11428.634999999998","1763.01","0","742.3199999999999","1264.26375","25660.30125","11007.213750000003","11494.361250000002","1778.4749999999997","0","924.0337499999998","1225.60125","26429.685000000005","10728.84375","10933.754999999997","1302.92625","0","784.8487500000001","1009.0912500000002","24759.465000000004","0","0","0","0","0","0","0","0","0","0","0","0","0","0","0","0","0","0","0","0","0","10771.372500000001","11478.896250000003","1801.6725000000001","0","726.855","1125.07875","25903.87500000001","10581.926249999999","12089.763750000004","1759.14375","0","904.7025000000001","1183.0725","26518.608749999985","10686.315","11389.972499999998","1283.595","0","811.9124999999999","1036.155","25207.950000000004","0","0","0","0","0","0","0","0","0","0","0","0","0","0","0","0","0","0","0","0","0","10597.391249999995","10956.952500000001","1948.59","0","726.855","1275.8625","25505.651249999988","11007.21375","11695.40625","1639.29","0","947.23125","1090.2825","26379.423750000005","10601.2575","10601.2575","1256.5312499999998","0","819.645","997.4925000000001","24276.183749999986","0","0","0","0","0","0","0","0","0","0","0","0","0","0","0","0","0","0","0","0","0","10902.825","11668.342500000002","1759.14375","0","757.785","1105.7475","26193.84375","10833.2325","11652.877500000002","1677.9524999999999","0","877.6387499999998","1283.5949999999998","26325.29624999999","10953.08625","10844.83125","1345.455","0","800.31375","958.8299999999999","24902.516249999997","0","0","0","0","0","0","0","0","0","0","0","0","0","0","0","0","0","0","0","0","0","10643.78625","11618.081250000001","1836.46875","0","750.0525","1125.07875","25973.46750000001","10245.5625","11962.177499999998","1689.5512499999998","0","943.365","1252.665","26093.321249999994","10759.773750000004","10929.888749999996","1357.0537499999998","0","827.3775","1159.875","25033.96875","0","0","0","0","0","0","0","0","0","0","0","0","0","0","0","0","0","0","0","0","0","10639.920000000002","11691.539999999997","1716.6149999999998","0","757.785","1217.8687499999999","26023.72875","10949.220000000001","11683.807499999997","1681.81875","0","866.04","1156.00875","26336.895000000008","10744.308750000002","10543.263750000002","1283.595","0","831.2437499999999","1040.02125","24442.432499999995","0","0","0","0","0","0","0","0","0","0","0","0","0","0","0","0","0","0","0","0","0","10821.633749999999","11409.303749999997","1851.93375","0","719.1225","1186.9387499999998","25988.932499999995","10833.2325","11850.056249999998","1616.0925","0","904.7025000000001","1364.7862499999999","26568.869999999995","10319.021249999998","10879.627500000002","1229.4675","0","854.4412499999999","924.03375","24206.591249999998","0","0","0","0","0","0","0","0","0","0","0","0","0","0","0","0","0","0","0","0","0","11018.812499999998","11927.38125","1813.27125","0","742.3199999999999","1194.6712499999999","26696.456249999985","10686.315","12132.2925","1674.0862499999998","0","900.8362499999998","1248.7987500000002","26642.328749999997","10404.07875","10964.684999999996","1364.7862499999999","0","846.70875","939.49875","24519.757499999992","0","0","0","0","0","0","0","0","0","0","0","0","0","0","0","0","0","0","0","0","0","10674.716250000003","11672.208750000003","1821.00375","0","742.3199999999999","1190.805","26101.05375000001","10945.353750000006","11409.30375","1662.4875","0","904.7024999999999","1268.13","26189.97750000002","11150.265","11030.411250000001","1302.92625","0","850.575","931.7662499999999","25265.943749999995","0","0","0","0","0","0","0","0","0","0","0","0","0","0","0","0","0","0","0","0","0","10632.187500000004","11397.705000000002","1906.06125","0","750.0525","1210.13625","25896.142500000005","11409.30375","11428.635","1623.825","0","935.6324999999999","1283.5949999999998","26680.99125","10782.97125","10786.8375","1264.26375","0","838.9762500000002","997.4925000000001","24670.54125","0","0","0","0","0","0","0","0","0","0","0","0","0","0","0","0","0","0","0","0","0","10543.26375","11335.845000000003","1716.6149999999998","0","773.25","1186.93875","25555.9125","10775.238749999999","11660.61","1623.825","0","881.505","1299.06","26240.238750000008","10972.4175","11038.143749999996","1248.7987500000002","0","850.575","881.5050000000001","24991.440000000006","0","0","0","0","0","0","0","0","0","0","0","0","0","0","0","0","0","0","0","0","0","10291.957500000002","11459.565","1828.73625","0","703.6575","1175.34","25459.256250000006","10713.378749999998","11177.328749999999","1693.4174999999998","0","927.8999999999999","1256.53125","25768.55625","10504.601249999996","10632.187499999998","1217.86875","0","780.9825000000001","943.365","24079.00499999999","0","0","0","0","0","0","0","0","0","0","0","0","0","0","0","0","0","0","0","0","0","10585.792500000003","11815.26","1855.8","0","773.25","1109.61375","26139.716250000005","11254.653750000001","11351.309999999998","1681.8187500000001","0","931.7662499999999","1403.44875","26622.997499999987","10593.525000000003","11192.793749999999","1329.9899999999998","0","773.25","1016.82375","24906.38249999999","0","0","0","0","0","0","0","0","0","0","0","0","0","0","0","0","0","0","0","0","0","10338.3525","11436.367499999998","1747.545","0","765.5174999999999","1206.27","25494.052500000005","11563.953750000002","11614.214999999997","1550.36625","0","927.9000000000001","1248.79875","26905.23375","10384.747500000001","10984.016249999999","1310.6587499999998","0","819.645","1043.8875","24542.95499999999","0","0","0","0","0","0","0","0","0","0","0","0","0","0","0","0","0","0","0","0","0","10373.148749999998","11513.6925","1697.2837499999998","0","750.0525","1198.5375","25532.714999999997","10438.875","12136.158749999999","1759.1437499999997","0","985.89375","1237.2","26557.27125","11038.143750000001","11003.347500000003","1310.6587499999998","0","726.855","1206.27","25285.27500000001","0","0","0","0","0","0","0","0","0","0","0","0","0","0","0","0","0","0","0","0","0","10632.1875","11776.597499999996","1735.94625","0","742.3199999999999","1121.2125","26008.263749999995","11254.653750000001","11629.68","1558.0987499999999","0","943.365","1194.6712499999999","26580.468749999996","10864.1625","10929.88875","1279.72875","0","850.575","889.2375000000001","24813.592500000002","0","0","0","0","0","0","0","0","0","0","0","0","0","0","0","0","0","0","0","0","0","10995.615000000002","10636.053749999997","1797.8062499999999","0","757.785","1167.6075","25354.867500000008","10496.868749999998","11475.030000000002","1681.81875","0","889.2375","1175.34","25718.295000000002","10705.646249999998","10968.55125","1329.99","0","823.51125","970.42875","24798.12749999999","0","0","0","0","0","0","0","0","0","0","0","0","0","0","0","0","0","0","0","0","0","10771.372500000001","11359.042500000005","1824.87","0","742.3199999999999","1159.875","25857.48","10987.882500000002","12062.699999999995","1685.685","0","908.5687499999999","1210.13625","26854.97250000001","10647.652499999997","10697.91375","1357.05375","0","827.3775","954.96375","24484.961249999993","0","0","0","0","0","0","0","0","0","0","0","0","0","0","0","0","0","0","0","0","0","10968.55125","11405.4375","1917.6599999999999","0","773.25","1183.0725","26247.97124999999","10655.385","11614.214999999997","1647.0225","0","889.2375000000001","1387.9837499999999","26193.843749999996","10315.155","11246.92125","1295.19375","0","746.18625","947.2312499999999","24550.6875","0","0","0","0","0","0","0","0","0","0","0","0","0","0","0","0","0","0","0","0","0","10593.525","11467.297500000002","1898.3287499999997","0","780.9825","1241.06625","25981.2","11173.4625","11258.520000000002","1716.6149999999998","0","974.295","1465.3087500000001","26588.20125000001","10388.613749999997","11347.44375","1310.6587499999998","0","873.7725","858.3075","24778.79625","0","0","0","0","0","0","0","0","0","0","0","0","0","0","0","0","0","0","0","0","0","10628.32125","11076.806250000001","1886.7299999999998","0","742.3199999999999","1202.40375","25536.58125","10346.085","11776.597500000002","1666.3537500000002","0","924.03375","1171.47375","25884.54375","10523.9325","10686.315","1268.1299999999999","0","750.0525","1086.41625","24314.846250000002","0","0","0","0","0","0","0","0","0","0","0","0","0","0","0","0","0","0","0","0","0","10458.206249999996","11563.95375","1844.20125","0","719.1225","1217.86875","25803.352500000005","10755.907500000005","11652.877499999999","1708.8824999999997","0","954.96375","1179.2062500000002","26251.837499999998","10295.82375","10767.506249999999","1364.7862499999999","0","823.51125","1090.2825","24341.909999999993","0","0","0","0","0","0","0","0","0","0","0","0","0","0","0","0","0","0","0","0","0","10249.428750000001","11691.540000000003","1786.2074999999998","0","719.1225","1024.55625","25470.854999999992","10748.175","11393.838749999999","1631.5575","0","908.5687499999999","1051.6200000000001","25733.760000000006","10044.517500000002","11142.532500000001","1357.0537499999998","0","742.3199999999999","1009.09125","24295.515","0","0","0","0","0","0","0","0","0","0","0","0","0","0","0","0","0","0","0","0","0","10477.537500000002","11386.10625","1809.405","0","773.25","1140.54375","25586.842499999984","10535.53125","11583.285000000002","1685.685","0","869.90625","1314.525","25988.93249999999","10605.12375","10875.761249999996","1302.92625","0","707.5237500000001","1047.7537499999999","24539.088750000003","0","0","0","0","0","0","0","0","0","0","0","0","0","0","0","0","0","0","0","0","0","10678.5825","11745.667500000001","1821.00375","0","711.39","1206.27","26162.91374999999","11266.252499999999","11594.88375","1735.9462499999997","0","989.76","1233.33375","26820.17625","10736.57625","11185.061249999999","1322.2575","0","819.645","1109.61375","25173.153749999994","0","0","0","0","0","0","0","0","0","0","0","0","0","0","0","0","0","0","0","0","0","10647.652499999998","11447.96625","1747.545","0","726.855","1237.2","25807.218750000004","10864.162499999997","11969.910000000002","1701.15","0","893.10375","1252.665","26680.991249999992","10566.461249999998","11320.379999999996","1194.6712499999999","0","866.04","889.2375","24836.789999999997","0","0","0","0","0","0","0","0","0","0","0","0","0","0","0","0","0","0","0","0","0","10435.00875","11707.005","1809.4049999999997","0","719.1225","1163.74125","25834.282499999998","10941.4875","12348.802499999998","1720.4812499999998","0","978.16125","1194.67125","27183.603750000002","11409.303750000003","11150.265000000003","1256.53125","0","753.91875","931.76625","25501.784999999996","0","0","0","0","0","0","0","0","0","0","0","0","0","0","0","0","0","0","0","0","0","10736.576250000002","10864.162500000002","1840.335","0","765.5174999999999","1198.5375","25405.128750000003","10941.487500000001","12143.891250000004","1650.8887499999998","0","943.365","1376.3850000000002","27056.01749999999","10771.3725","10976.283750000002","1299.06","0","927.8999999999999","1101.8812500000001","25076.497499999987","0","0","0","0","0","0","0","0","0","0","0","0","0","0","0","0","0","0","0","0","0","10253.294999999998","11250.787500000006","1801.6725000000001","0","757.785","1186.93875","25250.478750000006","10837.098749999996","11475.029999999999","1720.4812499999998","0","935.6324999999999","1183.0725000000002","26151.315","10694.047499999997","11270.118749999996","1163.74125","0","850.575","815.77875","24794.26125000001","0","0","0","0","0","0","0","0","0","0","0","0","0","0","0","0","0","0","0","0","0","10655.384999999995","11637.412499999999","1732.08","0","742.3199999999999","1233.33375","26000.53124999999","11204.392499999996","11316.513750000006","1604.49375","0","877.63875","1287.46125","26290.5","10388.613749999999","10767.506249999999","1244.9325","0","719.1225000000001","951.0975","24071.2725","0","0","0","0","0","0","0","0","0","0","0","0","0","0","0","0","0","0","0","0","0","10558.728749999997","11382.24","1701.1500000000003","0","788.7149999999999","1179.2062500000002","25610.039999999997","10786.8375","11749.53375","1674.08625","0","893.10375","1167.6075","26271.168750000004","10987.8825","11552.355","1322.2575","0","811.9124999999999","1132.81125","25807.21875","0","0","0","0","0","0","0","0","0","0","0","0","0","0","0","0","0","0","0","0","0","10670.850000000002","11652.8775","1739.8125","0","773.25","1256.53125","26093.321250000005","11076.806249999996","11811.393750000001","1701.1499999999999","0","896.9699999999999","1256.53125","26742.851250000003","10117.97625","11254.653749999998","1264.26375","0","811.9125","1043.8874999999998","24492.69375000001","0","0","0","0","0","0","0","0","0","0","0","0","0","0","0","0","0","0","0","0","0","10574.193750000004","11378.373749999999","1859.6662499999998","0","773.25","1117.34625","25702.829999999998","10001.988750000002","12163.222499999998","1720.48125","0","877.6387500000001","1221.7350000000001","25985.06625","10663.1175","10906.691249999998","1283.5949999999998","0","804.18","869.90625","24527.49","0","0","0","0","0","0","0","0","0","0","0","0","0","0","0","0","0","0","0","0","0","10485.270000000002","11563.95375","1813.27125","0","765.5174999999999","1156.00875","25784.021249999994","10663.117499999998","11683.807499999997","1604.4937499999999","0","889.2375","1283.5949999999998","26124.251250000012","10767.506250000004","10628.321249999994","1221.7350000000001","0","750.0525","1059.3525","24426.967500000013","0","0","0","0","0","0","0","0","0","0","0","0","0","0","0","0","0","0","0","0","0","10496.86875","11409.303749999997","1867.39875","0","719.1225","1078.6837500000001","25571.377499999995","10782.971249999995","11223.72375","1685.685","0","939.49875","1214.0025","25845.88125","10407.945","11579.41875","1221.7350000000001","0","780.9825000000001","900.83625","24890.917500000003","0","0","0","0","0","0","0","0","0","0","0","0","0","0","0","0","0","0","0","0","0","10775.238749999997","11571.686249999999","1848.0674999999999","0","734.5875","1264.26375","26193.84375000001","11092.271249999998","11034.2775","1592.895","0","908.5687499999999","1179.20625","25807.218750000015","10589.65875","10929.888750000002","1183.0724999999998","0","765.5174999999999","1121.2125","24589.350000000002","0","0","0","0","0","0","0","0","0","0","0","0","0","0","0","0","0","0","0","0","0","10315.154999999999","11444.099999999997","1763.01","0","726.855","1171.4737499999999","25420.593749999993","10717.244999999999","11374.507500000003","1677.9524999999999","0","931.7662499999999","1152.1425","25853.613750000004","10431.1425","10357.683749999997","1329.9899999999998","0","877.6387500000001","1016.82375","24013.278750000005","0","0","0","0","0","0","0","0","0","0","0","0","0","0","0","0","0","0","0","0","0","10435.00875","11123.20125","1790.07375","0","750.0525","1086.41625","25184.7525","10713.37875","11478.896249999998","1705.0162500000001","0","970.42875","1306.7925","26174.512500000004","10817.767500000004","10701.78","1299.06","0","800.31375","1082.55","24701.471249999995","0","0","0","0","0","0","0","0","0","0","0","0","0","0","0","0","0","0","0","0","0","10578.06","11355.17625","1844.2012499999998","0","765.5174999999999","1268.13","25811.084999999992","10926.022499999997","11703.138750000002","1550.3662499999998","0","916.30125","1190.805","26286.63375","11119.335000000001","10902.825000000003","1291.3274999999999","0","873.7725","1082.55","25269.810000000016","0","0","0","0","0","0","0","0","0","0","0","0","0","0","0","0","0","0","0","0","0","10322.887500000003","11424.768750000005","1848.0675","0","780.9825","1098.015","25474.72125","11026.545","12082.031250000002","1554.2325","0","935.6324999999999","1144.4099999999999","26742.851250000007","10852.563750000001","11084.53875","1241.06625","0","808.04625","943.365","24929.579999999998","0","0","0","0","0","0","0","0","0","0","0","0","0","0","0","0","0","0","0","0","0"
,"10407.945","11529.157500000001","1878.9975","0","742.3199999999999","1132.81125","25691.23124999999","10593.524999999998","11784.330000000004","1596.76125","0","951.0975","1198.5375","26124.251249999994","11096.137499999997","11212.125","1295.19375","0","808.0462499999999","1051.62","25463.122500000005","0","0","0","0","0","0","0","0","0","0","0","0","0","0","0","0","0","0","0","0","0","10550.996250000002","11297.1825","1805.5387500000002","0","742.3199999999999","1113.48","25509.517499999994","10960.818750000002","11428.634999999998","1670.2199999999998","0","916.30125","1368.6525","26344.627499999995","10713.378749999998","10898.95875","1329.99","0","769.38375","993.6262499999999","24705.337499999998","0","0","0","0","0","0","0","0","0","0","0","0","0","0","0","0","0","0","0","0","0","10670.85","11382.240000000005","1824.87","0","742.3199999999999","1206.27","25826.55","11243.055000000002","11061.341250000001","1631.5575000000001","0","989.76","1302.92625","26228.640000000003","10717.245000000003","11181.194999999998","1318.39125","0","850.575","1028.4225","25095.828749999993","0","0","0","0","0","0","0","0","0","0","0","0","0","0","0","0","0","0","0","0","0","10473.67125","11819.12625","1894.4624999999999","0","750.0525","1252.665","26189.9775","10639.919999999998","11080.672499999997","1635.4237499999997","0","900.8362500000001","1271.9962500000001","25528.848750000005","10411.81125","11053.608749999998","1244.9325","0","896.97","943.3649999999999","24550.687500000004","0","0","0","0","0","0","0","0","0","0","0","0","0","0","0","0","0","0","0","0","0","10493.0025","11014.94625","1867.39875","0","750.0525","1070.95125","25196.351250000007","10574.193749999999","11498.227499999997","1612.2262500000002","0","908.5687499999999","1206.27","25799.486250000005","10864.1625","10585.792499999998","1372.51875","0","765.5174999999999","1113.48","24701.47125","0","0","0","0","0","0","0","0","0","0","0","0","0","0","0","0","0","0","0","0","0","10493.002500000002","10972.417500000001","1755.2775","0","750.0525","1237.1999999999998","25207.950000000008","10922.156249999996","11409.30375","1716.6149999999998","0","924.03375","1198.5375","26170.646249999987","10666.983750000001","11142.532499999996","1337.7224999999999","0","734.5875","920.1675","24801.993750000005","0","0","0","0","0","0","0","0","0","0","0","0","0","0","0","0","0","0","0","0","0","10307.422500000002","11447.966250000001","1882.86375","0","726.855","1268.1299999999999","25633.237500000003","10674.716250000001","11459.565000000002","1712.74875","0","989.76","1090.2825","25927.0725","10264.893750000001","10914.423749999998","1391.85","0","808.04625","962.6962500000001","24341.90999999999","0","0","0","0","0","0","0","0","0","0","0","0","0","0","0","0","0","0","0","0","0","10779.104999999996","11517.55875","1824.87","0","750.0525","1113.48","25985.066250000007","10786.837500000003","11428.634999999998","1635.42375","0","935.6324999999999","1171.47375","25958.0025","10697.91375","11146.398749999997","1337.7224999999999","0","873.7725","920.1674999999999","24975.975","0","0","0","0","0","0","0","0","0","0","0","0","0","0","0","0","0","0","0","0","0","10686.315000000002","11826.858750000001","1786.2074999999998","0","742.3199999999999","1163.74125","26205.4425","11038.143749999997","11861.654999999999","1685.685","0","939.49875","1252.665","26777.6475","10670.85","11142.532499999998","1244.9325000000001","0","869.90625","974.2950000000001","24902.51624999999","0","0","0","0","0","0","0","0","0","0","0","0","0","0","0","0","0","0","0","0","0","10697.91375","11583.284999999998","1724.3474999999996","0","734.5875","1217.8687499999999","25958.00250000002","10782.97125","11676.074999999997","1697.28375","0","908.5687499999999","1183.0725","26247.971250000002","10887.36","10578.060000000001","1229.4675","0","788.7149999999999","1036.155","24519.7575","0","0","0","0","0","0","0","0","0","0","0","0","0","0","0","0","0","0","0","0","0","10636.053750000001","11076.806249999998","1743.67875","0","726.855","1198.5375","25381.93125","10705.646250000002","11386.106249999997","1724.3474999999999","0","924.03375","1329.99","26070.123750000002","10697.91375","11103.869999999999","1221.735","0","722.98875","862.17375","24608.68124999999","0","0","0","0","0","0","0","0","0","0","0","0","0","0","0","0","0","0","0","0","0","10508.467499999997","11277.85125","1867.3987500000003","0","726.855","1059.3525","25439.924999999996","10918.289999999997","11533.02375","1631.5575","0","935.6324999999999","1237.2","26255.703749999997","10721.111250000002","10786.837499999998","1302.92625","0","800.31375","1040.02125","24651.209999999992","0","0","0","0","0","0","0","0","0","0","0","0","0","0","0","0","0","0","0","0","0","10481.403749999998","11177.328749999999","1732.0800000000004","0","780.9825","1183.0725","25354.8675","10759.77375","11923.515","1677.9524999999999","0","885.37125","1221.735","26468.34749999998","10566.461250000004","10523.9325","1337.7224999999999","0","788.715","1136.6775","24353.508749999994","0","0","0","0","0","0","0","0","0","0","0","0","0","0","0","0","0","0","0","0","0","10574.193749999997","11486.628749999996","1724.3475","0","765.5174999999999","1156.00875","25706.696249999994","10840.965000000002","11846.19","1751.41125","0","900.83625","1275.8625000000002","26615.264999999996","10566.461249999998","11277.851249999998","1357.05375","0","699.79125","912.4350000000001","24813.5925","0","0","0","0","0","0","0","0","0","0","0","0","0","0","0","0","0","0","0","0","0","10593.525","11687.673749999998","1813.2712499999998","0","750.0525","1140.54375","25985.066250000003","10655.385","11915.782499999998","1697.28375","0","869.90625","1318.39125","26456.74875","10636.05375","11173.4625","1194.6712499999999","0","889.2375","854.44125","24747.86625000001","0","0","0","0","0","0","0","0","0","0","0","0","0","0","0","0","0","0","0","0","0","10160.505000000001","11451.832500000002","1890.59625","0","695.925","1136.6775","25335.536250000012","10311.28875","11602.61625","1577.4299999999998","0","1024.55625","1360.9199999999998","25876.811250000002","10531.664999999999","11544.6225","1345.455","0","742.32","974.2950000000001","25138.357499999995","0","0","0","0","0","0","0","0","0","0","0","0","0","0","0","0","0","0","0","0","0","10643.786250000001","11633.546250000003","1697.28375","0","773.25","1175.34","25923.206250000003","10690.181249999996","11482.762500000003","1612.22625","0","958.8299999999999","1190.8049999999998","25934.805","10396.346249999999","10868.02875","1283.5949999999998","0","889.2375000000001","811.9125","24249.119999999988","0","0","0","0","0","0","0","0","0","0","0","0","0","0","0","0","0","0","0","0","0","10233.963749999999","11154.131250000002","1793.9399999999998","0","719.1225","1217.8687499999999","25119.026250000006","11042.009999999998","11587.151250000003","1639.29","0","827.3775","1353.1875","26449.016249999997","11138.66625","10980.150000000001","1376.385","0","726.855","854.44125","25076.497500000005","0","0","0","0","0","0","0","0","0","0","0","0","0","0","0","0","0","0","0","0","0","10732.71","11351.310000000003","1809.405","0","750.0525","1109.61375","25753.091250000005","10953.086249999998","11861.655000000002","1674.0862499999998","0","943.365","1198.5375","26630.730000000007","10674.716250000001","10926.0225","1322.2574999999997","0","885.3712499999999","862.17375","24670.541250000002","0","0","0","0","0","0","0","0","0","0","0","0","0","0","0","0","0","0","0","0","0","10833.2325","11177.328750000002","1770.7424999999998","0","750.0525","1171.4737499999999","25702.830000000005","10767.506250000002","11502.093750000002","1735.94625","0","881.505","1237.2","26124.25124999999","10860.296250000001","10145.040000000003","1337.7224999999999","0","850.575","1067.085","24260.718750000004","0","0","0","0","0","0","0","0","0","0","0","0","0","0","0","0","0","0","0","0","0","10384.747500000001","11362.908750000002","1755.2775","0","719.1225","1136.6775","25358.733749999985","10670.850000000004","12194.152500000002","1728.21375","0","920.1675","1279.72875","26793.112499999996","10218.49875","10910.5575","1299.0600000000002","0","780.9825","1063.21875","24272.317499999997","0","0","0","0","0","0","0","0","0","0","0","0","0","0","0","0","0","0","0","0","0","10516.2","11857.788750000002","1809.4049999999997","0","780.9825","1132.8112499999997","26097.187499999993","11359.042500000001","11873.253749999998","1693.4175","0","869.90625","1117.34625","26912.96625000001","10504.601250000002","10713.37875","1329.99","0","854.4412500000001","943.365","24345.77625000001","0","0","0","0","0","0","0","0","0","0","0","0","0","0","0","0","0","0","0","0","0","10404.078749999999","11243.054999999998","1867.3987499999998","0","765.5174999999999","1206.27","25486.320000000003","10953.086249999998","11652.877499999999","1612.22625","0","889.2375","1117.34625","26224.773750000004","10868.028750000001","10833.2325","1337.7224999999999","0","757.785","1012.9575","24809.726250000003","0","0","0","0","0","0","0","0","0","0","0","0","0","0","0","0","0","0","0","0","0","10419.54375","11536.89","1650.8887499999998","0","742.3199999999999","1225.6012500000002","25575.24375","10945.353749999998","11981.508749999999","1612.22625","0","881.5049999999999","1206.27","26626.863750000004","11053.608750000003","11432.501250000001","1268.1299999999999","0","746.18625","1024.55625","25524.982500000006","0","0","0","0","0","0","0","0","0","0","0","0","0","0","0","0","0","0","0","0","0","10450.473750000001","11397.704999999998","1875.13125","0","750.0525","1101.88125","25575.243749999998","10721.111249999998","11834.591249999996","1763.0099999999998","0","935.6324999999999","1186.9387499999998","26441.283750000002","10953.086249999998","11254.65375","1210.13625","0","792.58125","1090.2825","25300.73999999999","0","0","0","0","0","0","0","0","0","0","0","0","0","0","0","0","0","0","0","0","0","10632.187499999998","11486.628749999998","1778.475","0","726.855","1148.27625","25772.422500000004","10755.9075","11923.515","1619.9587499999998","0","935.6324999999999","1275.8625","26510.87624999999","10995.615","10493.0025","1329.99","0","788.7149999999999","916.30125","24523.623750000002","0","0","0","0","0","0","0","0","0","0","0","0","0","0","0","0","0","0","0","0","0","10624.455","11270.118750000005","1821.0037499999999","0","750.0525","1101.8812500000001","25567.51125","11146.398749999998","11869.387499999999","1674.0862499999998","0","835.1099999999999","1113.48","26638.46249999999","10415.677500000003","10636.05375","1357.0537499999998","0","746.18625","1028.4225000000001","24183.393749999996","0","0","0","0","0","0","0","0","0","0","0","0","0","0","0","0","0","0","0","0","0","10454.340000000002","10972.417500000003","1805.53875","0","734.5875","1163.74125","25130.62500000002","10690.181250000007","11784.330000000002","1739.8125","0","885.3712499999999","1264.26375","26363.958750000013","10570.327499999994","10852.563750000001","1337.7225","0","784.8487500000001","885.3712499999999","24430.833750000005","0","0","0","0","0","0","0","0","0","0","0","0","0","0","0","0","0","0","0","0","0","10411.811249999999","11533.023749999998","1863.5324999999998","0","773.25","1167.6074999999998","25749.225000000006","11130.93375","11389.972499999996","1643.1562499999998","0","974.2950000000001","1163.74125","26302.098749999994","10709.512500000003","10744.308750000002","1264.2637499999998","0","796.4475","862.1737499999999","24376.706250000003","0","0","0","0","0","0","0","0","0","0","0","0","0","0","0","0","0","0","0","0","0","10651.51875","11026.544999999998","1817.1374999999998","0","750.0525","1101.88125","25347.135000000013","11359.042499999998","11548.488749999999","1689.5512499999998","0","962.69625","1233.33375","26793.112500000014","11045.876249999998","10493.0025","1175.34","0","819.645","1059.3525000000002","24593.21625","0","0","0","0","0","0","0","0","0","0","0","0","0","0","0","0","0","0","0","0","0","10288.091250000003","11563.953750000002","1685.685","0","742.3199999999999","1113.4799999999998","25393.530000000013","10697.91375","11328.112499999997","1732.0799999999997","0","958.83","1128.9450000000002","25845.88125","10148.906249999998","11103.87","1329.9899999999998","0","943.365","1140.5437499999998","24666.674999999992","0","0","0","0","0","0","0","0","0","0","0","0","0","0","0","0","0","0","0","0","0","10624.454999999996","11316.51375","1755.2775","0","757.785","1094.1487499999998","25548.18000000001","10496.868750000003","11761.1325","1635.4237499999997","0","889.2375","1248.79875","26031.46125000001","10898.958750000002","11243.055","1229.4675","0","811.9124999999999","908.5687500000001","25091.962500000005","0","0","0","0","0","0","0","0","0","0","0","0","0","0","0","0","0","0","0","0","0","10701.78","11915.782499999998","1929.25875","0","780.9825","1206.27","26534.073749999996","11154.131250000002","11691.539999999999","1677.9524999999999","0","997.4925","1271.9962500000001","26793.112500000003","10632.1875","10910.557499999997","1318.39125","0","815.77875","1016.82375","24693.738750000004","0","0","0","0","0","0","0","0","0","0","0","0","0","0","0","0","0","0","0","0","0","10574.193750000002","11846.189999999999","1844.2012499999998","0","765.5174999999999","1248.79875","26278.90125000001","11185.061249999999","11745.667500000001","1503.97125","0","908.5687499999999","1156.00875","26499.277499999993","10400.212499999998","11463.431249999998","1357.05375","0","815.7787500000001","1136.6775","25173.15374999999","0","0","0","0","0","0","0","0","0","0","0","0","0","0","0","0","0","0","0","0","0","10922.15625","11591.017499999998","1832.6025","0","750.0525","1159.875","26255.703749999986","10574.193750000002","12074.298750000002","1604.4937499999999","0","935.6325","1275.8625","26464.48125","10810.035","11003.3475","1357.05375","0","862.1737499999999","1140.54375","25173.153749999994","0","0","0","0","0","0","0","0","0","0","0","0","0","0","0","0","0","0","0","0","0","10597.391250000004","11250.787500000002","1828.73625","0","765.5174999999999","1233.33375","25675.76625","10639.920000000002","11227.59","1681.81875","0","935.6324999999999","1186.93875","25671.899999999998","10558.728750000002","11038.14375","1283.5949999999998","0","811.9125000000001","939.49875","24631.878750000003","0","0","0","0","0","0","0","0","0","0","0","0","0","0","0","0","0","0","0","0","0","10535.53125","11548.488749999999","1844.2012499999998","0","726.855","1171.4737499999999","25826.549999999992","10844.831249999997","11842.323750000001","1677.9524999999999","0","958.8299999999999","1357.05375","26680.991249999995","10570.3275","10315.154999999999","1310.65875","0","684.32625","1090.2824999999998","23970.75","0","0","0","0","0","0","0","0","0","0","0","0","0","0","0","0","0","0","0","0","0","10365.416249999998","10972.417500000001","1875.13125","0","726.855","1159.875","25099.694999999996","10508.467499999997","11343.577500000001","1643.1562499999998","0","951.0975","1299.06","25745.358749999996","10752.041249999997","11529.1575","1310.65875","0","823.51125","951.0975000000001","25366.466249999994","0","0","0","0","0","0","0","0","0","0","0","0","0","0","0","0","0","0","0","0","0","10550.996250000006","11119.335","1871.265","0","750.0525","1306.7925","25598.441250000003","10709.5125","11397.705","1677.9524999999999","0","869.90625","1179.2062500000002","25834.28250000001","10520.066250000002","10984.01625","1357.0537499999998","0","842.8425","893.10375","24597.082500000004","0","0","0","0","0","0","0","0","0","0","0","0","0","0","0","0","0","0","0","0","0","10446.6075","11842.32375","1848.0674999999999","0","773.25","1237.1999999999998","26147.448750000003","10856.430000000002","11672.20875","1689.55125","0","877.63875","1299.06","26394.888749999984","10964.684999999998","11312.647500000001","1256.53125","0","900.83625","1040.02125","25474.721249999988","0","0","0","0","0","0","0","0","0","0","0","0","0","0","0","0","0","0","0","0","0","10717.245000000003","11389.972500000003","1909.9274999999998","0","773.25","1171.47375","25961.868750000005","10848.697499999998","11405.437499999998","1612.22625","0","951.0975000000001","1214.0025","26031.461250000008","10520.066250000002","10991.748749999999","1214.0025","0","904.7025","1125.0787500000001","24755.59875","0","0","0","0","0","0","0","0","0","0","0","0","0","0","0","0","0","0","0","0","0","10960.818749999999","11157.9975","1851.9337499999997","0","695.925","1233.33375","25900.008750000005","10767.50625","11262.38625","1685.685","0","962.6962500000001","1345.4550000000002","26023.728750000006","10651.518750000001","11026.545","1302.92625","0","719.1225","827.3775","24527.490000000005","0","0","0","0","0","0","0","0","0","0","0","0","0","0","0","0","0","0","0","0","0","10829.366250000003","11571.68625","1878.9975000000002","0","742.3199999999999","1171.4737499999999","26193.843750000015","10887.359999999997","11428.634999999997","1650.88875","0","954.9637499999999","1295.19375","26217.041250000013","10508.4675","11552.355000000003","1329.99","0","846.70875","908.5687499999999","25146.090000000007","0","0","0","0","0","0","0","0","0","0","0","0","0","0","0","0","0","0","0","0","0","10396.34625","11316.513750000002","1828.7362499999997","0","695.925","1260.3975","25497.918750000004","10949.22","11873.25375","1654.755","0","954.96375","1179.20625","26611.39874999999","10883.493749999998","11084.538749999998","1190.805","0","869.90625","893.10375","24921.847499999993","0","0","0","0","0","0","0","0","0","0","0","0","0","0","0","0","0","0","0","0","0","10663.117499999998","11331.978749999998","1890.59625","0","750.0525","1167.6075","25803.352499999994","10527.798750000004","11625.81375","1596.76125","0","1012.9575","1244.9325","26008.263750000002","10388.61375","10493.002499999999","1256.53125","0","862.1737499999999","1016.8237499999999","24017.144999999997","0","0","0","0","0","0","0","0","0","0","0","0","0","0","0","0","0","0","0","0","0","10179.836250000002","12008.572500000002","1701.15","0","750.0525","1268.13","25907.74125","11061.341249999998","11270.11875","1596.76125","0","904.7025","1329.9899999999998","26162.913750000003","11069.07375","10960.81875","1310.6587499999998","0","780.9825000000001","862.17375","24983.707499999993","0","0","0","0","0","0","0","0","0","0","0","0","0","0","0","0","0","0","0","0","0","10694.047500000002","11776.5975","1797.8062499999999","0","742.3199999999999","1136.6775","26147.448750000014","10636.053750000001","11409.303750000003","1592.895","0","982.0274999999999","1260.3975","25880.6775","11088.405","10523.9325","1256.53125","0","908.56875","827.3775","24604.81499999999","0","0","0","0","0","0","0","0","0","0","0","0","0","0","0","0","0","0","0","0","0","10581.926250000002","11320.38","1844.2012499999998","0","726.855","1144.4099999999999","25617.772500000006","11065.2075","11602.61625","1708.8824999999997","0","896.9699999999999","1279.7287499999998","26553.404999999995","11459.565000000002","11111.602499999997","1329.99","0","862.1737499999999","1186.9387499999998","25950.270000000004","0","0","0","0","0","0","0","0","0","0","0","0","0","0","0","0","0","0","0","0","0","10624.455","11633.54625","1793.94","0","719.1225","1156.00875","25927.072500000002","10744.308749999998","11737.935000000001","1654.7549999999999","0","924.0337499999999","1163.74125","26224.77375","11045.876250000001","11262.38625","1376.385","0","850.575","1070.95125","25606.17375","0","0","0","0","0","0","0","0","0","0","0","0","0","0","0","0","0","0","0","0","0","10752.04125","11231.45625","1890.59625","0","742.3199999999999","1163.74125","25780.155000000017","10670.849999999999","11188.927500000002","1735.94625","0","866.04","1291.3275","25753.091249999998","10945.353749999998","10898.958749999994","1337.7224999999999","0","869.90625","842.8425000000001","24894.783749999995","0","0","0","0","0","0","0","0","0","0","0","0","0","0","0","0","0","0","0","0","0","10659.251250000001","11347.44375","1917.6599999999999","0","742.3199999999999","1144.4099999999999","25811.08500000001","10790.703750000002","11455.698750000001","1674.08625","0","912.435","1229.4675","26062.39125000001","10612.856249999999","10871.894999999999","1291.3274999999999","0","804.1800000000001","1101.88125","24682.13999999999","0","0","0","0","0","0","0","0","0","0","0","0","0","0","0","0","0","0","0","0","0","10338.352499999999","11475.03","1836.46875","0","750.0525","1179.20625","25579.109999999997","10709.512499999997","11529.157500000001","1612.2262500000002","0","916.30125","1156.0087500000002","25923.206250000003","10543.26375","11533.023750000004","1264.2637499999998","0","819.645","1140.54375","25300.74","0","0","0","0","0","0","0","0","0","0","0","0","0","0","0","0","0","0","0","0","0","10415.677499999998","11799.795000000004","1863.5325","0","750.0525","1202.40375","26031.461249999993","10585.7925","11235.3225","1635.42375","0","889.2375","1206.27","25552.04624999999","10141.17375","10782.971249999999","1345.455","0","773.25","1125.0787500000001","24167.928749999995","0","0","0","0","0","0","0","0","0","0","0","0","0","0","0","0","0","0","0","0","0","10643.786250000003","11691.540000000003","1859.66625","0","719.1225","1144.4099999999999","26058.524999999998","11096.137499999995","11049.742499999997","1747.545","0","881.5050000000001","1279.72875","26054.65875","11161.863750000002","11204.392500000002","1283.5949999999998","0","842.8425","1016.8237499999999","25509.5175","0","0","0","0","0","0","0","0","0","0","0","0","0","0","0","0","0","0","0","0","0","10701.78","11277.851249999998","1759.14375","0","750.0525","1248.79875","25737.626249999994","11312.647500000001","11784.33","1774.6087499999999","0","958.8300000000002","1318.39125","27148.807499999995","10709.512500000003","10953.08625","1275.8625","0","866.04","1070.95125","24875.452500000007","0","0","0","0","0","0","0","0","0","0","0","0","0","0","0","0","0","0","0","0","0","10759.77375","11548.48875","1828.73625","0","750.0525","1206.27","26093.32125","10976.28375","11660.609999999999","1674.0862499999998","0","954.9637500000001","1264.26375","26530.20750000002","10887.359999999997","11022.678750000003","1295.19375","0","750.0525","1040.02125","24995.306249999994","0","0","0","0","0","0","0","0","0","0","0","0","0","0","0","0","0","0","0","0","0","10697.913749999998","11359.0425","1770.7425","0","757.785","1171.47375","25756.957499999993","10837.098750000001","11049.742500000002","1662.4875","0","858.3075","1349.32125","25756.957499999997","10349.951250000004","10763.640000000001","1237.2","0","842.8425","866.0400000000001","24059.673750000005","0","0","0","0","0","0","0","0","0","0","0","0","0","0","0","0","0","0","0","0","0","10891.226249999998","12039.502500000002","1809.405","0","734.5875","1163.74125","26638.462499999998","11018.812500000004","11819.126249999998","1685.685","0","920.1675","1256.53125","26700.322500000006","10926.022500000005","11100.003750000002","1283.595","0","707.5237500000001","1113.48","25130.62500000001","0","0","0","0","0","0","0","0","0","0","0","0","0","0","0","0","0","0","0","0","0","10473.67125","11088.405","1890.59625","0","765.5174999999999","1136.6775","25354.867499999993","10918.289999999997","11722.47","1596.76125","0","970.42875","1275.8625","26483.8125","10407.945000000005","11567.819999999998","1299.06","0","769.3837500000001","966.5625","25010.771249999994","0","0","0","0","0","0","0","0","0","0","0","0","0","0","0","0","0","0","0","0","0","10489.13625","11386.10625","1766.8762499999998","0","765.5174999999999","1214.0025","25621.638750000006","10964.684999999998","11200.52625","1766.8762499999998","0","869.90625","1117.34625","25919.34","11304.914999999999","10767.50625","1244.9325000000001","0","835.11","1055.48625","25207.95","0","0","0","0","0","0","0","0","0","0","0","0","0","0","0","0","0","0","0","0","0","10558.728750000002","11324.246250000002","1828.7362500000002","0","750.0525","1256.53125","25718.29500000001","11200.526249999995","11150.264999999998","1639.29","0","904.7025","1279.72875","26174.512499999993","10825.500000000004","11026.544999999998","1318.39125","0","873.7725","989.7600000000001","25033.968749999993","0","0","0","0","0","0","0","0","0","0","0","0","0","0","0","0","0","0","0","0","0","10477.537499999999","11803.661250000001","1828.73625","0","780.9825","1144.4099999999999","26035.327500000007","10601.257499999998","11668.342500000004","1643.1562499999998","0","962.6962500000001","1299.06","26174.512500000008","10837.098750000001","10918.29","1275.8625","0","811.9124999999999","846.70875","24689.8725","0","0","0","0","0","0","0","0","0","0","0","0","0","0","0","0","0","0","0","0","0","10821.63375","11304.914999999999","1801.6725000000001","0","719.1225","1190.8049999999998","25838.148750000008","11243.055","11192.79375","1600.6275","0","827.3774999999999","1202.40375","26066.2575","10589.65875","10771.372499999998","1186.93875","0","800.31375","881.505","24229.788749999996","0","0","0","0","0","0","0","0","0","0","0","0","0","0","0","0","0","0","0","0","0","10527.798749999998","11533.023750000002","1821.0037499999999","0","734.5875","1167.6075","25784.021249999998","11053.608750000001","11498.227499999997","1608.36","0","935.6325","1202.40375","26298.232500000006","10044.517499999998","11455.698750000001","1326.1237499999997","0","850.575","1059.3525","24736.267499999994","0","0","0","0","0","0","0","0","0","0","0","0","0","0","0","0","0","0","0","0","0","10322.887500000003","11722.470000000003","1863.5324999999998","0","719.1225","1244.9325000000001","25872.944999999992","11080.672500000002","11780.46375","1600.6275","0","927.9000000000001","1248.79875","26638.4625","10840.965","10450.473750000001","1190.8049999999998","0","869.90625","1163.74125","24515.89124999999","0","0","0","0","0","0","0","0","0","0","0","0","0","0","0","0","0","0","0","0","0","10694.0475","11424.768749999997","1801.6724999999997","0","719.1225","1159.875","25799.486249999998","10945.35375","11749.53375","1681.81875","0","958.83","1202.40375","26537.939999999988","10794.570000000003","10922.15625","1329.99","0","877.6387500000001","1016.8237499999999","24941.178749999995","0","0","0","0","0","0","0","0","0","0","0","0","0","0","0","0","0","0","0","0","0","10311.28875","11413.169999999998","1882.8637499999998","0","750.0525","1252.665","25610.040000000008","10686.315","11672.208749999998","1635.4237500000002","0","862.17375","1291.3274999999999","26147.44875","10574.193749999999","11107.736249999998","1241.0662499999999","0","846.70875","974.295","24743.999999999993","0","0","0","0","0","0","0","0","0","0","0","0","0","0","0","0","0","0","0","0","0","11053.608750000001","11571.68625","1689.55125","0","726.855","1148.27625","26189.977500000005","10690.181250000001","11950.578750000002","1612.22625","0","920.1675","1329.9899999999998","26503.143749999985","10844.831250000001","10643.786250000001","1337.7224999999999","0","711.39","1036.1550000000002","24573.884999999995","0","0","0","0","0","0","0","0","0","0","0","0","0","0","0","0","0","0","0","0","0","10655.385000000004","11734.06875","1886.7299999999998","0","750.0525","1268.13","26294.366249999995","10520.066250000002","11904.183750000002","1708.8825","0","893.10375","1430.5124999999998","26456.74874999999","10670.850000000002","11351.310000000001","1349.32125","0","750.0525","1055.48625","25177.020000000008","0","0","0","0","0","0","0","0","0","0","0","0","0","0","0","0","0","0","0","0","0","10550.99625","11053.60875","1763.0099999999998","0","734.5875","1217.86875","25320.071249999994","10790.70375","11281.7175","1728.2137500000001","0","893.10375","1214.0025","25907.741250000003","10926.0225","10578.059999999998","1318.39125","0","792.58125","1009.09125","24624.146249999998","0","0","0","0","0","0","0","0","0","0","0","0","0","0","0","0","0","0","0","0","0","10462.0725","11486.628749999996","1836.4687499999998","0","742.3199999999999","1047.7537499999999","25575.24375","10999.481249999997","11579.41875","1670.22","0","962.69625","1183.0725","26394.888749999995","10435.008749999999","11188.9275","1244.9325","0","746.18625","1024.55625","24639.611249999998","0","0","0","0","0","0","0","0","0","0","0","0","0","0","0","0","0","0","0","0","0","10848.697499999997","11204.3925","1774.6087499999996","0","773.25","1256.53125","25857.479999999996","11266.252499999999","11548.488750000002","1786.2075","0","900.8362500000001","1256.53125","26758.316250000014","10423.41","10589.65875","1364.7862499999999","0","808.0462500000001","1012.9575","24198.85875","0","0","0","0","0","0","0","0","0","0","0","0","0","0","0","0","0","0","0","0","0","10508.467499999999","11219.8575","1809.4049999999997","0","773.25","1167.6074999999998","25478.587499999998","11080.672500000002","11973.77625","1596.76125","0","881.505","1202.40375","26735.11874999998","10732.710000000001","10311.288749999998","1283.5949999999998","0","765.5175","893.10375","23986.215000000004","0","0","0","0","0","0","0","0","0","0","0","0","0","0","0","0","0","0","0","0","0","10427.276249999997","11103.87","1774.60875","0","719.1225","1194.6712499999999","25219.548750000005","10906.691250000002","11571.68625","1786.2075","0","962.69625","1299.06","26526.34124999999","11107.736249999998","11134.8","1345.455","0","780.9825000000001","1024.55625","25393.529999999988","0","0","0","0","0","0","0","0","0","0","0","0","0","0","0","0","0","0","0","0","0","10678.582499999997","11699.2725","1840.3349999999998","0","726.855","1132.81125","26077.856249999993","11420.902499999998","11533.02375","1581.29625","0","838.9762499999999","1264.26375","26638.462499999998","10396.34625","11138.666250000006","1337.7224999999999","0","850.5749999999999","1082.55","24805.860000000004","0","0","0","0","0","0","0","0","0","0","0","0","0","0","0","0","0","0","0","0","0","10392.48","11258.519999999999","1821.00375","0","757.785","1202.40375","25432.19250000001","11173.462500000001","11571.686250000002","1643.1562500000002","0","900.83625","1074.8174999999999","26363.958750000016","10458.206249999997","10380.88125","1291.3275","0","796.4475","1028.4225","23955.285000000014","0","0","0","0","0","0","0","0","0","0","0","0","0","0","0","0","0","0","0","0","0","10798.436249999999","11548.48875","1778.475","0","765.5174999999999","1198.5375","26089.454999999998","10914.423749999998","11846.190000000004","1650.8887499999998","0","931.7662499999999","1179.20625","26522.475","10821.633750000003","11246.921249999998","1291.3274999999999","0","804.18","985.89375","25149.95625","0","0","0","0","0","0","0","0","0","0","0","0","0","0","0","0","0","0","0","0","0","10833.232500000002","11277.85125","1801.6725","0","750.0525","1167.6074999999998","25830.41625","10871.894999999999","11482.762499999999","1612.2262499999997","0","881.5050000000001","1268.1299999999999","26116.518749999977","10910.557499999999","11366.774999999998","1310.65875","0","927.9","954.96375","25470.855","0","0","0","0","0","0","0","0","0","0","0","0","0","0","0","0","0","0","0","0","0","10373.148749999998","11908.05","1739.8125","0","773.25","1229.4675","26023.72874999999","11011.079999999996","11359.042500000001","1631.5575","0","835.1099999999999","1244.9325","26081.72249999999","10485.269999999999","10605.123749999999","1329.99","0","707.5237500000001","1140.54375","24268.451249999995","0","0","0","0","0","0","0","0","0","0","0","0","0","0","0","0","0","0","0","0","0","10585.7925","11304.914999999999","1917.6599999999999","0","734.5875","1194.6712499999999","25737.626249999998","10493.002500000002","12078.164999999997","1735.94625","0","869.90625","1221.735","26398.75500000001","10775.238749999999","10601.257500000002","1275.8625000000002","0","780.9825","1005.2249999999999","24438.56625","0","0","0","0","0","0","0","0","0","0","0","0","0","0","0","0","0","0","0","0","0","10941.4875","11838.457499999999","1770.7424999999998","0","765.5174999999999","1186.9387499999998","26503.143749999996","10817.7675","11707.005","1546.5","0","962.69625","1241.06625","26275.034999999996","10782.97125","11061.34125","1260.3975","0","769.38375","1043.8875","24917.981250000004","0","0","0","0","0","0","0","0","0","0","0","0","0","0","0","0","0","0","0","0","0","10690.18125","11656.74375","1844.20125","0","765.5174999999999","1144.4099999999999","26101.053749999992","10690.18125","11413.17","1604.4937499999999","0","951.0975","1098.0149999999999","25756.957500000004","11123.201250000002","10643.78625","1372.5187499999997","0","866.04","916.30125","24921.847500000003","0","0","0","0","0","0","0","0","0","0","0","0","0","0","0","0","0","0","0","0","0","10493.0025","11703.138750000004","1735.94625","0","742.3199999999999","1156.00875","25830.416250000006","10481.403750000001","11594.88375","1720.4812499999998","0","885.37125","1415.0475","26097.187500000004","10713.378749999998","10833.232499999998","1248.79875","0","850.575","912.435","24558.420000000002","0","0","0","0","0","0","0","0","0","0","0","0","0","0","0","0","0","0","0","0","0","10512.333750000002","11359.042500000005","1689.55125","0","750.0525","1117.3462499999998","25428.326250000002","10860.29625","11525.291250000002","1604.49375","0","958.8299999999999","1210.13625","26159.04750000001","11250.787500000004","10547.130000000001","1337.7224999999999","0","850.575","842.8425000000001","24829.0575","0","0","0","0","0","0","0","0","0","0","0","0","0","0","0","0","0","0","0","0","0","10883.49375","11505.960000000001","1805.53875","0","773.25","1121.2125","26089.455000000005","10821.633750000003","11621.947499999998","1693.4175","0","943.365","1244.9325","26325.296250000007","10868.028750000003","10856.430000000004","1318.3912500000001","0","684.32625","873.7725","24600.948749999985","0","0","0","0","0","0","0","0","0","0","0","0","0","0","0","0","0","0","0","0","0","10450.473750000001","11529.157499999996","1782.3412499999997","0","742.3199999999999","1167.6075","25671.900000000005","10663.117499999998","11652.877499999999","1627.69125","0","935.6324999999999","1326.1237499999997","26205.44249999999","10960.818749999997","11362.908750000002","1275.8625000000002","0","831.24375","1055.48625","25486.320000000003","0","0","0","0","0","0","0","0","0","0","0","0","0","0","0","0","0","0","0","0","0","10871.895000000004","11563.953750000002","1863.5325","0","773.25","1047.7537499999999","26120.385000000002","10848.697499999998","11262.38625","1732.08","0","866.04","1244.9325","25954.136249999996","10701.780000000004","11185.061249999999","1248.79875","0","765.5174999999999","1047.75375","24948.911250000005","0","0","0","0","0","0","0","0","0","0","0","0","0","0","0","0","0","0","0","0","0","10516.2","11366.775000000001","1929.25875","0","765.5174999999999","1190.8049999999998","25768.556250000012","10697.91375","11753.4","1596.76125","0","962.69625","1329.99","26340.761249999996","11026.545","10465.938749999998","1310.65875","0","792.58125","958.8299999999999","24554.55375","0","0","0","0","0","0","0","0","0","0","0","0","0","0","0","0","0","0","0","0","0","10713.378749999998","11440.233750000001","1797.8062499999999","0","773.25","1186.93875","25911.607500000002","11393.838750000003","11386.106249999999","1616.0925","0","893.10375","1190.805","26479.946250000005","10601.257500000002","10736.576249999998","1345.455","0","715.25625","784.84875","24183.393749999996","0","0","0","0","0","0","0","0","0","0","0","0","0","0","0","0","0","0","0","0","0","10728.843750000002","11231.456249999997","1793.94","0","765.5174999999999","1148.27625","25668.03375","10980.15","11413.169999999998","1515.57","0","927.9","1183.0725","26019.862499999996","10782.971249999999","11215.99125","1357.05375","0","811.9124999999999","1047.75375","25215.68249999999","0","0","0","0","0","0","0","0","0","0","0","0","0","0","0","0","0","0","0","0","0","10798.436249999999","12136.158750000004","1828.73625","0","726.855","1237.2","26727.386250000003","11223.723749999997","11192.793749999997","1623.8249999999998","0","958.8299999999999","1167.6075","26166.779999999988","10833.2325","11246.921250000001","1310.65875","0","777.11625","889.2375","25057.166250000002","0","0","0","0","0","0","0","0","0","0","0","0","0","0","0","0","0","0","0","0","0","10493.002499999999","11625.813749999996","1844.20125","0","742.3199999999999","1113.4799999999998","25818.8175","10674.71625","11471.16375","1654.755","0","866.04","1194.6712499999999","25861.346249999995","10775.238749999997","11061.34125","1256.53125","0","838.9762500000002","970.42875","24902.516250000008","0","0","0","0","0","0","0","0","0","0","0","0","0","0","0","0","0","0","0","0","0","10485.269999999999","11389.972500000005","1913.79375","0","726.855","1210.13625","25726.027499999997","10605.123750000002","11583.284999999996","1674.0862499999998","0","931.76625","1132.81125","25927.072500000002","10218.498749999997","10856.429999999998","1329.99","0","835.1099999999999","1063.21875","24303.24749999999","0","0","0","0","0","0","0","0","0","0","0","0","0","0","0","0","0","0","0","0","0","10597.39125","11316.513750000002","1882.86375","0","742.3199999999999","1225.60125","25764.690000000002","10926.022500000001","11606.482499999998","1546.5","0","904.7024999999999","1264.26375","26247.971249999995","10581.926250000002","11362.908749999999","1214.0024999999998","0","742.32","1032.28875","24933.44624999998","0","0","0","0","0","0","0","0","0","0","0","0","0","0","0","0","0","0","0","0","0","10601.257499999996","11745.667500000001","1863.5324999999998","0","788.7149999999999","1183.0725","26182.245","11100.00375","11792.062500000002","1662.4875","0","896.9699999999999","1167.6075","26619.131249999988","10976.283749999999","11277.851250000003","1275.8625000000002","0","788.7149999999999","989.76","25308.472500000003","0","0","0","0","0","0","0","0","0","0","0","0","0","0","0","0","0","0","0","0","0","10620.58875","11579.41875","1817.1374999999998","0","780.9825","1132.81125","25930.938750000005","10663.117500000004","11525.291249999997","1554.2324999999998","0","831.24375","1125.07875","25698.96374999999","10458.20625","10624.455000000002","1310.65875","0","858.3075","912.435","24164.062500000007","0","0","0","0","0","0","0","0","0","0","0","0","0","0","0","0","0","0","0","0","0","10817.767499999998","11127.067500000003","1805.5387500000002","0","750.0525","1264.26375","25764.69","10493.002500000002","11977.642500000002","1685.685","0","896.97","1148.27625","26201.57625","10632.187500000002","11072.939999999999","1183.0725","0","881.5049999999999","962.69625","24732.401250000003","0","0","0","0","0","0","0","0","0","0","0","0","0","0","0","0","0","0","0","0","0","10647.6525","11687.67375","1821.00375","0","726.855","1128.945","26012.129999999997","11208.25875","11884.852499999994","1623.8249999999998","0","970.42875","1206.2700000000002","26893.635000000002","10883.49375","10721.11125","1221.7350000000001","0","784.84875","970.4287499999999","24581.617499999993","0","0","0","0","0","0","0","0","0","0","0","0","0","0","0","0","0","0","0","0","0","10578.06","11401.571249999999","1739.8125","0","742.3199999999999","1152.1425","25613.906249999996","10593.524999999996","11362.908749999995","1701.1499999999999","0","924.0337499999999","1241.0662499999999","25822.68375000002","10697.91375","10984.01625","1318.3912500000001","0","811.9124999999999","982.0274999999999","24794.26125","0","0","0","0","0","0","0","0","0","0","0","0","0","0","0","0","0","0","0","0","0","10844.831250000003","11579.418749999997","1840.335","0","742.3199999999999","1098.0149999999999","26104.920000000002","10980.150000000003","11741.80125","1577.4299999999998","0","951.0975","1214.0025","26464.481249999997","10643.786250000001","10984.016249999997","1186.93875","0","792.58125","916.30125","24523.62374999999","0","0","0","0","0","0","0","0","0","0","0","0","0","0","0","0","0","0","0","0","0"
,"10798.436250000002","11788.19625","1878.9975","0","750.0525","1144.4099999999999","26360.092500000002","11069.073750000001","11591.017500000002","1689.5512500000002","0","931.7662500000001","1306.7925","26588.201250000006","10929.888749999996","10821.63375","1291.3274999999999","0","792.58125","889.2375000000001","24724.66875000001","0","0","0","0","0","0","0","0","0","0","0","0","0","0","0","0","0","0","0","0","0","10984.016249999999","11343.577499999998","1863.5325","0","765.5174999999999","1252.665","26209.308750000015","10686.314999999997","11417.03625","1670.22","0","881.5050000000001","1113.48","25768.556249999998","10709.512499999999","11440.23375","1221.735","0","827.3775","1086.4162500000002","25285.275","0","0","0","0","0","0","0","0","0","0","0","0","0","0","0","0","0","0","0","0","0","10612.85625","11173.462500000001","1759.14375","0","742.3199999999999","1098.0149999999999","25385.797500000004","10790.703750000002","11683.807500000003","1627.6912499999999","0","947.23125","1360.92","26410.35375000001","10670.849999999999","11362.908749999999","1175.34","0","881.5049999999999","1113.48","25204.08375","0","0","0","0","0","0","0","0","0","0","0","0","0","0","0","0","0","0","0","0","0","10462.072500000002","11185.061249999999","1809.4049999999997","0","757.785","1190.8049999999998","25405.128749999993","10694.047499999999","11757.266250000002","1639.29","0","900.8362500000001","1364.7862499999999","26356.226250000003","10686.315","11262.386249999998","1198.5375","0","939.49875","1063.21875","25149.956249999996","0","0","0","0","0","0","0","0","0","0","0","0","0","0","0","0","0","0","0","0","0","10338.352500000003","11347.443749999999","1863.5324999999998","0","773.25","1148.27625","25470.855000000003","10825.5","11780.463749999995","1600.6275","0","877.63875","1202.40375","26286.633749999997","10682.44875","11351.309999999996","1256.53125","0","707.52375","912.4350000000001","24910.248750000002","0","0","0","0","0","0","0","0","0","0","0","0","0","0","0","0","0","0","0","0","0","10752.04125","11312.647500000003","1859.66625","0","773.25","1295.19375","25992.79874999999","10686.315000000002","11602.616249999997","1647.0225000000003","0","958.8299999999999","1140.5437499999998","26035.3275","10918.289999999999","10694.0475","1322.2575","0","850.575","1001.3587500000001","24786.528749999998","0","0","0","0","0","0","0","0","0","0","0","0","0","0","0","0","0","0","0","0","0","10786.837500000003","11270.11875","1828.7362500000002","0","780.9825","1167.6074999999998","25834.282499999998","11154.13125","11602.61625","1616.0925","0","889.2375000000001","1268.13","26530.207499999997","10678.582499999999","10960.818750000002","1376.385","0","715.2562499999999","1202.40375","24933.44624999999","0","0","0","0","0","0","0","0","0","0","0","0","0","0","0","0","0","0","0","0","0","10469.805000000002","11842.323750000005","1855.7999999999997","0","750.0525","1144.4099999999999","26062.391250000004","10438.875","11772.731249999999","1681.81875","0","951.0974999999999","1179.20625","26023.72875000001","10933.755","10929.888749999996","1291.3274999999999","0","777.11625","1012.9575","24945.044999999995","0","0","0","0","0","0","0","0","0","0","0","0","0","0","0","0","0","0","0","0","0","10752.041249999998","11900.317500000001","1906.0612499999997","0","750.0525","1210.13625","26518.60875","10535.53125","11111.602499999997","1596.76125","0","1024.55625","1233.3337500000002","25501.785000000007","11231.45625","11324.246250000004","1326.1237499999997","0","846.70875","1210.13625","25938.67124999999","0","0","0","0","0","0","0","0","0","0","0","0","0","0","0","0","0","0","0","0","0","10666.983749999998","11409.30375","1863.5324999999998","0","750.0525","1098.015","25787.887499999997","10883.493749999998","11301.048750000004","1589.0287500000002","0","835.11","1055.48625","25664.167500000007","10230.0975","10601.2575","1256.53125","0","873.7724999999999","1132.81125","24094.47","0","0","0","0","0","0","0","0","0","0","0","0","0","0","0","0","0","0","0","0","0","10404.078749999999","11552.355000000003","1735.9462499999997","0","765.5174999999999","1271.9962500000001","25729.89375000001","11119.335","11969.91","1647.0224999999998","0","931.7662499999999","1291.3275","26959.361249999994","10670.850000000004","10852.563750000001","1337.7224999999999","0","792.58125","1074.8175","24728.534999999993","0","0","0","0","0","0","0","0","0","0","0","0","0","0","0","0","0","0","0","0","0","10705.646250000003","11436.3675","1987.2525","0","750.0525","1148.2762500000001","26027.595000000005","11896.451249999998","11529.157499999996","1739.8125","0","862.1737499999999","1198.5375","27226.132500000003","11038.143749999996","10960.818750000002","1275.8625000000002","0","811.9124999999999","958.83","25045.567499999994","0","0","0","0","0","0","0","0","0","0","0","0","0","0","0","0","0","0","0","0","0","10504.60125","11637.412499999999","1797.8062499999999","0","773.25","1156.00875","25869.07875","10620.588749999997","12004.70625","1681.81875","0","927.9","1040.02125","26275.035000000003","10690.18125","10871.894999999995","1329.99","0","808.0462500000001","1121.2125","24821.32499999999","0","0","0","0","0","0","0","0","0","0","0","0","0","0","0","0","0","0","0","0","0","10539.3975","11417.036250000001","1848.0674999999999","0","750.0525","1109.6137499999998","25664.167499999996","10976.283749999999","11316.513749999998","1650.88875","0","939.49875","1241.06625","26124.251249999998","11142.5325","10721.111249999998","1217.8687499999999","0","869.90625","962.6962500000001","24914.115","0","0","0","0","0","0","0","0","0","0","0","0","0","0","0","0","0","0","0","0","0","10771.3725","11629.68","1763.0099999999998","0","726.855","1194.6712499999999","26085.58874999999","10817.7675","11966.043749999997","1705.01625","0","900.8362500000001","1256.53125","26646.194999999996","10226.23125","11513.6925","1279.72875","0","784.84875","916.30125","24720.8025","0","0","0","0","0","0","0","0","0","0","0","0","0","0","0","0","0","0","0","0","0","10520.066250000002","11119.335","1782.34125","0","695.925","1186.93875","25304.606249999997","10879.627499999999","11834.591250000001","1561.965","0","885.3712499999999","1214.0025","26375.55749999999","10481.40375","11115.46875","1329.99","0","746.18625","997.4925","24670.54125","0","0","0","0","0","0","0","0","0","0","0","0","0","0","0","0","0","0","0","0","0","10705.646250000003","11560.087499999998","1751.41125","0","773.25","1175.34","25965.735000000004","10976.28375","11652.8775","1751.4112499999999","0","935.6324999999999","1237.1999999999998","26553.405000000006","10813.901249999999","11270.11875","1310.6587499999998","0","927.9","939.4987500000001","25262.077499999996","0","0","0","0","0","0","0","0","0","0","0","0","0","0","0","0","0","0","0","0","0","10481.403750000001","11583.285","1751.4112499999997","0","773.25","1128.945","25718.29499999999","10624.455","11819.126250000001","1647.0225","0","916.30125","1268.13","26275.03499999998","10632.187500000002","10674.71625","1248.7987500000002","0","854.4412499999999","904.7025000000001","24314.846249999995","0","0","0","0","0","0","0","0","0","0","0","0","0","0","0","0","0","0","0","0","0","10550.996250000006","10887.360000000004","1774.6087499999999","0","726.855","1248.79875","25188.618749999998","11482.7625","11687.673750000002","1689.55125","0","1005.2249999999999","1198.5375","27063.74999999999","10365.416250000002","10829.366250000001","1310.6587499999998","0","722.98875","1016.8237499999999","24245.253749999985","0","0","0","0","0","0","0","0","0","0","0","0","0","0","0","0","0","0","0","0","0","10222.365000000002","11436.367500000002","1894.4625","0","719.1225","1206.27","25478.5875","10941.487499999997","12058.833749999994","1782.34125","0","877.63875","1337.7224999999999","26998.02374999999","10980.150000000003","10929.88875","1364.7862499999999","0","908.5687499999999","896.97","25080.363749999997","0","0","0","0","0","0","0","0","0","0","0","0","0","0","0","0","0","0","0","0","0","10902.825","11192.79375","1809.4049999999997","0","726.855","1271.9962500000001","25903.87500000001","10581.92625","11548.488749999999","1705.01625","0","985.8937500000001","1271.99625","26093.321250000008","10357.683750000002","10798.43625","1310.6587499999998","0","893.10375","1005.2249999999999","24365.1075","0","0","0","0","0","0","0","0","0","0","0","0","0","0","0","0","0","0","0","0","0","10887.359999999995","11478.896249999998","1790.0737500000002","0","742.3199999999999","1117.34625","26015.996249999993","10991.748750000002","11838.457499999997","1550.3662499999998","0","962.69625","1326.12375","26669.392499999994","10628.321249999999","10570.3275","1310.6587499999998","0","838.9762499999999","742.32","24090.603749999995","0","0","0","0","0","0","0","0","0","0","0","0","0","0","0","0","0","0","0","0","0","11057.475","11285.58375","1898.3287499999997","0","765.5174999999999","1125.07875","26131.98375000001","10365.416250000002","11308.78125","1616.0925","0","931.76625","1264.26375","25486.32","10964.684999999998","11587.151249999997","1171.4737499999999","0","831.2437499999999","997.4925","25552.046250000003","0","0","0","0","0","0","0","0","0","0","0","0","0","0","0","0","0","0","0","0","0","10864.162499999999","11676.075","1890.59625","0","773.25","1248.79875","26452.882499999992","10523.932500000004","11877.119999999995","1623.8249999999998","0","985.89375","1063.21875","26073.989999999998","10647.652500000002","11127.067500000001","1341.5887500000001","0","819.645","908.56875","24844.522500000003","0","0","0","0","0","0","0","0","0","0","0","0","0","0","0","0","0","0","0","0","0","10918.290000000003","11231.45625","1855.8","0","726.855","1190.8049999999998","25923.20625000001","10670.85","11900.317499999997","1623.8249999999998","0","842.8425000000001","1225.60125","26263.436250000002","10794.569999999998","10322.887499999999","1252.665","0","746.18625","997.4925000000001","24113.801250000008","0","0","0","0","0","0","0","0","0","0","0","0","0","0","0","0","0","0","0","0","0","9986.52375","11610.348750000001","1832.6025","0","765.5174999999999","1202.40375","25397.396250000013","10415.6775","11734.068749999999","1681.81875","0","900.8362500000001","1202.40375","25934.80500000001","10864.162500000002","10941.487499999994","1128.945","0","750.0525","889.2375000000001","24573.885000000006","0","0","0","0","0","0","0","0","0","0","0","0","0","0","0","0","0","0","0","0","0","10666.983750000001","11397.704999999998","1886.7299999999998","0","750.0525","1260.3975","25961.868750000012","11208.25875","11699.272500000001","1697.28375","0","850.575","1171.47375","26626.863749999993","10601.257499999996","10879.6275","1256.53125","0","761.65125","974.2950000000001","24473.362499999996","0","0","0","0","0","0","0","0","0","0","0","0","0","0","0","0","0","0","0","0","0","10663.117499999998","11768.865000000003","1759.14375","0","742.3199999999999","1140.5437499999998","26073.989999999998","11130.933749999998","12101.362500000003","1643.15625","0","904.7025","1337.7224999999999","27117.8775","10415.677500000002","11115.46875","1283.5949999999998","0","858.3075000000001","862.17375","24535.222499999996","0","0","0","0","0","0","0","0","0","0","0","0","0","0","0","0","0","0","0","0","0","10721.111250000004","11966.04375","1867.3987499999998","0","742.3199999999999","1233.33375","26530.207500000008","10779.105","11389.972500000003","1589.02875","0","939.49875","1175.34","25872.945","10431.1425","10798.436249999999","1357.05375","0","827.3775","962.69625","24376.70625","0","0","0","0","0","0","0","0","0","0","0","0","0","0","0","0","0","0","0","0","0","10276.4925","11192.79375","1782.34125","0","757.785","1175.34","25184.752500000006","10817.767499999996","11722.470000000001","1681.8187500000001","0","896.97","1156.00875","26275.034999999996","10825.499999999998","10558.728749999997","1364.7862499999999","0","815.7787500000001","951.0975000000001","24515.891249999997","0","0","0","0","0","0","0","0","0","0","0","0","0","0","0","0","0","0","0","0","0","10632.187500000002","11985.375000000002","1878.9975","0","773.25","1233.33375","26503.143750000003","10481.403750000001","11525.291250000002","1631.5575000000001","0","970.42875","1217.86875","25826.55","10581.926249999999","11154.131249999993","1357.0537499999998","0","796.4475","1067.085","24956.643750000003","0","0","0","0","0","0","0","0","0","0","0","0","0","0","0","0","0","0","0","0","0","10605.12375","11362.908749999995","1782.3412499999997","0","695.925","1156.00875","25602.30749999999","11455.69875","11788.196249999997","1716.6149999999998","0","920.1675","1144.41","27025.087500000012","10724.977499999999","11768.865000000002","1364.7862499999999","0","869.90625","889.2375","25617.772500000017","0","0","0","0","0","0","0","0","0","0","0","0","0","0","0","0","0","0","0","0","0","10454.340000000002","11347.44375","1701.1499999999999","0","788.7149999999999","1167.6074999999998","25459.25624999999","10984.016249999997","11730.2025","1759.14375","0","912.435","1175.34","26561.137499999997","10786.837500000003","10639.920000000002","1372.51875","0","873.7724999999999","1128.945","24801.993749999998","0","0","0","0","0","0","0","0","0","0","0","0","0","0","0","0","0","0","0","0","0","10036.785","11969.91","1817.1374999999998","0","750.0525","1210.13625","25784.021250000013","10840.965000000002","10991.748749999999","1589.02875","0","881.5049999999999","1237.1999999999998","25540.4475","10821.633749999997","11042.010000000002","1310.6587499999998","0","912.4350000000001","920.1675","25006.90500000001","0","0","0","0","0","0","0","0","0","0","0","0","0","0","0","0","0","0","0","0","0","10435.00875","10995.615","1840.335","0","765.5174999999999","1225.6012500000002","25262.077499999996","10605.12375","10883.49375","1747.5449999999998","0","962.69625","1171.47375","25370.3325","10496.868750000001","10767.50625","1214.0025","0","788.715","958.83","24225.922499999993","0","0","0","0","0","0","0","0","0","0","0","0","0","0","0","0","0","0","0","0","0","10032.918749999999","11764.998750000006","1878.9975000000002","0","742.3199999999999","1094.1487499999998","25513.38375","11463.431249999996","11830.724999999999","1677.9524999999999","0","896.97","1248.79875","27117.877499999995","10400.212499999998","10856.43","1326.12375","0","769.38375","947.2312499999999","24299.381249999984","0","0","0","0","0","0","0","0","0","0","0","0","0","0","0","0","0","0","0","0","0","10531.665000000003","11683.807499999999","1732.08","0","750.0525","1229.4675","25927.072500000013","10891.226250000002","11042.01","1697.2837499999998","0","893.10375","1167.6075","25691.231249999993","10469.804999999997","10821.633749999997","1302.92625","0","854.4412500000001","850.575","24299.381249999995","0","0","0","0","0","0","0","0","0","0","0","0","0","0","0","0","0","0","0","0","0","10868.02875","11200.526249999997","1654.7549999999999","0","780.9825","1094.14875","25598.44125000001","11026.545","11447.966249999998","1693.4174999999998","0","951.0975000000001","1221.735","26340.761249999985","10164.371249999998","11130.933750000002","1364.7862499999999","0","815.77875","889.2375000000001","24365.107499999987","0","0","0","0","0","0","0","0","0","0","0","0","0","0","0","0","0","0","0","0","0","10798.436249999997","11931.247500000003","1759.14375","0","695.925","1275.8625","26460.61500000001","10914.423750000002","11614.214999999998","1743.6787499999998","0","904.7025000000001","1310.65875","26487.678750000003","11026.545000000002","10953.086249999998","1264.26375","0","730.72125","873.7724999999999","24848.38874999999","0","0","0","0","0","0","0","0","0","0","0","0","0","0","0","0","0","0","0","0","0","10570.327500000001","11451.832500000006","1894.4625","0","750.0525","1183.0725","25849.747499999998","10794.570000000002","11691.539999999999","1654.755","0","866.0400000000001","1009.0912500000001","26015.99625","10663.1175","10678.582500000002","1318.39125","0","835.11","1067.085","24562.28625","0","0","0","0","0","0","0","0","0","0","0","0","0","0","0","0","0","0","0","0","0","10786.837500000001","11034.277499999998","1813.2712499999998","0","742.3199999999999","1179.20625","25555.91250000001","10465.938749999998","12066.566250000002","1689.55125","0","881.5049999999999","1271.9962500000001","26375.557500000003","10655.385000000002","10825.499999999998","1364.7862499999999","0","784.84875","1113.48","24744","0","0","0","0","0","0","0","0","0","0","0","0","0","0","0","0","0","0","0","0","0","10469.804999999998","11822.9925","1763.0099999999998","0","742.3199999999999","1210.13625","26008.263750000013","10694.047499999999","11757.266249999995","1631.5575","0","985.89375","1206.27","26275.034999999993","10605.123750000002","10914.423750000002","1322.2575","0","835.1100000000001","966.5625","24643.47749999999","0","0","0","0","0","0","0","0","0","0","0","0","0","0","0","0","0","0","0","0","0","10458.206249999997","11409.30375","1913.7937499999998","0","742.3199999999999","1117.3462499999998","25640.97000000001","10740.442499999997","11591.017500000004","1677.9524999999996","0","896.97","1237.2","26143.582500000008","11165.729999999998","11100.00375","1329.99","0","811.9124999999999","974.2950000000001","25381.93124999999","0","0","0","0","0","0","0","0","0","0","0","0","0","0","0","0","0","0","0","0","0","10574.193749999997","11877.12","1886.73","0","757.785","1156.00875","26251.837500000005","10945.35375","11857.78875","1647.0224999999998","0","889.2375","1275.8625","26615.265000000003","10620.588749999999","10543.26375","1264.2637499999998","0","893.10375","962.69625","24283.916249999995","0","0","0","0","0","0","0","0","0","0","0","0","0","0","0","0","0","0","0","0","0","10612.856250000003","11610.348750000001","1859.66625","0","757.785","1186.93875","26027.59500000001","10968.551250000004","11544.622500000003","1712.74875","0","993.62625","1113.48","26333.02875","11335.845","10589.658750000002","1237.1999999999998","0","753.91875","947.23125","24863.85375","0","0","0","0","0","0","0","0","0","0","0","0","0","0","0","0","0","0","0","0","0","10694.047500000002","11428.634999999998","1890.59625","0","773.25","1117.34625","25903.874999999996","10987.882500000002","11618.08125","1720.4812499999998","0","896.97","1252.665","26476.079999999998","10922.156250000002","11188.9275","1171.4737499999999","0","784.8487500000001","838.9762499999999","24906.38249999999","0","0","0","0","0","0","0","0","0","0","0","0","0","0","0","0","0","0","0","0","0","10744.308750000004","11525.291249999998","1770.7424999999998","0","757.785","1295.19375","26093.321250000005","11115.468749999998","11610.348750000001","1677.9524999999999","0","823.5112499999999","1206.27","26433.55124999999","10825.500000000002","10922.15625","1295.19375","0","908.5687499999999","850.575","24801.99375","0","0","0","0","0","0","0","0","0","0","0","0","0","0","0","0","0","0","0","0","0","10319.021250000003","12066.566250000003","1751.4112499999997","0","757.785","1198.5375","26093.321250000005","10976.283750000004","11637.412499999997","1639.29","0","893.10375","1310.65875","26456.748750000006","10960.818749999999","10806.168750000003","1364.7862499999999","0","792.5812500000001","1105.7475","25030.102500000005","0","0","0","0","0","0","0","0","0","0","0","0","0","0","0","0","0","0","0","0","0","10601.257500000003","11196.659999999998","1751.41125","0","750.0525","1198.5375","25497.91875","11231.45625","11768.865","1662.4875","0","931.7662499999999","1357.05375","26951.628750000007","10342.218749999998","10980.150000000001","1148.27625","0","885.3712499999999","773.2500000000001","24129.266249999993","0","0","0","0","0","0","0","0","0","0","0","0","0","0","0","0","0","0","0","0","0","10670.85","11192.793749999999","1863.5325","0","765.5174999999999","1070.95125","25563.644999999997","10879.6275","11389.972499999996","1670.22","0","912.435","1387.9837499999999","26240.23875","10972.417500000001","11072.939999999997","1310.65875","0","842.8425","974.295","25173.15375","0","0","0","0","0","0","0","0","0","0","0","0","0","0","0","0","0","0","0","0","0","10605.12375","11710.871249999997","1817.1374999999998","0","773.25","1063.21875","25969.601250000007","10817.767500000002","11424.768749999997","1650.88875","0","831.24375","1314.525","26039.193749999995","10520.066249999998","10643.78625","1271.9962500000001","0","788.7149999999999","827.3774999999999","24051.941249999996","0","0","0","0","0","0","0","0","0","0","0","0","0","0","0","0","0","0","0","0","0","10411.81125","11869.3875","1790.0737499999998","0","750.0525","1101.88125","25923.206250000003","11304.915000000003","11973.776249999995","1654.7549999999999","0","912.435","1233.3337500000002","27079.215000000004","10744.308750000002","11127.067500000001","1322.2575","0","804.18","966.5625","24964.376249999998","0","0","0","0","0","0","0","0","0","0","0","0","0","0","0","0","0","0","0","0","0","10512.333750000002","11459.565000000004","1878.9974999999997","0","719.1225","1214.0025","25784.021249999994","10462.072499999998","11707.005","1650.88875","0","900.83625","1326.1237500000002","26046.926249999986","10605.123749999997","11142.532499999998","1291.3274999999999","0","835.11","974.2950000000001","24848.388749999995","0","0","0","0","0","0","0","0","0","0","0","0","0","0","0","0","0","0","0","0","0","10887.359999999997","11401.57125","1747.545","0","765.5174999999999","1183.0724999999998","25985.066250000007","10164.371250000002","11057.475","1720.4812499999998","0","873.7725","1256.53125","25072.631250000002","10585.792500000001","10686.314999999999","1318.39125","0","788.7149999999999","1059.3525","24438.566249999996","0","0","0","0","0","0","0","0","0","0","0","0","0","0","0","0","0","0","0","0","0","10713.378749999998","11923.515","1809.405","0","750.0525","1260.3975","26456.74875000001","11100.003750000005","11359.042500000001","1751.4112499999997","0","943.365","1329.9900000000002","26483.812499999996","10922.15625","11273.984999999997","1264.2637499999998","0","788.715","951.0975","25200.2175","0","0","0","0","0","0","0","0","0","0","0","0","0","0","0","0","0","0","0","0","0","10632.1875","11389.972500000002","1824.87","0","742.3199999999999","1202.40375","25791.75375","10771.372500000001","11768.864999999994","1600.6274999999998","0","954.9637499999999","1179.20625","26275.035000000003","10334.486249999998","11273.984999999999","1229.4675000000002","0","854.4412500000001","1136.6775","24829.057500000006","0","0","0","0","0","0","0","0","0","0","0","0","0","0","0","0","0","0","0","0","0","10659.251250000001","11436.367500000002","1902.1950000000002","0","750.0525","1237.1999999999998","25985.066249999996","11293.316250000002","11331.978750000002","1616.0925000000002","0","924.03375","1244.9325","26410.353750000002","10593.525","10871.894999999995","1310.6587499999998","0","773.25","958.83","24508.158750000002","0","0","0","0","0","0","0","0","0","0","0","0","0","0","0","0","0","0","0","0","0","10953.08625","11393.838750000004","1790.0737499999998","0","780.9825","1163.74125","26081.722499999993","10674.71625","11679.941250000002","1631.5575","0","958.8299999999999","1283.5949999999998","26228.639999999996","10991.74875","10168.237499999997","1244.9325","0","757.7850000000001","935.6324999999999","24098.336249999997","0","0","0","0","0","0","0","0","0","0","0","0","0","0","0","0","0","0","0","0","0","11045.87625","11475.03","1894.4625","0","773.25","1214.0025","26402.621250000004","10817.7675","10941.487499999997","1604.49375","0","974.2950000000001","1345.455","25683.49875","10473.671249999996","10902.824999999999","1310.65875","0","800.31375","993.62625","24481.094999999994","0","0","0","0","0","0","0","0","0","0","0","0","0","0","0","0","0","0","0","0","0","10481.403750000001","10771.3725","1851.9337500000001","0","742.3199999999999","1225.60125","25072.631250000006","10837.098750000005","11447.966250000001","1585.1625","0","912.4350000000001","1248.79875","26031.461250000004","10496.868750000001","10589.658749999999","1260.3975","0","777.1162499999999","1206.27","24330.31125","0","0","0","0","0","0","0","0","0","0","0","0","0","0","0","0","0","0","0","0","0","10531.664999999999","11335.845","1875.1312500000001","0","773.25","1210.13625","25726.02750000001","11235.3225","11676.074999999997","1639.29","0","908.5687499999999","1279.72875","26738.98499999999","11030.41125","11536.890000000001","1318.39125","0","873.7725","904.7025","25664.167499999992","0","0","0","0","0","0","0","0","0","0","0","0","0","0","0","0","0","0","0","0","0","10527.798749999998","10984.01625","1751.4112499999999","0","780.9825","1190.8049999999998","25235.01375","10848.697500000002","11884.8525","1689.55125","0","920.1675","1244.9325","26588.201250000006","10605.123749999999","10887.36","1345.455","0","924.03375","1043.8875","24805.859999999997","0","0","0","0","0","0","0","0","0","0","0","0","0","0","0","0","0","0","0","0","0","10473.67125","11018.812499999998","1844.2012499999998","0","750.0525","1183.0725","25269.809999999998","10508.467499999999","11757.26625","1658.6212499999997","0","904.7025000000001","1271.99625","26101.05375","10566.461249999997","11533.023750000002","1326.12375","0","746.18625","927.9","25099.694999999992","0","0","0","0","0","0","0","0","0","0","0","0","0","0","0","0","0","0","0","0","0","10404.07875","11428.634999999998","1855.8","0","765.5174999999999","1128.945","25582.976249999996","10972.4175","11011.08","1643.15625","0","885.37125","1136.6775","25648.702499999992","10782.971250000002","11270.118749999996","1345.455","0","866.04","842.8425000000001","25107.427499999998","0","0","0","0","0","0","0","0","0","0","0","0","0","0","0","0","0","0","0","0","0","10342.218749999998","11552.355000000001","1821.0037499999999","0","757.785","1171.4737499999999","25644.836250000004","10643.786250000001","11478.89625","1774.6087499999999","0","904.7025","1329.99","26131.983750000003","10512.333749999998","10786.8375","1302.92625","0","838.9762499999999","1291.3274999999999","24732.401250000006","0","0","0","0","0","0","0","0","0","0","0","0","0","0","0","0","0","0","0","0","0","10407.945","11115.46875","1693.4175","0","734.5875","1221.7350000000001","25173.153749999998","10581.926249999999","11691.54","1631.5575","0","916.30125","1283.595","26104.920000000006","10953.086249999997","11231.456250000003","1190.8049999999998","0","800.31375","962.69625","25138.357499999984","0","0","0","0","0","0","0","0","0","0","0","0","0","0","0","0","0","0","0","0","0","10790.703749999999","11880.986250000002","1732.08","0","750.0525","1225.6012500000002","26379.42375","10786.837500000003","11304.915","1650.8887499999998","0","924.03375","1299.06","25965.735","10705.646250000002","11119.335000000001","1237.2","0","761.6512499999999","927.9000000000001","24751.7325","0","0","0","0","0","0","0","0","0","0","0","0","0","0","0","0","0","0","0","0","0","10724.9775","11420.902500000002","1693.4175","0","742.3199999999999","1194.67125","25776.28874999999","10670.849999999999","11714.737499999997","1647.0225","0","885.3712499999999","1314.5249999999999","26232.50624999999","10291.957500000002","10775.23875","1159.875","0","765.5175","1001.3587500000001","23993.94749999999","0","0","0","0","0","0","0","0","0","0","0","0","0","0","0","0","0","0","0","0","0","10137.307500000003","11339.71125","1732.0799999999997","0","773.25","1229.4675","25211.81624999999","11169.596249999999","11490.494999999999","1639.29","0","954.9637499999999","1190.8049999999998","26445.14999999999","10388.613749999999","11084.538750000002","1217.8687499999999","0","823.51125","1020.6899999999999","24535.2225","0","0","0","0","0","0","0","0","0","0","0","0","0","0","0","0","0","0","0","0","0","10810.034999999998","11157.997500000005","1824.87","0","750.0525","1140.5437499999998","25683.498750000002","10844.83125","11331.978750000002","1592.895","0","951.0974999999999","1198.5375000000001","25919.340000000004","10589.658750000004","10984.016250000002","1299.06","0","757.785","962.6962500000001","24593.21625","0","0","0","0","0","0","0","0","0","0","0","0","0","0","0","0","0","0","0","0","0","10848.6975","11471.16375","1828.73625","0","765.5174999999999","1136.6774999999998","26050.792500000007","11378.373749999999","11842.32375","1623.825","0","912.435","1217.86875","26974.826249999995","10833.232500000002","10929.888750000002","1260.3975","0","831.2437500000001","889.2375","24743.999999999985","0","0","0","0","0","0","0","0","0","0","0","0","0","0","0","0","0","0","0","0","0","10411.81125","11567.820000000003","1681.81875","0","773.25","1109.61375","25544.313750000005","11312.647500000001","11621.947499999993","1705.01625","0","842.8425","1442.11125","26924.564999999995","10516.2","10593.524999999998","1264.2637499999998","0","873.7725","1109.61375","24357.375","0","0","0","0","0","0","0","0","0","0","0","0","0","0","0","0","0","0","0","0","0","10473.671250000003","10995.615000000002","1871.265","0","765.5174999999999","1117.34625","25223.415","10357.68375","11177.328749999999","1627.69125","0","912.435","1198.5375","25273.676249999993","10643.78625","10779.105000000003","1264.2637499999998","0","784.8487499999999","1078.6837500000001","24550.687499999996","0","0","0","0","0","0","0","0","0","0","0","0","0","0","0","0","0","0","0","0","0","10380.881250000004","11123.201250000004","1805.5387499999997","0","773.25","1244.9325","25327.803750000017","10090.912499999999","11730.2025","1685.685","0","947.23125","1217.86875","25671.899999999994","10875.76125","10837.098750000001","1291.3274999999999","0","866.04","866.0400000000001","24736.267500000005","0","0","0","0","0","0","0","0","0","0","0","0","0","0","0","0","0","0","0","0","0","10636.053750000003","11455.69875","1739.8124999999998","0","765.5174999999999","1221.735","25818.817499999997","10643.786250000001","11822.992500000002","1612.22625","0","893.10375","1306.7925","26278.90125","10740.442499999994","11138.666250000002","1248.79875","0","924.03375","835.11","24887.051250000004","0","0","0","0","0","0","0","0","0","0","0","0","0","0","0","0","0","0","0","0","0","10373.14875","11157.9975","1739.8124999999998","0","719.1225","1190.8049999999998","25180.886250000003","11243.055000000002","11625.81375","1650.8887499999998","0","962.69625","1314.525","26796.978750000013","10241.696249999999","11215.991249999995","1256.53125","0","784.84875","962.69625","24461.763750000006","0","0","0","0","0","0","0","0","0","0","0","0","0","0","0","0","0","0","0","0","0","10454.340000000002","11374.507500000002","1894.4624999999999","0","750.0525","1183.0725","25656.435","10987.882500000003","11722.470000000001","1674.0862499999998","0","889.2375","1237.2","26510.876249999998","10241.696249999997","11320.380000000003","1248.79875","0","920.1675","1055.48625","24786.528749999994","0","0","0","0","0","0","0","0","0","0","0","0","0","0","0","0","0","0","0","0","0","10543.263750000002","11509.826249999996","1909.9275000000002","0","750.0525","1186.9387499999998","25900.008750000005","10427.276249999999","11107.736250000002","1542.63375","0","908.5687499999999","1302.92625","25289.141249999997","10844.83125","11320.380000000001","1376.385","0","792.58125","1005.225","25339.402500000007","0","0","0","0","0","0","0","0","0","0","0","0","0","0","0","0","0","0","0","0","0","10288.091250000003","11331.978750000004","1863.5324999999998","0","719.1225","1179.20625","25381.931250000005","11053.608750000001","11969.910000000002","1608.3600000000001","0","858.3074999999999","1163.7412499999998","26653.927500000005","10864.1625","10628.321250000005","1326.12375","0","866.04","1059.3525","24743.999999999996","0","0","0","0","0","0","0","0","0","0","0","0","0","0","0","0","0","0","0","0","0","10891.226250000002","11154.131250000002","1867.3987499999998","0","726.855","1159.875","25799.486250000013","10655.385000000004","11807.527499999995","1693.4175","0","974.295","1217.86875","26348.493749999998","10868.028750000001","10771.3725","1318.39125","0","769.38375","931.7662499999999","24658.942499999994","0","0","0","0","0","0","0","0","0","0","0","0","0","0","0","0","0","0","0","0","0","10752.041249999998","11420.902500000004","1817.1375","0","719.1225","1132.81125","25842.014999999996","10991.748749999997","12263.744999999999","1747.5449999999998","0","993.62625","1283.595","27280.259999999995","10848.697499999998","10949.220000000001","1310.6587499999998","0","773.25","835.11","24716.93625000001","0","0","0","0","0","0","0","0","0","0","0","0","0","0","0","0","0","0","0","0","0","10794.570000000002","11587.151249999999","1851.9337500000001","0","780.9825","1214.0025","26228.64","10868.028750000005","11567.819999999998","1681.8187500000001","0","1005.2249999999999","1109.61375","26232.50624999999","10206.900000000001","10562.595000000001","1221.7350000000001","0","835.11","1214.0025","24040.342500000002","0","0","0","0","0","0","0","0","0","0","0","0","0","0","0","0","0","0","0","0","0","10427.276250000004","11618.08125","1948.5900000000001","0","780.9825","1252.6650000000002","26027.595","10860.296250000005","11467.297499999999","1724.3474999999999","0","920.1675","1306.7925","26278.901249999995","10164.371249999998","10601.257500000002","1291.3274999999999","0","947.2312499999999","924.03375","23928.221249999984","0","0","0","0","0","0","0","0","0","0","0","0","0","0","0","0","0","0","0","0","0","10763.640000000003","11656.743750000003","1848.0674999999997","0","773.25","1128.945","26170.646249999994","10767.50625","12008.5725","1635.4237500000002","0","951.0975000000001","1322.2575000000002","26684.85749999998","10481.40375","10848.697499999998","1202.40375","0","750.0525","1074.8175","24357.374999999996","0","0","0","0","0","0","0","0","0","0","0","0","0","0","0","0","0","0","0","0","0","10423.409999999998","11250.7875","1863.5324999999998","0","742.3199999999999","1229.4675","25509.517500000005","11014.946249999999","11459.564999999999","1681.81875","0","1016.82375","1229.4675","26402.621249999997","10574.19375","10891.22625","1237.1999999999998","0","757.7850000000001","1163.74125","24624.14625","0","0","0","0","0","0","0","0","0","0","0","0","0","0","0","0","0","0","0","0","0","10531.664999999997","11374.507500000005","1824.87","0","726.855","1094.1487499999998","25552.046249999996","10508.467500000002","11212.125","1728.21375","0","920.1674999999999","1090.2824999999998","25459.256250000006","10462.072500000002","10779.104999999998","1202.40375","0","750.0525","1040.02125","24233.654999999988","0","0","0","0","0","0","0","0","0","0","0","0","0","0","0","0","0","0","0","0","0","10554.862500000001","11065.207500000002","1716.6149999999998","0","780.9825","1233.33375","25351.00124999999","11134.799999999997","11865.521249999998","1708.8824999999997","0","962.69625","1210.13625","26882.03624999999","10589.658750000002","11355.17625","1322.2575000000002","0","842.8425","947.2312499999999","25057.166250000006","0","0","0","0","0","0","0","0","0","0","0","0","0","0","0","0","0","0","0","0","0","10346.085","11273.984999999999","1890.59625","0","765.5174999999999","1194.6712499999999","25470.85500000001","10945.353749999997","11478.896249999998","1654.7549999999999","0","896.97","1233.3337500000002","26209.308750000007","10578.06","11072.939999999999","1299.06","0","866.04","935.6324999999999","24751.73249999999","0","0","0","0","0","0","0","0","0","0","0","0","0","0","0","0","0","0","0","0","0","10852.563750000001","11548.488750000002","1797.8062499999999","0","734.5875","1194.6712499999999","26128.117499999997","10806.168749999997","11695.406249999998","1635.4237499999997","0","908.56875","1244.9325","26290.5","10585.792500000001","11355.176250000002","1275.8625000000002","0","746.18625","997.4925","24960.51000000001","0","0","0","0","0","0","0","0","0","0","0","0","0","0","0","0","0","0","0","0","0","10825.499999999998","11409.303750000001","1890.5962499999998","0","757.785","1183.0724999999998","26066.2575","11328.112500000003","11277.851250000002","1639.29","0","835.1099999999999","1101.8812500000001","26182.245000000003","10639.920000000002","10968.551250000002","1237.1999999999998","0","780.9825","943.365","24570.018749999996","0","0","0","0","0","0","0","0","0","0","0","0","0","0","0","0","0","0","0","0","0","10744.30875","11703.138750000002","1693.4175","0","734.5875","1210.13625","26085.58874999999","10705.646249999998","11749.533749999999","1658.6212500000001","0","862.1737500000002","1333.85625","26309.831249999996","10554.8625","10991.748750000002","1175.3400000000001","0","753.91875","1109.61375","24585.483750000003","0","0","0","0","0","0","0","0","0","0","0","0","0","0","0","0","0","0","0","0","0","10400.212499999998","11734.068750000002","1871.2649999999999","0","726.855","1113.48","25845.88125000001","10396.346249999997","11850.05625","1708.8825","0","935.6324999999999","1264.26375","26155.181250000012","10922.15625","10608.990000000002","1217.86875","0","684.32625","896.97","24330.311250000006","0","0","0","0","0","0","0","0","0","0","0","0","0","0","0","0","0","0","0","0","0","10632.187500000002","11618.081250000001","1705.01625","0","788.7149999999999","1268.1299999999999","26012.130000000005","10802.302499999996","11761.132499999998","1662.4875","0","920.1675","1175.3400000000001","26321.43","10605.123750000002","11239.18875","1337.7224999999999","0","831.2437500000001","1101.88125","25115.160000000003","0","0","0","0","0","0","0","0","0","0","0","0","0","0","0","0","0","0","0","0","0","10810.034999999998","11606.482499999996","1724.3475","0","750.0525","1167.6074999999998","26058.525","10554.8625","11312.6475","1608.36","0","931.7662499999999","1291.3275","25698.96374999999","10709.512500000003","11130.933750000002","1264.26375","0","765.5174999999999","1024.55625","24894.783749999988","0","0","0","0","0","0","0","0","0","0","0","0","0","0","0","0","0","0","0","0","0","10562.595000000001","11030.411249999997","1894.4624999999999","0","719.1225","1202.40375","25408.995","11138.666249999998","11753.400000000001","1662.4875","0","904.7025","1353.1875","26812.443750000013","10322.887500000003","10875.76125","1275.8625000000002","0","664.995","989.76","24129.26625","0","0","0","0","0","0","0","0","0","0","0","0","0","0","0","0","0","0","0","0","0","10651.518749999997","11556.22125","1821.0037499999999","0","773.25","1117.34625","25919.339999999993","11007.21375","11973.77625","1631.5575","0","962.6962500000001","1252.665","26827.908749999988","10953.08625","11239.18875","1275.8625","0","664.995","1009.09125","25142.223750000005","0","0","0","0","0","0","0","0","0","0","0","0","0","0","0","0","0","0","0","0","0","10879.6275","11741.801249999997","1882.86375","0","750.0525","1132.8112499999997","26387.15625","10570.3275","12244.41375","1592.895","0","912.435","1291.3274999999999","26611.398750000004","11080.672500000002","11049.742499999995","1337.7224999999999","0","835.11","908.5687499999999","25211.816249999996","0","0","0","0","0","0","0","0","0","0","0","0","0","0","0","0","0","0","0","0","0","10539.397500000003","11668.342500000004","1863.5324999999998","0","757.785","1237.1999999999998","26066.257500000003","11003.347500000003","11146.39875","1643.1562499999998","0","838.9762499999999","1283.595","25915.473749999997","10682.448750000003","10810.035","1391.85","0","873.7725","1109.61375","24867.719999999987","0","0","0","0","0","0","0","0","0","0","0","0","0","0","0","0","0","0","0","0","0","10520.06625","11490.495000000003","1828.73625","0","757.785","1233.33375","25830.416249999977","10690.18125","11571.686250000004","1662.4875","0","954.9637500000001","1302.92625","26182.245","10558.728749999998","11366.775000000001","1299.06","0","788.7149999999999","1128.945","25142.22375000002","0","0","0","0","0","0","0","0","0","0","0","0","0","0","0","0","0","0","0","0","0","10535.531249999998","10879.627500000002","1851.93375","0","726.855","1175.34","25169.28749999999","11204.392499999998","11621.947499999998","1701.15","0","954.9637499999999","1299.06","26781.513750000006","10272.626250000001","11297.182499999999","1322.2575","0","769.3837500000001","1005.2249999999999","24666.675","0","0","0","0","0","0","0","0","0","0","0","0","0","0","0","0","0","0","0","0","0"
,"10879.627500000002","11478.896249999996","1766.8762500000003","0","742.3199999999999","1167.6074999999998","26035.32749999999","10922.156250000002","11378.37375","1600.6275","0","869.90625","1221.7350000000001","25992.798749999998","10674.71625","11471.163749999996","1183.0725","0","811.9124999999999","1082.55","25223.414999999997","0","0","0","0","0","0","0","0","0","0","0","0","0","0","0","0","0","0","0","0","0","10666.983750000001","11471.163750000002","1708.8825","0","742.3199999999999","1183.0725","25772.422500000004","10744.308749999998","12414.528750000001","1604.4937499999999","0","838.97625","1275.8625","26878.17000000001","10705.64625","10887.359999999999","1229.4675000000002","0","904.7025000000001","943.365","24670.541249999995","0","0","0","0","0","0","0","0","0","0","0","0","0","0","0","0","0","0","0","0","0","10156.638750000002","11254.653750000003","1786.2075000000002","0","726.855","1167.6074999999998","25091.96249999999","10868.028750000001","11428.634999999997","1674.0862499999998","0","951.0975000000001","1152.1425","26073.990000000013","10813.901250000003","11200.52625","1256.53125","0","719.1225","966.5625","24956.643749999996","0","0","0","0","0","0","0","0","0","0","0","0","0","0","0","0","0","0","0","0","0","10829.366250000001","11923.515000000003","1809.4050000000002","0","734.5875","1190.805","26487.678750000006","11188.9275","11645.144999999999","1589.02875","0","850.5749999999999","1264.26375","26537.940000000017","10736.576250000006","11304.915","1229.4675","0","842.8425","893.10375","25006.905000000002","0","0","0","0","0","0","0","0","0","0","0","0","0","0","0","0","0","0","0","0","0","10767.506249999999","11215.99125","1813.27125","0","765.5174999999999","1183.0725","25745.358749999996","11084.538750000005","11718.603749999997","1763.0099999999998","0","904.7025","1214.0024999999998","26684.857500000002","10527.798749999998","10980.15","1256.53125","0","664.995","989.76","24419.235","0","0","0","0","0","0","0","0","0","0","0","0","0","0","0","0","0","0","0","0","0","10786.837500000003","11123.20125","1759.14375","0","765.5174999999999","1152.1425","25586.842500000002","10926.022499999997","11714.737499999997","1650.88875","0","904.7024999999999","1225.60125","26421.952500000007","10709.512499999999","11053.608750000001","1364.7862499999999","0","869.90625","1043.8875","25041.701249999987","0","0","0","0","0","0","0","0","0","0","0","0","0","0","0","0","0","0","0","0","0","10856.429999999998","12027.903750000003","1828.73625","0","750.0525","1098.0149999999999","26561.13749999999","10740.442500000005","11915.782499999998","1724.3474999999999","0","927.9000000000001","1183.0724999999998","26491.545000000006","10968.551249999999","10717.244999999999","1244.9325","0","900.8362500000001","912.4350000000001","24743.99999999999","0","0","0","0","0","0","0","0","0","0","0","0","0","0","0","0","0","0","0","0","0","10601.2575","11339.711249999998","1828.7362499999997","0","742.3199999999999","1217.86875","25729.893749999996","10980.150000000003","11455.698750000005","1728.21375","0","958.83","1411.1812499999999","26534.073750000018","10628.321250000003","10724.977499999999","1337.7224999999999","0","784.84875","1009.09125","24484.96124999999","0","0","0","0","0","0","0","0","0","0","0","0","0","0","0","0","0","0","0","0","0","10349.95125","11587.151249999999","1940.8574999999998","0","750.0525","1148.2762500000001","25776.28874999999","11335.845000000001","11594.883749999999","1631.5575","0","900.83625","1310.65875","26773.78125","10825.499999999998","11096.1375","1357.05375","0","792.58125","1105.7475","25177.019999999997","0","0","0","0","0","0","0","0","0","0","0","0","0","0","0","0","0","0","0","0","0","10261.0275","11525.29125","1859.66625","0","726.855","1171.47375","25544.313749999998","10763.639999999998","11293.316250000002","1666.35375","0","931.7662500000001","1206.27","25861.346250000006","10964.685","10825.500000000004","1299.06","0","900.8362500000001","962.6962500000001","24952.777499999993","0","0","0","0","0","0","0","0","0","0","0","0","0","0","0","0","0","0","0","0","0","10446.607500000002","11954.445000000003","1817.1374999999998","0","734.5875","1241.0662499999999","26193.843750000007","10608.99","11231.456250000001","1573.5637499999998","0","935.6324999999999","1148.27625","25497.91875","10597.391250000002","10121.8425","1237.1999999999998","0","869.90625","850.575","23676.915000000005","0","0","0","0","0","0","0","0","0","0","0","0","0","0","0","0","0","0","0","0","0","10523.932499999997","11618.08125","1859.6662499999998","0","734.5875","1148.27625","25884.54375000001","10810.035","11830.724999999999","1735.94625","0","935.6324999999999","1175.34","26487.67875","10810.035000000003","10690.181249999998","1326.12375","0","672.7275","866.04","24365.10749999999","0","0","0","0","0","0","0","0","0","0","0","0","0","0","0","0","0","0","0","0","0","10465.938750000001","11795.928750000001","1793.9399999999998","0","765.5174999999999","1159.875","25981.20000000001","10976.283750000002","11579.41875","1670.22","0","842.8425000000001","1314.525","26383.29","10724.9775","10659.251250000003","1384.1175","0","842.8425","958.83","24570.018750000003","0","0","0","0","0","0","0","0","0","0","0","0","0","0","0","0","0","0","0","0","0","10612.85625","11753.4","1821.00375","0","750.0525","1283.595","26220.9075","11007.213749999999","11397.704999999996","1674.0862499999998","0","927.9000000000001","1318.39125","26325.29624999999","10755.907500000001","10338.352499999999","1256.53125","0","800.31375","1005.225","24156.32999999999","0","0","0","0","0","0","0","0","0","0","0","0","0","0","0","0","0","0","0","0","0","10910.5575","11239.18875","1797.80625","0","757.785","1237.1999999999998","25942.5375","10844.831250000003","11621.9475","1650.88875","0","927.9","1132.8112500000002","26178.37874999999","10713.37875","11127.067499999997","1183.0725","0","777.11625","1094.14875","24894.783750000017","0","0","0","0","0","0","0","0","0","0","0","0","0","0","0","0","0","0","0","0","0","10214.6325","11177.328749999997","1936.99125","0","734.5875","1159.875","25223.415000000008","10976.28375","10984.01625","1577.4299999999998","0","912.435","1318.39125","25768.556250000012","10728.84375","11324.246249999998","1364.7862499999999","0","827.3775","896.97","25142.22375000001","0","0","0","0","0","0","0","0","0","0","0","0","0","0","0","0","0","0","0","0","0","10837.09875","11188.927500000002","1821.0037499999999","0","726.855","1101.88125","25675.76625000001","10566.461250000004","11679.941249999998","1569.6975","0","854.44125","1175.34","25845.881249999995","10543.263749999998","11177.328749999997","1275.8625","0","866.04","916.30125","24778.796249999992","0","0","0","0","0","0","0","0","0","0","0","0","0","0","0","0","0","0","0","0","0","10767.50625","11409.303750000003","1805.53875","0","750.0525","1202.40375","25934.805000000004","10651.518750000001","11637.412500000002","1604.4937499999999","0","866.04","1121.2125","25880.67749999999","10999.481249999995","11022.678750000001","1364.7862499999999","0","777.11625","947.2312499999999","25111.293749999997","0","0","0","0","0","0","0","0","0","0","0","0","0","0","0","0","0","0","0","0","0","10315.154999999999","11645.145000000004","1821.0037499999999","0","719.1225000000001","1202.40375","25702.829999999998","11258.520000000002","11803.661250000001","1712.7487500000002","0","951.0974999999999","1175.3400000000001","26901.367500000008","10910.557499999999","11084.538750000002","1357.05375","0","804.18","939.49875","25095.82874999999","0","0","0","0","0","0","0","0","0","0","0","0","0","0","0","0","0","0","0","0","0","10315.155","11107.736249999998","1809.4050000000002","0","750.0525","1171.4737499999999","25153.822499999987","10694.047500000002","11347.44375","1763.01","0","912.435","1156.00875","25872.945000000003","10728.84375","11111.6025","1271.99625","0","850.575","947.23125","24910.24874999999","0","0","0","0","0","0","0","0","0","0","0","0","0","0","0","0","0","0","0","0","0","10655.385000000004","11467.2975","1863.5325","0","780.9825","1194.6712499999999","25961.868750000005","10956.9525","11822.992500000004","1635.42375","0","947.23125","1159.875","26522.475000000006","10871.894999999997","10666.983750000001","1094.1487499999998","0","769.38375","1063.21875","24465.629999999994","0","0","0","0","0","0","0","0","0","0","0","0","0","0","0","0","0","0","0","0","0","10659.251250000003","11370.641250000002","1724.3474999999999","0","750.0525","1337.7224999999999","25842.01500000001","10516.2","11335.844999999998","1643.15625","0","904.7025","1241.06625","25640.97000000001","10918.289999999995","11084.538749999998","1248.7987499999997","0","842.8425","1183.0725","25277.542499999992","0","0","0","0","0","0","0","0","0","0","0","0","0","0","0","0","0","0","0","0","0","10694.047499999997","11355.17625","1751.4112499999999","0","726.855","1159.8749999999998","25687.364999999998","10400.2125","11734.06875","1631.5575000000001","0","873.7725","1287.4612499999998","25927.07249999999","11177.328749999999","11069.07375","1318.39125","0","896.97","1109.61375","25571.377499999995","0","0","0","0","0","0","0","0","0","0","0","0","0","0","0","0","0","0","0","0","0","10612.856250000003","11382.24","1735.94625","0","726.855","1128.945","25586.8425","10748.175000000001","11676.075","1542.63375","0","927.8999999999999","1248.79875","26143.582499999993","10786.8375","11301.048749999998","1337.7224999999999","0","862.1737499999999","1136.6775","25424.46000000001","0","0","0","0","0","0","0","0","0","0","0","0","0","0","0","0","0","0","0","0","0","10612.85625","11281.7175","1909.9274999999998","0","726.855","1159.875","25691.23125000002","11130.933749999995","11583.285000000003","1650.8887499999998","0","939.49875","1318.39125","26622.9975","10353.817500000003","11347.443749999997","1291.3274999999999","0","811.9124999999999","819.645","24624.14625","0","0","0","0","0","0","0","0","0","0","0","0","0","0","0","0","0","0","0","0","0","10748.175000000001","11455.698750000001","1867.3987499999998","0","742.3199999999999","1171.4737499999999","25985.066250000003","10670.85","11351.309999999996","1596.7612499999998","0","920.1674999999999","1279.7287500000002","25818.81750000001","10902.825","10570.3275","1248.79875","0","804.1800000000001","1043.8875","24570.018750000007","0","0","0","0","0","0","0","0","0","0","0","0","0","0","0","0","0","0","0","0","0","10380.881249999997","11482.7625","1844.2012499999998","0","750.0525","1229.4675","25687.364999999998","10844.831250000003","11718.603749999998","1685.6849999999997","0","982.0274999999999","1368.6525","26599.800000000007","10875.761249999998","10794.569999999998","1283.5949999999998","0","862.1737500000002","908.56875","24724.668749999993","0","0","0","0","0","0","0","0","0","0","0","0","0","0","0","0","0","0","0","0","0","10589.658750000002","11034.2775","1743.67875","0","757.785","1244.9325","25370.332500000015","11359.042500000001","11880.986250000002","1674.08625","0","982.0275","1152.1425","27048.285","10597.391250000002","10678.5825","1283.5949999999998","0","792.5812500000001","1028.4225","24380.572499999995","0","0","0","0","0","0","0","0","0","0","0","0","0","0","0","0","0","0","0","0","0","10531.665000000003","11768.864999999996","1863.5324999999998","0","773.25","1190.8049999999998","26128.117500000015","10280.358749999998","11014.946249999999","1581.29625","0","939.49875","1190.8049999999998","25006.905","10651.518749999997","11227.59","1275.8625000000002","0","838.9762499999999","1067.085","25061.0325","0","0","0","0","0","0","0","0","0","0","0","0","0","0","0","0","0","0","0","0","0","10732.71","11490.495000000006","1851.93375","0","780.9825","1186.93875","26043.060000000005","10906.69125","11594.883750000003","1681.8187500000001","0","896.97","1229.4675","26309.83125","11080.672499999999","11212.125000000002","1283.595","0","819.645","854.4412500000001","25250.47875000001","0","0","0","0","0","0","0","0","0","0","0","0","0","0","0","0","0","0","0","0","0","10330.619999999999","11208.258749999999","1739.8124999999998","0","734.5875","1225.60125","25238.87999999999","10245.562500000002","11281.717499999999","1662.4875000000002","0","896.97","1217.86875","25304.606250000004","10960.818750000002","10407.945","1357.05375","0","808.04625","927.9","24461.763750000002","0","0","0","0","0","0","0","0","0","0","0","0","0","0","0","0","0","0","0","0","0","10454.34","11606.482499999998","1944.7237499999999","0","773.25","1233.33375","26012.13","10840.964999999998","11096.137499999999","1461.4425","0","908.56875","1260.3974999999998","25567.51125000001","10728.843749999998","10860.29625","1291.3274999999999","0","811.9124999999999","889.2375","24581.61750000001","0","0","0","0","0","0","0","0","0","0","0","0","0","0","0","0","0","0","0","0","0","10759.77375","11563.953749999999","1855.7999999999997","0","742.3199999999999","1163.74125","26085.588750000003","10655.385000000002","12000.84","1701.15","0","889.2375","1171.47375","26418.086250000004","11142.532499999998","11042.009999999998","1329.9899999999998","0","850.575","896.9699999999999","25262.077499999992","0","0","0","0","0","0","0","0","0","0","0","0","0","0","0","0","0","0","0","0","0","10655.385","11695.40625","1805.53875","0","773.25","1078.68375","26008.263750000002","10659.251250000003","11764.998750000002","1677.9524999999999","0","908.56875","1248.7987500000002","26259.570000000003","10407.945","10906.69125","1310.6587499999998","0","939.49875","958.8300000000002","24523.62375","0","0","0","0","0","0","0","0","0","0","0","0","0","0","0","0","0","0","0","0","0","10581.926250000002","11440.233750000001","1817.1374999999996","0","742.3199999999999","1198.5375","25780.15500000001","11331.978749999998","12000.84","1647.0225","0","889.2375","1260.3975","27129.476250000018","10535.531249999996","10953.086249999997","1283.595","0","881.5049999999999","993.62625","24647.343750000015","0","0","0","0","0","0","0","0","0","0","0","0","0","0","0","0","0","0","0","0","0","10508.467499999997","11614.214999999997","1836.46875","0","788.7149999999999","1128.945","25876.811250000002","10840.964999999998","10929.88875","1608.3600000000001","0","916.30125","1244.9325","25540.447500000002","10326.753749999996","10071.581249999997","1357.05375","0","827.3775","1055.4862500000002","23638.252500000006","0","0","0","0","0","0","0","0","0","0","0","0","0","0","0","0","0","0","0","0","0","10763.639999999996","11830.724999999997","1774.6087499999999","0","719.1225","1156.00875","26244.105000000007","10601.2575","11645.145000000004","1701.1499999999999","0","904.7024999999999","1376.3850000000002","26228.639999999992","10794.570000000002","10450.473750000005","1271.99625","0","939.49875","1032.28875","24488.8275","0","0","0","0","0","0","0","0","0","0","0","0","0","0","0","0","0","0","0","0","0","10697.913750000002","11351.310000000005","1801.6725000000001","0","726.855","1252.665","25830.416250000006","11397.704999999998","11722.470000000001","1666.3537500000002","0","893.10375","1310.6587499999998","26990.291250000017","10539.397500000001","11231.456249999996","1248.79875","0","808.0462500000001","1140.54375","24968.24249999999","0","0","0","0","0","0","0","0","0","0","0","0","0","0","0","0","0","0","0","0","0","10674.716249999998","11239.188750000003","1855.8","0","765.5174999999999","1186.93875","25722.16124999999","11069.07375","12360.401249999999","1546.5","0","947.23125","1190.805","27114.01125","10740.442500000001","10790.703749999997","1302.92625","0","780.9825000000001","873.7725","24488.827499999996","0","0","0","0","0","0","0","0","0","0","0","0","0","0","0","0","0","0","0","0","0","10721.111250000004","11250.787499999997","1793.9399999999998","0","726.855","1206.27","25698.963750000017","11173.462500000001","11316.51375","1608.36","0","1009.0912500000001","1360.92","26468.347500000007","10724.977499999999","10694.047500000002","1391.85","0","881.505","1020.69","24713.07","0","0","0","0","0","0","0","0","0","0","0","0","0","0","0","0","0","0","0","0","0","10380.881249999999","11703.13875","1855.7999999999997","0","719.1225","1179.20625","25838.14875","10898.958750000002","11212.124999999998","1612.22625","0","877.6387500000001","1310.6587499999998","25911.607499999987","10396.346249999997","10272.62625","1256.53125","0","808.04625","916.30125","23649.851249999996","0","0","0","0","0","0","0","0","0","0","0","0","0","0","0","0","0","0","0","0","0","10527.798750000002","11830.724999999999","1848.0675","0","750.0525","1144.41","26101.053749999992","10929.888749999998","11536.89","1654.7549999999999","0","947.23125","1121.2124999999999","26189.977499999983","10717.244999999999","10883.493749999998","1306.7924999999998","0","893.10375","1082.5500000000002","24883.18499999999","0","0","0","0","0","0","0","0","0","0","0","0","0","0","0","0","0","0","0","0","0","10690.181249999998","11038.143750000001","1755.2775000000001","0","765.5174999999999","1244.9325","25494.052500000013","10276.4925","11374.507500000002","1778.4750000000001","0","885.3712499999999","1256.53125","25571.377500000002","10516.2","10547.13","1299.06","0","858.3075","831.24375","24051.94124999999","0","0","0","0","0","0","0","0","0","0","0","0","0","0","0","0","0","0","0","0","0","10860.29625","11486.628749999998","1921.5262499999997","0","742.3199999999999","1244.9325","26255.703749999993","11169.596249999995","11161.863750000002","1596.76125","0","947.23125","1159.875","26035.327499999992","10647.652499999997","10767.506249999995","1337.7224999999999","0","927.9","974.295","24655.076249999995","0","0","0","0","0","0","0","0","0","0","0","0","0","0","0","0","0","0","0","0","0","10539.3975","11181.194999999998","1890.59625","0","765.5174999999999","1194.6712499999999","25571.377499999988","11022.678750000003","11981.50875","1728.21375","0","900.8362500000001","1337.7225","26970.96000000001","10694.047499999999","10949.219999999998","1310.65875","0","831.2437500000001","1016.82375","24801.993749999987","0","0","0","0","0","0","0","0","0","0","0","0","0","0","0","0","0","0","0","0","0","10485.269999999997","11359.042500000001","1944.7237499999999","0","765.5174999999999","1271.99625","25826.55","10608.990000000002","11273.984999999997","1647.0225","0","908.5687500000001","1128.945","25567.511250000007","10454.339999999998","11262.38625","1233.33375","0","769.38375","1028.4225","24747.866249999995","0","0","0","0","0","0","0","0","0","0","0","0","0","0","0","0","0","0","0","0","0","10748.175000000003","11803.661250000005","1705.0162500000001","0","734.5875","1244.9325","26236.372499999987","11169.596250000002","12341.07","1674.0862499999998","0","916.30125","1237.1999999999998","27338.25374999999","10620.588749999995","11223.72375","1264.26375","0","780.9825","885.37125","24774.930000000008","0","0","0","0","0","0","0","0","0","0","0","0","0","0","0","0","0","0","0","0","0","10384.747500000001","11359.042500000003","1755.2775","0","742.3199999999999","1128.945","25370.33250000001","10929.888749999998","11602.616250000001","1666.3537500000002","0","869.90625","1221.7350000000001","26290.500000000004","10937.621249999997","10516.199999999999","1140.54375","0","858.3075","842.8425","24295.515000000003","0","0","0","0","0","0","0","0","0","0","0","0","0","0","0","0","0","0","0","0","0","10435.008749999997","11737.935","1747.545","0","750.0525","1210.13625","25880.677499999998","10728.84375","11734.06875","1654.7549999999999","0","862.1737500000002","1152.1425","26131.983750000003","10620.58875","11185.061249999995","1156.00875","0","742.3199999999999","962.69625","24666.675","0","0","0","0","0","0","0","0","0","0","0","0","0","0","0","0","0","0","0","0","0","10624.455000000004","11370.641250000004","1844.2012499999998","0","750.0525","1086.41625","25675.766250000015","10721.111250000004","11873.253750000002","1654.7549999999999","0","904.7025000000001","1078.68375","26232.50624999999","10953.086249999997","10922.15625","1159.875","0","800.31375","1032.28875","24867.719999999998","0","0","0","0","0","0","0","0","0","0","0","0","0","0","0","0","0","0","0","0","0","10670.850000000002","11061.341250000001","1759.14375","0","750.0525","1210.13625","25451.52374999999","10879.627499999997","11853.922499999997","1670.2199999999998","0","908.5687499999999","1310.6587499999998","26622.997499999994","10976.28375","11057.475","1314.525","0","827.3774999999999","978.16125","25153.822500000006","0","0","0","0","0","0","0","0","0","0","0","0","0","0","0","0","0","0","0","0","0","10357.68375","11923.515000000001","1817.1374999999998","0","750.0525","1244.9325000000001","26093.321249999994","11138.66625","11583.284999999996","1674.0862499999998","0","924.03375","1144.41","26464.48124999999","10578.060000000001","10504.601250000003","1244.9325000000001","0","784.84875","835.11","23947.552499999998","0","0","0","0","0","0","0","0","0","0","0","0","0","0","0","0","0","0","0","0","0","10690.181250000001","11533.02375","1906.06125","0","765.5174999999999","1198.5375000000001","26093.321250000008","10852.56375","11602.61625","1708.8825","0","927.9000000000001","1407.315","26499.277499999997","10779.105","11231.456250000001","1283.595","0","838.9762499999999","985.8937500000001","25119.026249999988","0","0","0","0","0","0","0","0","0","0","0","0","0","0","0","0","0","0","0","0","0","10257.16125","11204.3925","1759.14375","0","750.0525","1171.47375","25142.223750000005","11011.079999999998","11088.405","1732.08","0","927.9","1237.2","25996.665000000008","10230.0975","10922.156250000002","1248.7987500000002","0","827.3775","978.16125","24206.59124999999","0","0","0","0","0","0","0","0","0","0","0","0","0","0","0","0","0","0","0","0","0","10821.633749999999","11467.297500000002","1851.9337500000001","0","742.3199999999999","1159.875","26043.060000000012","11014.94625","11656.743749999996","1623.825","0","931.7662499999999","1198.5375","26425.818749999995","10782.971249999997","10411.81125","1256.5312500000002","0","761.65125","1113.48","24326.444999999996","0","0","0","0","0","0","0","0","0","0","0","0","0","0","0","0","0","0","0","0","0","10732.710000000003","12201.885000000002","1832.6024999999997","0","742.3199999999999","1156.00875","26665.526250000003","10817.767499999998","12089.76375","1627.69125","0","893.10375","1074.8174999999999","26503.143749999996","10914.423750000002","11223.723749999997","1310.65875","0","761.65125","916.30125","25126.75875","0","0","0","0","0","0","0","0","0","0","0","0","0","0","0","0","0","0","0","0","0","10898.958750000002","10956.952499999996","1732.08","0","773.25","1098.0149999999999","25459.256249999995","11065.207499999999","11861.654999999995","1550.36625","0","908.5687499999999","1078.68375","26464.48125","10744.308750000004","11057.475","1256.53125","0","808.04625","1098.0149999999999","24964.376249999994","0","0","0","0","0","0","0","0","0","0","0","0","0","0","0","0","0","0","0","0","0","10856.429999999998","11219.8575","1747.5449999999998","0","695.925","1105.7475","25625.505000000005","10547.13","11618.081250000003","1705.01625","0","924.0337499999999","1237.2","26031.461250000008","10636.053750000003","11038.14375","1322.2575","0","630.19875","889.2375","24515.89125","0","0","0","0","0","0","0","0","0","0","0","0","0","0","0","0","0","0","0","0","0","10496.868750000001","10616.7225","1801.6725","0","734.5875","1167.6074999999998","24817.45875000001","11351.309999999998","11679.941250000002","1585.1625000000001","0","927.9","1314.525","26858.838749999995","10898.958749999996","10987.8825","1322.2575000000002","0","811.9124999999999","1005.2249999999999","25026.236249999994","0","0","0","0","0","0","0","0","0","0","0","0","0","0","0","0","0","0","0","0","0","10427.276249999999","11780.46375","1813.2712499999998","0","703.6575","1202.40375","25927.072499999995","10794.57","11277.851249999996","1681.81875","0","943.365","1217.8687499999999","25915.473750000016","10775.238749999997","10991.74875","1248.79875","0","858.3075000000001","985.89375","24859.987499999985","0","0","0","0","0","0","0","0","0","0","0","0","0","0","0","0","0","0","0","0","0","11080.672500000002","11927.38125","1836.4687499999998","0","750.0525","1152.1425","26746.7175","10960.81875","11695.406250000002","1647.0225","0","947.23125","1345.455","26595.933750000004","10632.1875","11026.544999999998","1241.06625","0","854.44125","811.9125","24566.152500000004","0","0","0","0","0","0","0","0","0","0","0","0","0","0","0","0","0","0","0","0","0","10697.913750000002","11459.565000000002","1917.6599999999999","0","780.9825","1175.34","26031.461250000008","10767.50625","11517.55875","1589.02875","0","927.9000000000001","1341.58875","26143.58250000001","10554.862499999997","10929.888749999995","1322.2575","0","850.575","935.6325","24593.216249999987","0","0","0","0","0","0","0","0","0","0","0","0","0","0","0","0","0","0","0","0","0","10527.798750000004","11359.042500000001","1851.93375","0","757.785","1090.2825","25586.8425","10465.938750000003","11873.253750000002","1674.08625","0","908.5687500000001","1094.14875","26015.99625","11003.347499999994","11100.003749999998","1345.455","0","777.11625","823.51125","25049.433749999993","0","0","0","0","0","0","0","0","0","0","0","0","0","0","0","0","0","0","0","0","0","10550.99625","11312.647499999997","1824.87","0","719.1225","1210.13625","25617.772500000003","10817.767500000002","11764.99875","1693.4174999999998","0","889.2375","1252.665","26418.086249999993","10713.37875","11011.079999999998","1391.85","0","866.04","935.6324999999999","24917.981249999986","0","0","0","0","0","0","0","0","0","0","0","0","0","0","0","0","0","0","0","0","0","10365.416250000002","11440.233749999998","1790.07375","0","726.855","1260.3975","25582.97625000001","10794.569999999998","11819.12625","1670.2199999999998","0","920.1675","1144.4099999999999","26348.493749999998","10481.403749999998","10639.92","1202.40375","0","734.5875","908.56875","23966.88375000001","0","0","0","0","0","0","0","0","0","0","0","0","0","0","0","0","0","0","0","0","0","10570.327500000001","11320.380000000001","1790.0737499999998","0","765.5174999999999","1094.1487499999998","25540.447499999995","11142.532500000001","11451.832499999999","1604.49375","0","858.3074999999999","1206.27","26263.436250000002","10608.989999999996","11641.278750000001","1310.6587499999998","0","761.6512500000001","896.97","25219.54875000001","0","0","0","0","0","0","0","0","0","0","0","0","0","0","0","0","0","0","0","0","0","10458.206249999997","11401.571249999997","1801.6724999999997","0","750.0525","1175.34","25586.8425","11072.94","11192.793749999997","1604.49375","0","889.2375","1214.0025","25973.4675","10840.965000000002","10728.843750000002","1229.4675","0","815.77875","985.89375","24600.948750000003","0","0","0","0","0","0","0","0","0","0","0","0","0","0","0","0","0","0","0","0","0","10717.244999999999","11513.6925","1851.93375","0","750.0525","1190.8049999999998","26023.728749999995","11111.602499999997","11312.6475","1720.48125","0","889.2375","1337.7225","26371.691250000007","10666.983749999998","11486.628750000002","1302.92625","0","838.9762499999999","982.0275","25277.5425","0","0","0","0","0","0","0","0","0","0","0","0","0","0","0","0","0","0","0","0","0","10728.843750000004","11718.60375","1747.5449999999998","0","750.0525","1109.61375","26054.658750000002","10883.493749999998","11587.151250000003","1561.965","0","974.295","1241.06625","26247.97124999999","10261.027500000002","10844.831249999997","1299.06","0","746.18625","889.2375","24040.342500000002","0","0","0","0","0","0","0","0","0","0","0","0","0","0","0","0","0","0","0","0","0","10837.098749999997","11621.9475","1886.73","0","765.5174999999999","1132.81125","26244.105","11196.660000000003","11822.992499999998","1619.95875","0","935.6324999999999","1225.60125","26800.845000000005","11115.468749999996","10732.710000000001","1302.92625","0","796.4475","1090.2825","25037.834999999992","0","0","0","0","0","0","0","0","0","0","0","0","0","0","0","0","0","0","0","0","0","10690.181250000001","11011.079999999998","1809.4049999999997","0","750.0525","1163.74125","25424.460000000006","10995.614999999998","11846.19","1681.81875","0","966.5625","1291.3274999999999","26781.51375000001","10825.500000000002","10821.63375","1237.2","0","846.70875","982.0274999999999","24713.06999999999","0","0","0","0","0","0","0","0","0","0","0","0","0","0","0","0","0","0","0","0","0","10516.199999999999","11707.005000000005","1666.3537499999998","0","726.855","1237.2","25853.613750000004","10728.84375","11571.686249999995","1658.62125","0","927.9","1179.20625","26066.2575","11034.2775","11072.939999999999","1376.385","0","838.9762499999999","931.76625","25254.345","0","0","0","0","0","0","0","0","0","0","0","0","0","0","0","0","0","0","0","0","0","10864.162500000002","11556.221249999995","1782.34125","0","719.1225","1101.88125","26023.72875","10516.200000000003","11563.953749999999","1662.4875","0","904.7024999999999","1349.32125","25996.664999999997","10593.525000000001","11007.213749999997","1322.2575","0","753.91875","1016.82375","24693.738750000004","0","0","0","0","0","0","0","0","0","0","0","0","0","0","0","0","0","0","0","0","0","10264.893749999997","11161.863750000004","1890.59625","0","750.0525","1194.6712499999999","25262.077500000003","11289.45","11196.660000000002","1712.74875","0","927.8999999999999","1256.53125","26383.289999999994","10249.428750000001","11161.863749999999","1299.06","0","823.51125","931.76625","24465.629999999997","0","0","0","0","0","0","0","0","0","0","0","0","0","0","0","0","0","0","0","0","0","10508.4675","10987.882500000002","1747.5449999999998","0","726.855","1140.5437499999998","25111.293750000004","11042.009999999998","11014.946249999995","1770.7425","0","951.0975000000001","1152.1425","25930.938749999994","10980.15","11219.857499999998","1337.7224999999999","0","746.18625","1070.95125","25354.867500000015","0","0","0","0","0","0","0","0","0","0","0","0","0","0","0","0","0","0","0","0","0","10500.735000000004","11409.303750000003","1724.3474999999999","0","750.0525","1237.1999999999998","25621.638750000002","10748.175000000001","11877.119999999999","1739.8125","0","935.6324999999999","1152.1425","26452.8825","10728.843749999995","10976.28375","1229.4674999999997","0","854.4412499999999","1082.55","24871.586250000004","0","0","0","0","0","0","0","0","0","0","0","0","0","0","0","0","0","0","0","0","0","10732.710000000001","11447.966250000001","1886.7299999999998","0","742.3199999999999","1148.27625","25958.002499999984","11123.20125","11834.591249999998","1658.62125","0","966.5625","1268.13","26851.10624999999","10504.601250000003","10821.63375","1221.735","0","808.0462499999999","792.58125","24148.597499999996","0","0","0","0","0","0","0","0","0","0","0","0","0","0","0","0","0","0","0","0","0","10365.416249999995","11915.782499999998","1894.4624999999999","0","742.3199999999999","1113.48","26031.461250000004","11065.2075","11745.6675","1565.83125","0","885.3712499999999","1384.1175","26646.195","11022.678750000001","10666.98375","1310.65875","0","893.10375","1059.3525","24952.77750000001","0","0","0","0","0","0","0","0","0","0","0","0","0","0","0","0","0","0","0","0","0","10636.053750000003","11618.081250000001","1840.3349999999996","0","726.855","1241.0662499999999","26062.39125","11011.080000000002","11691.539999999999","1561.965","0","935.6324999999999","1132.81125","26333.02875","11188.9275","10941.4875","1275.8625","0","757.785","904.7025000000001","25068.765000000007","0","0","0","0","0","0","0","0","0","0","0","0","0","0","0","0","0","0","0","0","0","10233.963749999999","11877.119999999997","1859.6662499999998","0","757.785","1144.41","25872.94500000001","10821.633750000003","11505.960000000001","1619.95875","0","896.97","1113.48","25958.002500000006","10860.296250000001","10589.658750000002","1186.93875","0","792.5812500000001","951.0975000000001","24380.57249999999","0","0","0","0","0","0","0","0","0","0","0","0","0","0","0","0","0","0","0","0","0","10968.551249999997","11246.921249999998","1790.0737499999998","0","703.6575","1237.1999999999998","25946.403749999998","11486.628750000003","11525.29125","1643.15625","0","939.49875","1434.3787499999999","27028.953750000015","11030.411250000003","10786.837500000001","1318.3912500000001","0","750.0525","931.7662499999999","24817.458749999994","0","0","0","0","0","0","0","0","0","0","0","0","0","0","0","0","0","0","0","0","0","10782.97125","11157.997500000003","1778.475","0","719.1225","1101.88125","25540.447499999995","10864.162500000002","12062.699999999999","1623.8249999999998","0","939.4987500000001","1275.8625","26766.04875000001","10605.123749999999","11138.66625","1275.8625","0","827.3775","989.76","24836.790000000005","0","0","0","0","0","0","0","0","0","0","0","0","0","0","0","0","0","0","0","0","0","10589.658749999999","11780.46375","1848.0675","0","750.0525","1156.00875","26124.251249999998","10593.524999999998","11857.788749999998","1569.6975","0","908.5687499999999","1256.53125","26186.111250000005","10655.385","11157.9975","1237.2","0","804.18","1098.0149999999999","24952.7775","0","0","0","0","0","0","0","0","0","0","0","0","0","0","0","0","0","0","0","0","0","10825.499999999998","11471.163749999998","1770.7424999999998","0","742.3199999999999","1140.54375","25950.269999999997","10879.627499999999","11536.889999999998","1724.3474999999999","0","954.9637499999999","1183.0725","26278.901250000006","10856.43","11525.291249999998","1337.7224999999999","0","788.715","997.4925000000001","25505.651249999995","0","0","0","0","0","0","0","0","0","0","0","0","0","0","0","0","0","0","0","0","0","10829.366250000001","11417.036250000001","1766.87625","0","750.0525","1179.20625","25942.537500000006","10717.245000000003","11838.457499999997","1600.6275","0","935.6325","1310.65875","26402.62125","10404.07875","10829.36625","1291.3274999999999","0","788.7149999999999","1152.1425","24465.629999999997","0","0","0","0","0","0","0","0","0","0","0","0","0","0","0","0","0","0","0","0","0","10666.98375","11386.10625","1832.6025","0","726.855","1128.945","25741.492500000008","10752.04125","11799.794999999998","1701.1499999999999","0","827.3775","1256.53125","26336.895000000008","10806.168749999999","11150.265","1384.1174999999998","0","858.3074999999999","908.56875","25107.427499999998","0","0","0","0","0","0","0","0","0","0","0","0","0","0","0","0","0","0","0","0","0","10110.243749999998","11594.883750000003","1821.0037499999999","0","773.25","1198.5375","25497.91875","10666.98375","11672.208750000002","1801.6725","0","951.0975000000001","1364.7862499999999","26456.748749999995","10844.831250000003","11231.45625","1221.735","0","850.575","819.645","24968.2425","0","0","0","0","0","0","0","0","0","0","0","0","0","0","0","0","0","0","0","0","0","10581.926250000002","11502.093750000002","1743.67875","0","719.1225","1221.7350000000001","25768.55625","10848.697500000002","12116.827500000003","1592.895","0","896.97","1353.1875","26808.57749999999","10516.199999999999","10748.174999999997","1256.53125","0","773.25","881.5050000000001","24175.661249999994","0","0","0","0","0","0","0","0","0","0","0","0","0","0","0","0","0","0","0","0","0","10315.155000000002","11389.972499999998","1677.9524999999999","0","765.5174999999999","1210.13625","25358.733750000007","10647.652500000002","11880.98625","1747.545","0","939.49875","1241.0662499999999","26456.748750000006","11100.00375","11119.335","1229.4675","0","804.1800000000001","908.5687499999999","25161.555000000004","0","0","0","0","0","0","0","0","0","0","0","0","0","0","0","0","0","0","0","0","0","10724.9775","11007.213749999997","1933.125","0","742.3199999999999","1063.21875","25470.85500000001","10690.181249999998","11328.112499999997","1670.22","0","1005.2249999999999","1291.3275","25985.066250000007","10458.206250000001","10864.1625","1268.13","0","738.4537500000001","1167.6075","24496.560000000005","0","0","0","0","0","0","0","0","0","0","0","0","0","0","0","0","0","0","0","0","0","10616.722500000002","11273.985000000002","1755.2775","0","711.39","1140.5437499999998","25497.91875000002","10666.983750000001","11958.31125","1720.4812499999998","0","951.0975000000001","1306.7925","26603.666250000006","11498.227499999999","10960.81875","1337.7224999999999","0","765.5174999999999","974.2950000000001","25536.58125","0","0","0","0","0","0","0","0","0","0","0","0","0","0","0","0","0","0","0","0","0","10694.047499999999","11668.3425","1801.6725","0","750.0525","1190.805","26104.919999999995","10771.372499999998","11737.935000000003","1612.22625","0","939.49875","1206.27","26267.3025","10779.104999999996","10837.098750000003","1364.7862499999999","0","769.38375","931.76625","24682.14","0","0","0","0","0","0","0","0","0","0","0","0","0","0","0","0","0","0","0","0","0","10632.187499999996","11223.72375","1720.48125","0","742.3199999999999","1117.34625","25436.05874999999","10891.226250000003","11892.585000000001","1639.29","0","920.1675","1275.8625","26619.13125","10868.028750000001","10926.022499999997","1175.34","0","831.2437500000001","985.89375","24786.528749999998","0","0","0","0","0","0","0","0","0","0","0","0","0","0","0","0","0","0","0","0","0","10941.487499999997","11219.8575","1608.3600000000001","0","750.0525","1125.07875","25644.836249999997","11088.405","11741.80125","1631.5575","0","924.03375","1163.74125","26549.538749999996","10346.085000000001","10910.557499999997","1310.65875","0","885.3712499999999","835.11","24287.782499999994","0","0","0","0","0","0","0","0","0","0","0","0","0","0","0","0","0","0","0","0","0","10620.588749999997","11556.22125","1844.2012499999998","0","780.9825","1152.1425","25954.136249999996","10802.302500000002","12317.872500000001","1627.69125","0","974.2950000000001","1109.61375","26831.775000000005","10694.0475","10895.092499999999","1248.79875","0","661.12875","784.84875","24283.91625000001","0","0","0","0","0","0","0","0","0","0","0","0","0","0","0","0","0","0","0","0","0","10736.576250000002","11799.795","1859.66625","0","734.5875","1275.8625","26406.487499999996","11134.800000000001","12020.171250000001","1623.8249999999998","0","974.2950000000001","1264.26375","27017.35500000001","10856.43","10779.105","1237.2","0","842.8425","916.30125","24631.878750000003","0","0","0","0","0","0","0","0","0","0","0","0","0","0","0","0","0","0","0","0","0","10856.43","11320.380000000001","1759.14375","0","773.25","1140.54375","25849.747499999987","10895.092499999999","11764.998749999999","1689.5512499999998","0","939.49875","1268.1299999999999","26557.27124999999","10106.377500000002","11157.997500000001","1221.735","0","730.72125","819.6450000000001","24036.47625","0","0","0","0","0","0","0","0","0","0","0","0","0","0","0","0","0","0","0","0","0","10465.938749999998","11691.540000000003","1793.9399999999998","0","742.3199999999999","1221.735","25915.473749999997","10833.2325","11935.11375","1612.22625","0","869.90625","1442.11125","26692.59000000001","10547.130000000001","10489.136250000001","1210.13625","0","842.8425","962.69625","24051.941249999993","0","0","0","0","0","0","0","0","0","0","0","0","0","0","0","0","0","0","0","0","0","10357.683750000002","11359.042500000003","1832.6025","0","726.855","1175.34","25451.523750000015","10187.56875","11714.737499999996","1674.0862499999998","0","997.4925","1117.3462499999998","25691.231249999997","10953.08625","11100.003750000002","1252.6649999999997","0","862.17375","854.4412500000001","25022.37","0","0","0","0","0","0","0","0","0","0","0","0","0","0","0","0","0","0","0","0","0","10724.9775","11931.247500000005","1921.5262500000001","0","780.9825","1183.0725","26541.806250000005","10964.685000000001","11776.597499999998","1600.6274999999998","0","931.7662499999999","1322.2575","26595.933749999997","11045.876250000001","11042.010000000004","1237.2","0","823.51125","800.31375","24948.91124999999","0","0","0","0","0","0","0","0","0","0","0","0","0","0","0","0","0","0","0","0","0"
,"10384.747499999998","11393.838750000003","1763.01","0","773.25","1214.0025","25528.84875","11142.5325","11563.953749999999","1589.02875","0","931.7662499999999","1167.6075","26394.888750000002","10755.907500000001","10775.238750000002","1229.4675","0","761.65125","1140.54375","24662.808750000004","0","0","0","0","0","0","0","0","0","0","0","0","0","0","0","0","0","0","0","0","0","10933.755","11931.247500000001","1805.5387499999997","0","734.5875","1148.27625","26553.405000000017","10574.19375","11235.3225","1623.825","0","916.30125","1329.9899999999998","25679.632500000003","10527.79875","10995.614999999998","1295.19375","0","896.97","908.56875","24624.146249999994","0","0","0","0","0","0","0","0","0","0","0","0","0","0","0","0","0","0","0","0","0","10446.607500000004","11776.597499999998","1770.7424999999998","0","742.3199999999999","1179.20625","25915.47374999999","11103.869999999999","11788.19625","1585.1625000000001","0","896.97","1225.60125","26599.799999999992","10605.123749999999","11370.64125","1202.40375","0","869.90625","1001.35875","25049.43374999999","0","0","0","0","0","0","0","0","0","0","0","0","0","0","0","0","0","0","0","0","0","10280.358749999998","11007.213750000003","1805.53875","0","750.0525","1237.1999999999998","25080.36374999999","11030.41125","11563.953749999999","1612.22625","0","935.6324999999999","1302.92625","26445.14999999999","10887.360000000002","10833.2325","1314.5249999999999","0","877.63875","873.7725","24786.528749999994","0","0","0","0","0","0","0","0","0","0","0","0","0","0","0","0","0","0","0","0","0","10682.44875","11413.170000000002","1732.08","0","734.5875","1186.9387499999998","25749.225","11455.698750000001","11471.16375","1689.55125","0","931.7662499999999","1264.2637499999998","26812.443750000002","10968.551249999999","10871.895000000002","1310.65875","0","873.7725","1001.35875","25026.236250000005","0","0","0","0","0","0","0","0","0","0","0","0","0","0","0","0","0","0","0","0","0","10821.633749999999","11424.768750000005","1863.5325000000003","0","765.5174999999999","1159.875","26035.327500000025","11038.14375","11919.64875","1658.6212500000001","0","904.7024999999999","1132.81125","26653.927499999994","11022.678750000001","11072.939999999999","1275.8625","0","800.31375","896.97","25068.765000000007","0","0","0","0","0","0","0","0","0","0","0","0","0","0","0","0","0","0","0","0","0","10678.5825","11962.177499999998","1809.405","0","750.0525","1167.6075","26367.824999999997","10953.08625","11575.552500000003","1554.2324999999998","0","893.10375","1360.9199999999998","26336.895000000004","10493.0025","11045.876249999998","1329.9899999999998","0","858.3075000000001","1009.0912500000001","24736.267499999994","0","0","0","0","0","0","0","0","0","0","0","0","0","0","0","0","0","0","0","0","0","10616.7225","11463.431250000001","1929.25875","0","750.0525","1244.9325","26004.397500000003","11161.86375","12143.891250000002","1612.22625","0","885.3712499999999","1136.6774999999998","26940.03","10748.174999999997","11594.88375","1194.67125","0","784.84875","1032.28875","25354.867499999997","0","0","0","0","0","0","0","0","0","0","0","0","0","0","0","0","0","0","0","0","0","10338.352499999999","11169.596249999997","1890.5962499999998","0","757.785","1214.0024999999998","25370.332500000004","11150.265000000003","11954.445000000003","1689.5512499999998","0","889.2375","1152.1425","26835.641250000008","10566.461250000004","10817.7675","1357.05375","0","831.2437500000001","1040.02125","24612.547499999997","0","0","0","0","0","0","0","0","0","0","0","0","0","0","0","0","0","0","0","0","0","10697.913750000003","11563.953750000002","1840.335","0","726.855","1329.99","26159.047500000004","10976.28375","11556.22125","1542.6337500000002","0","900.8362500000001","1233.33375","26209.30875","10581.926250000004","10748.175","1318.39125","0","780.9825","831.24375","24260.718749999993","0","0","0","0","0","0","0","0","0","0","0","0","0","0","0","0","0","0","0","0","0","10539.3975","11343.577500000001","1840.335","0","711.39","1229.4675","25664.167499999996","10701.780000000004","11467.297499999999","1643.15625","0","885.37125","1271.99625","25969.601250000003","10268.759999999998","10898.958750000002","1364.7862499999999","0","924.0337499999999","873.7724999999999","24330.311249999988","0","0","0","0","0","0","0","0","0","0","0","0","0","0","0","0","0","0","0","0","0","10512.333750000002","11687.67375","1936.9912499999998","0","726.855","1167.6074999999998","26031.46125","11301.048749999998","11436.3675","1604.4937499999999","0","827.3774999999999","1279.7287499999998","26449.016249999997","10465.938749999998","10910.557499999999","1337.7225","0","769.38375","1090.2825","24573.88499999999","0","0","0","0","0","0","0","0","0","0","0","0","0","0","0","0","0","0","0","0","0","10721.111250000004","11355.176250000004","1786.2075","0","780.9825","1132.81125","25776.28875","10829.366250000001","11393.838749999999","1600.6275","0","866.04","1248.79875","25938.67125000001","10902.824999999997","11262.386250000001","1241.06625","0","753.91875","889.2375","25049.433749999997","0","0","0","0","0","0","0","0","0","0","0","0","0","0","0","0","0","0","0","0","0","10674.71625","11633.546250000005","1705.01625","0","773.25","1198.5375","25985.066250000003","11053.60875","12159.356249999995","1569.6975","0","939.49875","1125.07875","26847.24000000001","10732.71","11297.182500000003","1310.6587499999998","0","889.2375","885.3712500000001","25115.15999999999","0","0","0","0","0","0","0","0","0","0","0","0","0","0","0","0","0","0","0","0","0","10782.971250000002","11471.163749999998","1828.73625","0","757.785","1132.81125","25973.46750000001","11123.201249999998","11475.029999999997","1631.5575000000001","0","966.5625","1117.34625","26313.697500000002","10732.71","11308.781249999996","1210.13625","0","788.7149999999999","985.8937499999998","25026.236249999994","0","0","0","0","0","0","0","0","0","0","0","0","0","0","0","0","0","0","0","0","0","10647.652500000002","10821.633749999999","1890.5962499999998","0","742.3199999999999","1260.3975","25362.600000000002","10218.498750000002","11397.705000000002","1654.7549999999999","0","904.7025000000001","1241.06625","25416.727499999994","10798.436250000002","10852.563750000001","1283.5949999999998","0","811.9124999999999","974.295","24720.802499999987","0","0","0","0","0","0","0","0","0","0","0","0","0","0","0","0","0","0","0","0","0","10562.594999999998","11594.88375","1859.6662499999998","0","726.855","1098.0149999999999","25842.015","11038.14375","11436.367499999998","1589.02875","0","862.1737499999999","1190.805","26116.518750000007","10717.244999999999","10821.633749999997","1279.72875","0","838.97625","889.2375","24546.821249999994","0","0","0","0","0","0","0","0","0","0","0","0","0","0","0","0","0","0","0","0","0","10732.709999999997","11718.60375","1793.9399999999998","0","750.0525","1183.0724999999998","26178.37875","10740.442500000001","11946.7125","1658.62125","0","954.96375","1179.20625","26479.946249999997","10373.148749999998","10396.346250000002","1310.6587499999998","0","835.1099999999999","1117.34625","24032.610000000004","0","0","0","0","0","0","0","0","0","0","0","0","0","0","0","0","0","0","0","0","0","10516.199999999999","11548.48875","1739.8125","0","750.0525","1194.6712499999999","25749.22499999999","11107.736250000002","11556.221249999999","1573.56375","0","869.90625","1144.41","26251.83750000001","10728.84375","10697.913750000002","1318.39125","0","792.58125","939.49875","24477.228750000002","0","0","0","0","0","0","0","0","0","0","0","0","0","0","0","0","0","0","0","0","0","10875.761250000001","11192.79375","1712.7487499999997","0","726.855","1117.34625","25625.505000000005","11328.112500000001","11567.820000000003","1589.02875","0","962.69625","1384.1175","26831.775000000012","10469.804999999998","10883.49375","1283.5949999999998","0","823.5112499999999","982.0274999999999","24442.432500000006","0","0","0","0","0","0","0","0","0","0","0","0","0","0","0","0","0","0","0","0","0","10334.48625","11505.960000000003","1940.8575","0","726.855","1109.61375","25617.7725","10728.84375","11478.896250000002","1654.7549999999999","0","958.83","1306.7925","26128.117499999997","10868.02875","11393.838749999999","1275.8625","0","893.10375","811.9125","25242.74625","0","0","0","0","0","0","0","0","0","0","0","0","0","0","0","0","0","0","0","0","0","10705.646250000002","11301.048749999998","1751.4112499999999","0","780.9825","1121.2124999999999","25660.301250000008","11053.608750000003","11451.832499999999","1689.55125","0","904.7025","1144.41","26244.10500000001","10593.525000000003","11069.073750000003","1329.9899999999998","0","835.11","951.0975000000001","24778.79625000001","0","0","0","0","0","0","0","0","0","0","0","0","0","0","0","0","0","0","0","0","0","10489.136250000001","11792.0625","1724.3475","0","734.5875","1136.6775","25876.811250000006","10782.971250000002","11950.57875","1697.28375","0","912.435","1152.1425","26495.41124999999","10411.81125","11076.806250000001","1337.7224999999999","0","904.7025000000001","962.69625","24693.738749999997","0","0","0","0","0","0","0","0","0","0","0","0","0","0","0","0","0","0","0","0","0","10697.913750000002","11571.68625","1890.59625","0","750.0525","1156.00875","26066.257500000003","11111.6025","12093.630000000001","1635.42375","0","935.6325000000002","1295.19375","27071.482500000002","10628.321250000003","10972.417500000003","1275.8625","0","831.2437500000001","1028.4225000000001","24736.26749999999","0","0","0","0","0","0","0","0","0","0","0","0","0","0","0","0","0","0","0","0","0","10411.81125","11486.628749999998","1782.34125","0","757.785","1291.3274999999999","25729.893749999996","10493.002499999997","11548.48875","1604.4937499999999","0","908.56875","1109.61375","25664.167499999985","10763.639999999996","11018.8125","1264.2637499999998","0","730.7212499999999","819.645","24597.082500000008","0","0","0","0","0","0","0","0","0","0","0","0","0","0","0","0","0","0","0","0","0","10523.9325","11096.1375","1592.895","0","757.785","1221.7350000000001","25192.48499999999","10810.034999999998","11362.908749999999","1689.55125","0","920.1675","1214.0025","25996.665000000015","10589.658749999999","11165.730000000005","1217.86875","0","831.24375","1190.805","24995.30624999999","0","0","0","0","0","0","0","0","0","0","0","0","0","0","0","0","0","0","0","0","0","10879.6275","11432.501249999998","1801.6725000000001","0","750.0525","1183.0725","26046.926249999997","10860.296250000001","11533.023749999998","1693.4175","0","962.69625","1256.53125","26305.965","10581.926249999999","11007.21375","1225.60125","0","753.91875","819.645","24388.305","0","0","0","0","0","0","0","0","0","0","0","0","0","0","0","0","0","0","0","0","0","10280.358750000003","11316.513749999998","1782.34125","0","742.3199999999999","1229.4675","25351.00125000001","10794.57","11401.571249999999","1732.08","0","958.83","1163.74125","26050.79250000001","10798.436250000002","10972.4175","1322.2575","0","769.38375","1152.1425","25014.637500000008","0","0","0","0","0","0","0","0","0","0","0","0","0","0","0","0","0","0","0","0","0","10523.932499999997","11397.705000000002","1844.2012499999998","0","773.25","1206.27","25745.358749999992","10369.2825","11563.95375","1561.9649999999997","0","881.5049999999999","1190.8049999999998","25567.511250000007","10887.359999999999","10802.302499999998","1275.8625","0","765.5174999999999","939.49875","24670.54124999999","0","0","0","0","0","0","0","0","0","0","0","0","0","0","0","0","0","0","0","0","0","10311.28875","11343.577500000001","1836.4687499999998","0","726.855","1225.60125","25443.791250000017","10500.734999999999","11795.928749999997","1681.8187500000001","0","920.1675","1322.2575","26220.9075","10910.557499999997","11053.608750000001","1256.53125","0","750.0525","974.2949999999998","24945.045000000002","0","0","0","0","0","0","0","0","0","0","0","0","0","0","0","0","0","0","0","0","0","10481.403750000001","11610.348750000001","1759.1437499999997","0","750.0525","1206.27","25807.21875","11235.322499999998","11676.074999999997","1600.6274999999998","0","927.9000000000001","1186.93875","26626.863749999993","10608.990000000002","11212.124999999998","1268.13","0","819.645","877.63875","24786.528749999998","0","0","0","0","0","0","0","0","0","0","0","0","0","0","0","0","0","0","0","0","0","10775.238750000002","11695.40625","1774.60875","0","757.785","1206.27","26209.30875","10968.551249999999","11629.679999999998","1592.895","0","869.90625","1125.07875","26186.11125","10380.881249999999","11277.85125","1302.92625","0","869.90625","939.49875","24771.06375","0","0","0","0","0","0","0","0","0","0","0","0","0","0","0","0","0","0","0","0","0","10790.70375","11308.781250000002","1809.4049999999997","0","780.9825","1225.60125","25915.473750000016","10705.64625","11815.26","1670.22","0","978.1612500000001","1252.665","26421.952500000007","10566.461250000002","10806.168749999999","1264.2637499999998","0","777.11625","889.2375","24303.247500000005","0","0","0","0","0","0","0","0","0","0","0","0","0","0","0","0","0","0","0","0","0","10241.69625","11440.233749999998","1790.0737500000002","0","726.855","1144.4099999999999","25343.268749999992","10616.722499999998","11830.724999999999","1801.6725","0","908.5687499999999","1171.47375","26329.1625","10554.862499999997","10891.226249999996","1283.5949999999998","0","788.7149999999999","896.97","24415.368750000012","0","0","0","0","0","0","0","0","0","0","0","0","0","0","0","0","0","0","0","0","0","10771.372499999998","11587.15125","1786.2074999999998","0","750.0525","1268.1299999999999","26162.913749999992","10608.990000000002","11417.036249999997","1650.88875","0","958.8299999999999","1221.735","25857.48","10968.551249999999","10960.818749999999","1364.7862499999999","0","873.7725","978.16125","25146.09","0","0","0","0","0","0","0","0","0","0","0","0","0","0","0","0","0","0","0","0","0","10817.7675","12043.368750000001","1793.9399999999998","0","703.6575","1225.60125","26584.335000000003","10717.245","11451.8325","1677.9525","0","947.23125","1229.4675","26023.72875","10918.289999999995","10581.92625","1291.3274999999999","0","719.1225","788.715","24299.38125000001","0","0","0","0","0","0","0","0","0","0","0","0","0","0","0","0","0","0","0","0","0","10431.142500000002","11552.355000000003","1786.2075","0","773.25","1140.5437499999998","25683.498749999995","10465.938750000001","11958.311249999995","1674.08625","0","889.2375","1333.8562499999998","26321.430000000008","10566.461250000002","11169.596249999999","1186.93875","0","792.58125","962.6962500000001","24678.27375000001","0","0","0","0","0","0","0","0","0","0","0","0","0","0","0","0","0","0","0","0","0","10895.092500000004","11447.966250000003","1836.4687499999998","0","765.5174999999999","1156.00875","26101.05375","10837.098750000005","11177.328750000002","1643.15625","0","982.0274999999999","1384.1174999999998","26023.728750000006","10651.51875","10531.665","1229.4675000000002","0","800.31375","935.6324999999999","24148.597500000007","0","0","0","0","0","0","0","0","0","0","0","0","0","0","0","0","0","0","0","0","0","10469.805000000002","11397.705000000004","1875.13125","0","742.3199999999999","1233.33375","25718.295","11103.869999999999","11536.889999999998","1554.2324999999998","0","951.0975000000001","1190.805","26336.895","10574.193749999999","11304.915000000003","1310.6587499999998","0","800.31375","908.56875","24898.65","0","0","0","0","0","0","0","0","0","0","0","0","0","0","0","0","0","0","0","0","0","10786.837500000001","11467.297500000002","1840.335","0","765.5174999999999","1167.6075","26027.59500000001","11188.927499999998","11664.476250000002","1585.1625","0","877.6387500000001","1244.9325","26561.137500000004","10821.633749999999","11359.042499999998","1345.455","0","800.31375","997.4925000000001","25323.9375","0","0","0","0","0","0","0","0","0","0","0","0","0","0","0","0","0","0","0","0","0","10767.506249999999","11911.91625","1832.6025","0","757.785","1070.9512499999998","26340.76125","10945.353749999997","11563.953749999999","1619.95875","0","970.42875","1210.13625","26309.83125","10879.6275","10883.49375","1302.92625","0","819.645","1020.6899999999999","24906.382500000003","0","0","0","0","0","0","0","0","0","0","0","0","0","0","0","0","0","0","0","0","0","10624.454999999998","11293.316250000002","1848.0675","0","750.0525","1256.53125","25772.422499999993","10694.047499999999","11080.6725","1677.9524999999999","0","881.5049999999999","1217.8687499999999","25552.046250000003","10844.831249999997","11034.277500000004","1175.34","0","869.90625","850.5749999999999","24774.930000000008","0","0","0","0","0","0","0","0","0","0","0","0","0","0","0","0","0","0","0","0","0","10574.19375","11262.38625","1875.13125","0","734.5875","1117.3462499999998","25563.645000000004","10504.601250000002","12074.29875","1604.4937499999999","0","908.5687500000001","1121.2125","26213.174999999996","11100.00375","10786.8375","1291.3274999999999","0","850.5749999999999","951.0975","24979.84125","0","0","0","0","0","0","0","0","0","0","0","0","0","0","0","0","0","0","0","0","0","10516.2","11072.94","1751.41125","0","773.25","1210.13625","25323.9375","10833.232499999998","11788.196250000003","1697.28375","0","951.0975","1260.3975","26530.207500000015","10632.187500000002","11072.940000000002","1318.3912500000001","0","777.11625","993.62625","24794.261250000003","0","0","0","0","0","0","0","0","0","0","0","0","0","0","0","0","0","0","0","0","0","10639.919999999998","11664.476250000002","1878.9975","0","780.9825","1190.8049999999998","26155.181249999994","10906.691250000003","11850.05625","1577.4299999999998","0","885.3712499999999","1070.9512499999998","26290.49999999999","10949.22","11061.341249999998","1214.0025","0","792.58125","970.4287499999999","24987.57375","0","0","0","0","0","0","0","0","0","0","0","0","0","0","0","0","0","0","0","0","0","10404.078750000002","11401.57125","1863.5324999999998","0","765.5174999999999","1214.0025","25648.702500000003","11359.042500000003","11784.33","1763.01","0","881.5049999999999","1125.0787500000001","26912.966249999998","11258.520000000002","11061.341250000001","1283.5949999999998","0","850.575","1067.085","25521.116250000017","0","0","0","0","0","0","0","0","0","0","0","0","0","0","0","0","0","0","0","0","0","10164.371249999998","11401.571249999999","1739.8124999999998","0","719.1225","1140.5437499999998","25165.42125000001","10837.098749999997","11401.571250000003","1616.0925","0","927.9000000000001","1128.9450000000002","25911.6075","10848.697500000002","11134.8","1291.3274999999999","0","784.8487499999999","989.76","25049.43374999999","0","0","0","0","0","0","0","0","0","0","0","0","0","0","0","0","0","0","0","0","0","10810.034999999998","11583.285","1836.4687499999998","0","765.5174999999999","1229.4675","26224.77375000001","10790.703750000002","11877.119999999997","1585.1625","0","900.83625","1264.2637499999998","26418.08624999999","10968.551249999999","10616.722499999996","1329.99","0","873.7725","970.42875","24759.465","0","0","0","0","0","0","0","0","0","0","0","0","0","0","0","0","0","0","0","0","0","10454.34","11749.533749999997","1689.55125","0","765.5174999999999","1306.7925","25965.734999999997","11273.985000000002","11602.61625","1608.3599999999997","0","916.30125","1070.95125","26472.213750000006","10837.098750000001","10782.971249999997","1337.7224999999999","0","734.5875","916.3012500000001","24608.68125000001","0","0","0","0","0","0","0","0","0","0","0","0","0","0","0","0","0","0","0","0","0","10504.601250000002","11285.583750000002","1875.13125","0","734.5875","1198.5375","25598.441249999993","10844.83125","11277.85125","1507.8375","0","896.9699999999999","1098.0149999999999","25625.505000000016","10682.448749999996","11014.946249999999","1326.1237499999997","0","784.84875","893.10375","24701.471250000006","0","0","0","0","0","0","0","0","0","0","0","0","0","0","0","0","0","0","0","0","0","10852.56375","11246.921250000003","1929.25875","0","788.7149999999999","1086.41625","25903.874999999985","10771.3725","11811.393750000003","1693.4175","0","954.9637500000001","1086.41625","26317.56375000001","10887.359999999997","11045.876250000001","1271.9962500000001","0","885.37125","877.63875","24968.242499999997","0","0","0","0","0","0","0","0","0","0","0","0","0","0","0","0","0","0","0","0","0","10500.735","11745.667499999998","1851.9337499999997","0","750.0525","1125.07875","25973.46749999999","11301.04875","11676.074999999997","1735.9462499999997","0","889.2375","1341.58875","26943.896249999983","10910.557499999999","10697.913749999998","1337.7224999999999","0","715.2562499999999","1059.3525","24720.8025","0","0","0","0","0","0","0","0","0","0","0","0","0","0","0","0","0","0","0","0","0","10833.2325","11838.457500000002","1766.8762499999998","0","750.0525","1241.06625","26429.684999999987","10887.359999999997","11850.056249999998","1523.3025","0","924.03375","1256.53125","26441.28374999999","10825.5","11003.347499999996","1244.9325000000001","0","842.8425","1036.155","24952.777500000004","0","0","0","0","0","0","0","0","0","0","0","0","0","0","0","0","0","0","0","0","0","10210.76625","11424.768750000001","1809.405","0","726.855","1156.00875","25327.803749999995","10578.059999999998","11764.998750000004","1635.42375","0","931.76625","1132.81125","26043.059999999998","10477.537499999999","11320.380000000001","1310.6587499999998","0","846.70875","916.30125","24871.586249999993","0","0","0","0","0","0","0","0","0","0","0","0","0","0","0","0","0","0","0","0","0","10806.168749999999","12031.769999999999","1755.2775","0","750.0525","1163.74125","26507.010000000002","11142.532500000001","11281.717499999997","1627.6912499999999","0","904.7025000000001","1333.85625","26290.499999999996","10960.818750000002","11049.742500000004","1329.9899999999998","0","831.2437499999999","1005.2249999999999","25177.019999999997","0","0","0","0","0","0","0","0","0","0","0","0","0","0","0","0","0","0","0","0","0","10840.965","11830.724999999999","1739.8124999999998","0","750.0525","1237.1999999999998","26398.755","10697.913750000002","11297.182500000003","1507.8375","0","900.83625","1132.81125","25536.58125","11130.933749999998","11127.0675","1175.34","0","850.575","927.9","25211.81625","0","0","0","0","0","0","0","0","0","0","0","0","0","0","0","0","0","0","0","0","0","10976.283749999999","11335.845000000001","1801.6725","0","750.0525","1067.085","25930.93874999999","10489.136249999998","11641.278750000001","1585.1625","0","920.1675","1256.53125","25892.276249999995","10535.53125","10779.105000000001","1275.8625","0","893.10375","1074.8175","24558.419999999995","0","0","0","0","0","0","0","0","0","0","0","0","0","0","0","0","0","0","0","0","0","10670.850000000002","11409.303750000005","1906.06125","0","726.855","1113.48","25826.549999999996","10589.65875","12004.706250000001","1670.2200000000003","0","850.575","1403.44875","26518.608750000003","10655.384999999998","11196.66","1237.2","0","788.715","935.6324999999999","24813.59250000001","0","0","0","0","0","0","0","0","0","0","0","0","0","0","0","0","0","0","0","0","0","10249.42875","11505.959999999995","1774.60875","0","773.25","1194.6712499999999","25497.918750000004","10926.022500000001","11896.451250000002","1616.0925","0","854.4412499999999","1264.2637499999998","26557.27125","10678.5825","10767.506249999999","1156.00875","0","811.9125","1055.48625","24469.496249999993","0","0","0","0","0","0","0","0","0","0","0","0","0","0","0","0","0","0","0","0","0","10156.638749999998","11173.4625","1821.0037499999999","0","757.785","1140.5437499999998","25049.433750000004","10906.69125","11672.208749999994","1759.14375","0","908.56875","1260.3975","26507.009999999984","10728.84375","11502.09375","1364.7862499999999","0","939.49875","962.69625","25497.918750000004","0","0","0","0","0","0","0","0","0","0","0","0","0","0","0","0","0","0","0","0","0","11103.87","11331.97875","1948.5900000000001","0","742.3199999999999","1094.14875","26220.9075","10802.302500000002","11676.075","1674.08625","0","881.505","1438.245","26472.213750000006","10926.022500000001","11428.634999999998","1310.6587499999998","0","777.11625","750.0525","25192.484999999997","0","0","0","0","0","0","0","0","0","0","0","0","0","0","0","0","0","0","0","0","0","10500.735000000002","11316.51375","1681.81875","0","742.3199999999999","1009.09125","25250.47875","10949.22","11768.864999999998","1577.4299999999998","0","924.03375","1283.5949999999998","26503.143749999996","10694.0475","11289.449999999999","1302.92625","0","850.575","912.435","25049.43375000001","0","0","0","0","0","0","0","0","0","0","0","0","0","0","0","0","0","0","0","0","0","10612.856249999999","11440.233749999998","1728.21375","0","742.3199999999999","1148.27625","25671.900000000012","11049.742500000002","11463.431249999994","1670.2199999999998","0","846.70875","1264.26375","26294.366249999995","11130.933749999997","10991.74875","1318.39125","0","750.0525","1012.9575","25204.08374999999","0","0","0","0","0","0","0","0","0","0","0","0","0","0","0","0","0","0","0","0","0","10666.983749999998","11996.973750000003","1770.7425","0","750.0525","1171.47375","26356.226249999992","11018.812500000002","11614.215000000002","1623.825","0","927.9000000000001","1268.13","26452.882499999996","10782.97125","11235.322499999998","1214.0025","0","846.70875","893.10375","24972.10874999998","0","0","0","0","0","0","0","0","0","0","0","0","0","0","0","0","0","0","0","0","0","10481.403750000003","11536.89","1836.46875","0","750.0525","1244.9325","25849.747499999998","10752.041250000002","11822.992500000002","1592.895","0","885.3712499999999","1214.0025","26267.30250000001","10914.423749999994","10802.302500000002","1322.2575","0","854.44125","819.645","24713.06999999998","0","0","0","0","0","0","0","0","0","0","0","0","0","0","0","0","0","0","0","0","0","11130.93375","11115.468750000002","1944.7237499999999","0","765.5174999999999","1206.27","26162.91374999999","10334.486249999998","11737.934999999996","1732.08","0","866.04","1329.99","26000.53125","10868.028750000001","11378.373749999995","1291.3274999999999","0","808.0462500000001","1221.7350000000001","25567.511250000007","0","0","0","0","0","0","0","0","0","0","0","0","0","0","0","0","0","0","0","0","0","10500.734999999997","10755.907500000001","1925.3925","0","765.5174999999999","1206.27","25153.82250000001","10883.49375","11208.258749999999","1654.7549999999999","0","974.2949999999998","1287.46125","26008.26374999999","10578.06","11312.647500000001","1372.5187499999997","0","804.1799999999998","858.3075","24925.713749999995","0","0","0","0","0","0","0","0","0","0","0","0","0","0","0","0","0","0","0","0","0","10678.5825","11343.5775","1755.2774999999997","0","788.7149999999999","1156.00875","25722.16125","10759.773750000002","11482.762500000003","1681.81875","0","939.49875","1117.34625","25981.199999999993","10284.224999999999","10450.473749999997","1275.8625","0","827.3775","1043.8875","23881.826249999995","0","0","0","0","0","0","0","0","0","0","0","0","0","0","0","0","0","0","0","0","0","10388.61375","11432.501250000001","1898.32875","0","742.3199999999999","1090.2825","25552.046250000003","11038.143750000003","11428.635","1720.48125","0","916.30125","1167.6075","26271.168749999993","10837.09875","10531.665000000005","1310.65875","0","769.38375","1001.35875","24450.165000000005","0","0","0","0","0","0","0","0","0","0","0","0","0","0","0","0","0","0","0","0","0","10450.473750000005","11455.698750000001","1851.93375","0","750.0525","1217.8687499999999","25726.027500000007","10945.353749999998","12035.636250000003","1674.0862500000003","0","951.0974999999999","1337.7224999999999","26943.896249999994","10326.753750000002","10918.29","1264.2637499999998","0","819.645","784.8487499999999","24113.801250000008","0","0","0","0","0","0","0","0","0","0","0","0","0","0","0","0","0","0","0","0","0","10709.512500000003","11707.005","1878.9975","0","773.25","1090.2825","26159.047500000004","11080.6725","11645.145000000002","1569.6975000000002","0","1001.35875","1063.21875","26360.09250000001","10953.086250000002","11641.27875","1372.51875","0","842.8425000000001","916.3012500000001","25726.027499999997","0","0","0","0","0","0","0","0","0","0","0","0","0","0","0","0","0","0","0","0","0","10114.11","11285.583750000002","1848.0674999999999","0","750.0525","1198.5375","25196.351250000003","10616.7225","11730.202499999996","1728.21375","0","831.24375","1275.8625","26182.245000000003","10732.71","11459.565000000002","1283.595","0","904.7025","1159.875","25540.4475","0","0","0","0","0","0","0","0","0","0","0","0","0","0","0","0","0","0","0","0","0","10771.372499999998","11362.908749999999","1805.53875","0","780.9825","1225.6012500000002","25946.403749999998","11185.06125","11343.577500000001","1701.15","0","997.4925000000001","1140.54375","26367.825","10156.63875","11092.271249999996","1364.7862499999999","0","835.11","866.0400000000001","24314.84625","0","0","0","0","0","0","0","0","0","0","0","0","0","0","0","0","0","0","0","0","0","10473.671250000001","11714.7375","1689.5512499999998","0","765.5174999999999","1148.27625","25791.753750000007","10728.843750000002","12008.572499999998","1724.3474999999999","0","877.6387500000001","1217.86875","26557.271250000005","10647.652500000004","10918.289999999997","1302.92625","0","757.785","1016.82375","24643.4775","0","0","0","0","0","0","0","0","0","0","0","0","0","0","0","0","0","0","0","0","0","10334.48625","11378.373749999997","1712.74875","0","726.855","1252.665","25405.12875000002","11003.347499999998","11923.515000000001","1716.615","0","877.6387500000001","1333.85625","26854.972499999993","10825.5","11455.698750000003","1248.79875","0","835.11","1024.55625","25389.663750000003","0","0","0","0","0","0","0","0","0","0","0","0","0","0","0","0","0","0","0","0","0","10999.481250000003","11312.647500000001","1724.3474999999999","0","734.5875","1113.48","25884.543750000008","10763.640000000001","11034.2775","1604.49375","0","815.77875","1217.86875","25436.058750000007","10643.786250000001","11277.85125","1175.34","0","850.575","935.6325","24883.185","0","0","0","0","0","0","0","0","0","0","0","0","0","0","0","0","0","0","0","0","0","10504.601249999998","11366.774999999998","1801.6725","0","750.0525","1167.6074999999998","25590.70875","10678.582499999999","11737.935","1681.81875","0","896.9699999999999","1357.0537499999998","26352.36","10759.773750000002","11188.9275","1264.2637499999998","0","695.925","777.11625","24686.006250000002","0","0","0","0","0","0","0","0","0","0","0","0","0","0","0","0","0","0","0","0","0","10527.798750000002","11865.52125","1844.2012499999998","0","750.0525","1148.27625","26135.850000000013","11200.526249999999","11308.78125","1631.5574999999997","0","935.6324999999999","1295.19375","26371.691250000003","10311.28875","10887.36","1310.65875","0","734.5875000000001","1078.68375","24322.578749999993","0","0","0","0","0","0","0","0","0","0","0","0","0","0","0","0","0","0","0","0","0","10639.92","12201.884999999998","1705.01625","0","773.25","1136.6775","26456.74875","10612.856249999999","11436.367499999998","1708.8825","0","904.7025000000001","1233.3337499999998","25896.14250000001","10299.689999999997","11165.730000000003","1198.5375","0","842.8425","943.365","24450.164999999997","0","0","0","0","0","0","0","0","0","0","0","0","0","0","0","0","0","0","0","0","0","10380.88125","11440.23375","1790.0737499999998","0","734.5875","1140.5437499999998","25486.32","10732.710000000003","11826.85875","1674.0862499999998","0","982.0274999999999","1070.95125","26286.633749999997","10655.385000000002","10574.193750000002","1310.65875","0","873.7725","958.83","24372.839999999993","0","0","0","0","0","0","0","0","0","0","0","0","0","0","0","0","0","0","0","0","0","10810.034999999996","11467.297499999999","1821.0037499999999","0","773.25","1183.0725","26054.65875000001","10837.098750000001","11521.425000000001","1677.9524999999999","0","931.7662499999999","1364.7862499999999","26333.028750000005","10493.002500000004","10574.19375","1345.455","0","877.6387500000001","889.2375000000001","24179.5275","0","0","0","0","0","0","0","0","0","0","0","0","0","0","0","0","0","0","0","0","0","10883.493749999998","11413.169999999996","1763.0100000000002","0","750.0525","1047.7537499999999","25857.48000000001","10929.88875","11591.017500000002","1531.0349999999999","0","889.2375000000001","1125.0787500000001","26066.2575","10249.428749999997","10806.168749999997","1167.6075","0","684.32625","1082.55","23990.08125","0","0","0","0","0","0","0","0","0","0","0","0","0","0","0","0","0","0","0","0","0","10968.55125","11591.017500000005","1751.4112499999997","0","765.5174999999999","1136.6775","26213.175000000007","10914.423749999998","11645.145","1763.01","0","985.89375","1194.6712499999999","26503.143750000003","10748.174999999997","11343.577500000007","1264.2637499999998","0","738.45375","958.83","25053.3","0","0","0","0","0","0","0","0","0","0","0","0","0","0","0","0","0","0","0","0","0","10779.105","11420.902499999998","1844.20125","0","750.0525","1163.74125","25958.00250000001","10454.34","11490.495000000004","1542.63375","0","978.1612499999999","1299.06","25764.690000000002","10663.117500000004","10767.50625","1264.2637499999998","0","896.97","1036.1550000000002","24628.01249999999","0","0","0","0","0","0","0","0","0","0","0","0","0","0","0","0","0","0","0","0","0","10396.346249999999","11517.558749999997","1793.94","0","773.25","1144.41","25625.505000000005","10493.002499999999","11513.692500000001","1708.8825","0","962.69625","1229.4674999999997","25907.741250000003","10705.64625","11196.66","1256.53125","0","854.4412500000001","1074.8175","25088.096250000006","0","0","0","0","0","0","0","0","0","0","0","0","0","0","0","0","0","0","0","0","0","10817.7675","10933.755000000005","1790.0737499999998","0","742.3199999999999","1086.41625","25370.332500000004","11018.8125","11273.984999999999","1643.1562499999998","0","974.2950000000001","1229.4675","26139.716250000005","10624.455","10419.543749999999","1318.39125","0","784.8487499999999","1036.1550000000002","24183.393750000007","0","0","0","0","0","0","0","0","0","0","0","0","0","0","0","0","0","0","0","0","0","10837.098750000003","11003.347499999998","1909.9275","0","780.9825","1225.60125","25756.957499999993","10705.646249999996","11614.214999999997","1685.685","0","943.365","1368.6525000000001","26317.56375","10767.50625","11014.946249999999","1256.53125","0","757.7850000000001","974.2950000000001","24771.06375","0","0","0","0","0","0","0","0","0","0","0","0","0","0","0","0","0","0","0","0","0","11030.411249999997","11169.596250000002","1832.6025","0","780.9825","1152.1425","25965.735000000004","10918.29","11169.59625","1577.43","0","943.365","1256.53125","25865.212499999983","10790.703750000002","10493.002499999999","1295.1937500000001","0","862.1737499999999","896.97","24338.043750000004","0","0","0","0","0","0","0","0","0","0","0","0","0","0","0","0","0","0","0","0","0","10531.664999999999","10864.1625","1732.0800000000002","0","750.0525","1183.0725","25061.032499999987","11142.532500000001","11413.17","1658.62125","0","970.4287499999999","1287.4612499999998","26472.21375","10860.296249999998","10748.175000000001","1264.2637499999998","0","773.25","792.58125","24438.56625","0","0","0","0","0","0","0","0","0","0","0","0","0","0","0","0","0","0","0","0","0","10396.346250000002","11641.278750000003","1751.41125","0","750.0525","1229.4675","25768.55625","10721.11125","10918.289999999999","1639.2900000000002","0","935.6324999999999","1152.1425","25366.466249999998","10887.360000000002","11258.519999999999","1364.7862499999999","0","757.785","823.51125","25091.962499999998","0","0","0","0","0","0","0","0","0","0","0","0","0","0","0","0","0","0","0","0","0","10450.473750000001","11246.921250000003","1824.8700000000001","0","742.3199999999999","1136.6774999999998","25401.262500000004","10732.71","11587.15125","1658.6212500000001","0","970.42875","1229.4675","26178.378749999996","10578.060000000001","10744.30875","1329.9899999999998","0","692.05875","1016.82375","24361.241249999992","0","0","0","0","0","0","0","0","0","0","0","0","0","0","0","0","0","0","0","0","0","10616.7225","11784.33","1778.475","0","742.3199999999999","1190.8049999999998","26112.652500000004","10566.46125","11293.316250000003","1681.81875","0","908.5687499999999","1244.9325","25695.097499999993","10531.665","10585.792500000001","1183.0725000000002","0","873.7725","800.3137499999999","23974.616250000003","0","0","0","0","0","0","0","0","0","0","0","0","0","0","0","0","0","0","0","0","0","10562.595000000001","11571.68625","1786.2075","0","757.785","1210.13625","25888.409999999996","10543.26375","11776.597500000002","1600.6274999999998","0","954.9637499999999","1264.26375","26139.71625","10771.3725","11185.061249999999","1248.79875","0","842.8425","842.8425000000001","24890.917499999992","0","0","0","0","0","0","0","0","0","0","0","0","0","0","0","0","0","0","0","0","0","10999.481249999999","11270.118750000003","1813.27125","0","757.785","1206.27","26046.926249999997","10879.6275","11289.449999999999","1681.8187500000001","0","881.5050000000001","1252.665","25985.06625","10663.117500000002","10856.43","1233.33375","0","854.4412500000001","885.37125","24492.69374999999","0","0","0","0","0","0","0","0","0","0","0","0","0","0","0","0","0","0","0","0","0","10987.882500000002","11502.09375","1778.4749999999997","0","726.855","1190.8049999999998","26186.11125000001","10922.156249999998","11386.10625","1658.62125","0","889.2375","1186.93875","26043.05999999999","11038.143750000001","10802.302499999998","1329.99","0","877.6387500000001","920.1675","24968.242499999993","0","0","0","0","0","0","0","0","0","0","0","0","0","0","0","0","0","0","0","0","0","10539.397500000001","11877.119999999999","1882.86375","0","750.0525","1194.6712499999999","26244.105000000003","11034.277500000002","11227.590000000004","1724.3474999999999","0","920.1675","1310.65875","26217.041250000002","11243.055000000002","11335.844999999996","1326.1237499999997","0","784.84875","858.3075","25548.180000000008","0","0","0","0","0","0","0","0","0","0","0","0","0","0","0","0","0","0","0","0","0","10365.41625","11490.495","1813.2712499999998","0","703.6575","1183.0725","25555.912500000006","11378.37375","11741.80125","1608.36","0","951.0975","1229.4675","26909.09999999999","10639.920000000004","10929.888749999998","1271.99625","0","753.9187499999999","1078.6837500000001","24674.4075","0","0","0","0","0","0","0","0","0","0","0","0","0","0","0","0","0","0","0","0","0","10786.837500000001","11471.163750000002","1875.13125","0","750.0525","1217.8687499999999","26101.053750000003","11212.125","11664.476250000002","1674.0862499999998","0","846.70875","1194.67125","26592.067500000016","10299.690000000002","11324.246249999997","1264.26375","0","707.52375","1028.4225","24624.14625","0","0","0","0","0","0","0","0","0","0","0","0","0","0","0","0","0","0","0","0","0","10709.5125","11293.316250000003","1770.7424999999998","0","742.3199999999999","1175.34","25691.231250000004","11455.69875","11838.4575","1685.685","0","931.76625","1333.85625","27245.463750000003","10616.722500000002","11080.672500000002","1310.65875","0","722.98875","815.77875","24546.82125","0","0","0","0","0","0","0","0","0","0","0","0","0","0","0","0","0","0","0","0","0","10844.831250000003","12024.0375","1848.0675","0","773.25","1194.67125","26684.8575","10949.220000000003","12213.483749999996","1662.4875","0","908.5687499999999","1221.7350000000001","26955.495","10802.3025","10891.22625","1268.13","0","835.1100000000001","1074.8175","24871.58625","0","0","0","0","0","0","0","0","0","0","0","0","0","0","0","0","0","0","0","0","0"
,"10616.7225","11188.927500000002","1821.00375","0","750.0525","1190.805","25567.51125000001","10864.1625","11374.5075","1674.08625","0","927.9000000000001","1167.6074999999998","26008.26374999999","10724.977500000003","10802.302500000002","1291.3274999999999","0","750.0525","1016.8237499999999","24585.483750000003","0","0","0","0","0","0","0","0","0","0","0","0","0","0","0","0","0","0","0","0","0","10678.582500000002","11270.118750000005","1778.475","0","726.855","1159.875","25613.90625","11072.939999999999","11478.896250000002","1647.0225","0","885.37125","1252.6650000000002","26336.895000000008","11018.812499999996","10636.053749999997","1264.2637499999998","0","846.70875","993.62625","24759.464999999982","0","0","0","0","0","0","0","0","0","0","0","0","0","0","0","0","0","0","0","0","0","10334.486249999998","11563.953750000002","1782.3412500000002","0","742.3199999999999","1275.8625","25698.963750000017","10949.219999999998","11761.132500000002","1716.615","0","835.11","1152.1425","26414.220000000005","10860.29625","10771.3725","1152.1425","0","757.785","989.7599999999999","24531.356250000008","0","0","0","0","0","0","0","0","0","0","0","0","0","0","0","0","0","0","0","0","0","10554.862499999997","11142.532499999998","1801.6725","0","750.0525","1214.0024999999998","25463.122499999998","10984.01625","12089.763750000002","1782.34125","0","993.62625","1291.3274999999999","27141.074999999997","11034.2775","10477.537499999999","1256.53125","0","823.51125","889.2375000000001","24481.094999999998","0","0","0","0","0","0","0","0","0","0","0","0","0","0","0","0","0","0","0","0","0","10346.085000000001","11490.495","1844.2012499999998","0","719.1225000000001","1217.86875","25617.772499999995","10883.493749999998","11397.705000000002","1627.69125","0","978.16125","1198.5375","26085.588750000003","10701.779999999999","11544.622499999998","1225.60125","0","869.90625","1098.015","25439.925000000007","0","0","0","0","0","0","0","0","0","0","0","0","0","0","0","0","0","0","0","0","0","10759.77375","11482.762499999997","1855.8","0","726.855","1156.00875","25981.2","10914.423749999998","12341.07","1639.29","0","927.9000000000001","1287.4612499999998","27110.14499999999","10338.352499999999","11007.213750000003","1329.9899999999998","0","866.04","912.435","24454.031250000007","0","0","0","0","0","0","0","0","0","0","0","0","0","0","0","0","0","0","0","0","0","10589.658749999999","12066.566250000002","1770.7424999999998","0","734.5875","1101.88125","26263.43625","10531.664999999999","11417.036249999997","1585.1625","0","931.76625","1337.7225","25803.352499999994","10717.245","11003.347500000002","1291.3274999999999","0","672.7275","1055.4862500000002","24740.133750000008","0","0","0","0","0","0","0","0","0","0","0","0","0","0","0","0","0","0","0","0","0","10407.945","11223.723750000001","1786.2075","0","703.6575","1163.74125","25285.274999999998","10562.595000000001","11993.1075","1670.2199999999998","0","873.7725","1372.51875","26472.213750000003","10929.888749999998","10995.614999999996","1291.3274999999999","0","800.31375","1113.48","25130.624999999985","0","0","0","0","0","0","0","0","0","0","0","0","0","0","0","0","0","0","0","0","0","11246.92125","11436.367499999998","1766.8762499999996","0","750.0525","1256.53125","26456.74875","11142.532499999998","11768.864999999996","1573.56375","0","881.505","1318.39125","26684.857500000013","10643.786250000001","10268.759999999998","1256.53125","0","858.3074999999999","1186.93875","24214.32375000001","0","0","0","0","0","0","0","0","0","0","0","0","0","0","0","0","0","0","0","0","0","11011.080000000002","11382.240000000003","1763.0099999999998","0","742.3199999999999","1098.0149999999999","25996.665000000005","11069.073750000001","11923.514999999998","1693.4174999999998","0","958.8299999999999","1403.44875","27048.285000000007","10782.971250000002","11188.9275","1264.2637499999998","0","811.9124999999999","954.96375","25003.038750000003","0","0","0","0","0","0","0","0","0","0","0","0","0","0","0","0","0","0","0","0","0","10701.78","11776.597500000003","1871.2649999999999","0","742.3199999999999","1183.0724999999998","26275.035000000003","10848.697500000002","11583.284999999996","1596.76125","0","962.69625","1283.5949999999998","26275.03499999999","10775.238749999999","10813.901249999999","1364.78625","0","750.0525","1032.2887500000002","24736.2675","0","0","0","0","0","0","0","0","0","0","0","0","0","0","0","0","0","0","0","0","0","10473.67125","11127.067500000001","1739.8125000000002","0","780.9825","1117.34625","25238.880000000005","10373.148749999998","11610.34875","1790.07375","0","885.3712499999999","1113.48","25772.422499999997","10813.901250000004","10647.6525","1318.39125","0","873.7725","1043.8875","24697.604999999996","0","0","0","0","0","0","0","0","0","0","0","0","0","0","0","0","0","0","0","0","0","10709.512499999999","11304.914999999999","1821.00375","0","719.1225","1202.40375","25756.95749999999","11181.194999999998","11695.40625","1689.55125","0","935.6324999999999","1210.13625","26711.921249999996","10705.646250000002","10755.9075","1384.1174999999998","0","707.52375","838.97625","24392.17124999999","0","0","0","0","0","0","0","0","0","0","0","0","0","0","0","0","0","0","0","0","0","10620.588750000003","11134.800000000001","1805.53875","0","757.785","1229.4675","25548.180000000004","10740.442499999997","11080.672499999999","1654.755","0","982.0274999999999","1287.46125","25745.358749999996","11022.678749999997","10732.71","1291.3274999999999","0","823.51125","1043.8874999999998","24914.114999999987","0","0","0","0","0","0","0","0","0","0","0","0","0","0","0","0","0","0","0","0","0","10790.70375","10740.442500000001","1801.6725000000001","0","726.855","1136.6774999999998","25196.351249999996","10767.506250000002","11652.8775","1550.36625","0","881.5050000000001","1221.735","26073.989999999998","10666.983749999998","10991.74875","1275.8625000000002","0","896.97","935.6324999999999","24767.197500000002","0","0","0","0","0","0","0","0","0","0","0","0","0","0","0","0","0","0","0","0","0","10145.040000000003","11811.39375","1770.7425","0","742.3199999999999","1109.61375","25579.110000000008","10782.971249999999","11668.3425","1728.21375","0","970.42875","1306.7925","26456.74875000001","10813.90125","10848.6975","1357.0537499999998","0","722.98875","931.76625","24674.407499999994","0","0","0","0","0","0","0","0","0","0","0","0","0","0","0","0","0","0","0","0","0","9994.25625","11591.017500000002","1778.475","0","742.3199999999999","1229.4674999999997","25335.536249999994","11316.513749999996","11857.788750000002","1786.2075","0","962.69625","1159.875","27083.08125","10550.996250000002","11181.194999999998","1264.2637499999998","0","819.645","982.0274999999999","24798.127500000006","0","0","0","0","0","0","0","0","0","0","0","0","0","0","0","0","0","0","0","0","0","10624.454999999996","11853.9225","1712.74875","0","719.1225","1105.7475","26015.99625","11030.411249999997","11475.03","1697.2837499999998","0","916.30125","1206.27","26325.296249999996","10717.244999999997","10864.162500000002","1310.6587499999998","0","827.3775","866.04","24585.483749999996","0","0","0","0","0","0","0","0","0","0","0","0","0","0","0","0","0","0","0","0","0","10523.932500000003","11397.704999999998","1770.7424999999998","0","765.5174999999999","1121.2125","25579.109999999997","11204.3925","11447.966249999998","1662.4875","0","1009.09125","1198.5375","26522.475000000006","11324.246250000002","11115.468749999996","1299.06","0","792.58125","1152.1425","25683.49875","0","0","0","0","0","0","0","0","0","0","0","0","0","0","0","0","0","0","0","0","0","10435.008750000003","12027.903750000005","1821.00375","0","750.0525","1128.9450000000002","26162.91375000001","10485.269999999999","11478.896250000003","1612.2262500000002","0","873.7725","1210.13625","25660.301249999997","10895.0925","10659.251250000003","1229.4675000000002","0","777.11625","893.10375","24454.031250000007","0","0","0","0","0","0","0","0","0","0","0","0","0","0","0","0","0","0","0","0","0","10782.971249999999","11749.533749999997","1828.73625","0","773.25","1202.40375","26336.895000000004","10431.142499999996","11880.986250000002","1743.67875","0","966.5625","1345.455","26367.825000000004","10288.091250000003","10396.34625","1318.39125","0","784.84875","927.9000000000001","23715.5775","0","0","0","0","0","0","0","0","0","0","0","0","0","0","0","0","0","0","0","0","0","10670.85","11084.538750000002","1828.73625","0","742.3199999999999","1183.0725","25509.517499999994","11208.258749999999","12097.496250000006","1639.29","0","881.505","1326.12375","27152.673750000005","10829.36625","10918.29","1283.5950000000003","0","734.5875","989.76","24755.59874999999","0","0","0","0","0","0","0","0","0","0","0","0","0","0","0","0","0","0","0","0","0","10249.428750000001","11262.38625","1782.3412499999997","0","750.0525","1287.46125","25331.670000000002","11432.50125","11834.591250000001","1616.0925","0","939.4987500000001","1221.735","27044.418749999986","10697.91375","10670.850000000002","1283.595","0","784.84875","1001.35875","24438.566249999993","0","0","0","0","0","0","0","0","0","0","0","0","0","0","0","0","0","0","0","0","0","10489.136249999998","11579.41875","1658.6212500000001","0","773.25","1159.875","25660.301250000004","11138.66625","11440.233750000003","1623.8249999999998","0","982.0275","1252.665","26437.417499999996","10736.57625","11188.927499999996","1322.2575","0","780.9825000000001","854.44125","24883.184999999998","0","0","0","0","0","0","0","0","0","0","0","0","0","0","0","0","0","0","0","0","0","10349.951250000002","11100.003750000002","1817.1375","0","765.5174999999999","1148.27625","25180.886249999996","10910.557499999999","10968.55125","1670.22","0","962.69625","1302.92625","25814.95124999999","10933.755000000001","11026.545000000002","1214.0025","0","661.12875","1105.7475","24941.17875","0","0","0","0","0","0","0","0","0","0","0","0","0","0","0","0","0","0","0","0","0","10404.078750000002","11730.202500000001","1824.87","0","773.25","1248.79875","25981.200000000008","11034.277499999998","11308.781249999998","1612.22625","0","912.435","1345.4550000000002","26213.17499999999","10868.028750000001","10987.882499999998","1291.3274999999999","0","866.04","912.435","24925.713750000003","0","0","0","0","0","0","0","0","0","0","0","0","0","0","0","0","0","0","0","0","0","10647.652499999998","11235.322500000006","1925.3925","0","695.925","1132.81125","25637.103750000006","10856.430000000002","11417.036250000003","1589.02875","0","966.5625","1217.86875","26046.926249999993","10871.895000000004","10898.958750000003","1337.7225","0","866.04","947.23125","24921.847500000003","0","0","0","0","0","0","0","0","0","0","0","0","0","0","0","0","0","0","0","0","0","10380.88125","11502.093749999998","1770.7425","0","765.5174999999999","1202.40375","25621.638750000002","11219.857499999998","11811.393750000001","1596.7612499999998","0","904.7025000000001","1268.13","26800.845","11165.73","10365.416249999998","1310.6587499999998","0","838.97625","904.7025","24585.483749999996","0","0","0","0","0","0","0","0","0","0","0","0","0","0","0","0","0","0","0","0","0","10639.919999999998","11486.628750000003","1882.8637499999998","0","750.0525","1128.945","25888.409999999996","10655.385000000002","11846.189999999997","1604.4937499999999","0","954.9637499999999","1183.0725","26244.105000000007","10601.257499999998","10674.716249999998","1345.4549999999997","0","908.5687499999999","989.76","24519.757500000003","0","0","0","0","0","0","0","0","0","0","0","0","0","0","0","0","0","0","0","0","0","11018.8125","11277.85125","1890.5962499999998","0","742.3199999999999","1217.86875","26147.448750000007","10829.366249999997","11157.9975","1701.1499999999999","0","1012.9575","1329.99","26031.461249999997","10419.543749999999","11080.672499999995","1357.05375","0","823.51125","1067.085","24747.86625","0","0","0","0","0","0","0","0","0","0","0","0","0","0","0","0","0","0","0","0","0","10659.251250000001","11034.2775","1778.475","0","750.0525","1171.4737499999999","25393.53","11038.143749999997","11915.7825","1616.0925","0","951.0975","1198.5375000000001","26719.653750000012","10547.129999999997","10906.691250000002","1244.9325000000001","0","780.9825","982.0275","24461.763750000002","0","0","0","0","0","0","0","0","0","0","0","0","0","0","0","0","0","0","0","0","0","10477.5375","11606.482499999998","1940.8575","0","773.25","1125.07875","25923.206249999996","10833.232499999996","11517.558750000004","1677.9524999999999","0","970.42875","1113.48","26112.6525","10837.09875","10755.907500000001","1256.53125","0","827.3775","1156.00875","24832.923749999998","0","0","0","0","0","0","0","0","0","0","0","0","0","0","0","0","0","0","0","0","0","10740.442500000001","11196.659999999998","1813.27125","0","719.1225","1183.0725","25652.568749999988","10860.296250000001","11645.145000000002","1674.0862499999998","0","939.49875","1322.2575","26441.283750000002","10937.621249999998","10902.825","1291.3274999999999","0","784.84875","1163.74125","25080.363749999986","0","0","0","0","0","0","0","0","0","0","0","0","0","0","0","0","0","0","0","0","0","10960.818749999999","11505.960000000003","1894.4625","0","780.9825","1291.3274999999999","26433.551250000004","10740.442500000005","11509.82625","1619.95875","0","954.9637500000001","1179.2062500000002","26004.397500000006","10485.269999999995","11150.264999999998","1318.39125","0","877.6387500000001","1086.41625","24917.981249999993","0","0","0","0","0","0","0","0","0","0","0","0","0","0","0","0","0","0","0","0","0","10438.874999999998","11235.3225","1855.7999999999997","0","750.0525","1121.2124999999999","25401.262499999993","11370.641249999997","11880.98625","1623.8249999999998","0","931.76625","1349.32125","27156.539999999994","10922.156250000002","10763.64","1210.1362500000002","0","715.2562499999999","1125.0787500000001","24736.267500000005","0","0","0","0","0","0","0","0","0","0","0","0","0","0","0","0","0","0","0","0","0","10543.263750000002","11656.74375","1840.335","0","726.855","1175.34","25942.537500000002","10663.117500000004","11478.89625","1697.2837499999998","0","842.8425","1221.735","25903.874999999985","10179.836249999998","11057.475000000002","1268.13","0","811.9124999999999","885.37125","24202.724999999995","0","0","0","0","0","0","0","0","0","0","0","0","0","0","0","0","0","0","0","0","0","10295.82375","11169.59625","1705.01625","0","750.0525","1159.8749999999998","25080.363749999993","10547.130000000001","11737.935","1627.69125","0","939.49875","1136.6775","25988.9325","10813.901249999999","11154.131249999999","1175.34","0","846.70875","966.5625","24956.64375","0","0","0","0","0","0","0","0","0","0","0","0","0","0","0","0","0","0","0","0","0","10357.683750000002","11389.9725","1886.7299999999998","0","750.0525","1167.6074999999998","25552.046249999992","10581.926249999997","12031.769999999997","1643.15625","0","896.97","1287.46125","26441.28375","10291.957499999997","11691.54","1372.51875","0","819.645","966.5625","25142.223750000005","0","0","0","0","0","0","0","0","0","0","0","0","0","0","0","0","0","0","0","0","0","10504.601250000003","11289.450000000003","1763.01","0","773.25","1283.595","25613.90625","11258.52","11942.846249999999","1751.4112499999997","0","900.83625","1206.27","27059.883750000005","10357.68375","11130.93375","1337.7224999999999","0","788.715","1024.5562499999999","24639.61125","0","0","0","0","0","0","0","0","0","0","0","0","0","0","0","0","0","0","0","0","0","11042.009999999998","11440.23375","1782.34125","0","742.3199999999999","1229.4674999999997","26236.372499999998","10697.91375","11772.731249999999","1616.0925","0","877.6387500000001","1028.4225000000001","25992.798749999998","10802.3025","11014.94625","1302.92625","0","866.04","1009.09125","24995.306249999994","0","0","0","0","0","0","0","0","0","0","0","0","0","0","0","0","0","0","0","0","0","10643.786250000001","11080.6725","1871.265","0","750.0525","1148.27625","25494.0525","10620.588750000003","11560.0875","1763.01","0","924.03375","1163.74125","26031.46125","10782.971250000004","11273.985","1329.9899999999998","0","777.11625","827.3775","24991.439999999988","0","0","0","0","0","0","0","0","0","0","0","0","0","0","0","0","0","0","0","0","0","10937.62125","11374.507500000002","1739.8124999999998","0","719.1225","1206.27","25977.333749999998","10806.168749999997","11764.998749999995","1538.7674999999997","0","912.435","1326.1237500000002","26348.493749999994","10717.245","11011.08","1295.19375","0","784.8487500000001","943.365","24751.73250000001","0","0","0","0","0","0","0","0","0","0","0","0","0","0","0","0","0","0","0","0","0","10543.26375","11304.914999999999","1701.1499999999999","0","742.3199999999999","1186.93875","25478.587499999994","10717.245","11656.74375","1635.42375","0","893.10375","1186.93875","26089.454999999998","10624.454999999996","11235.322500000004","1271.99625","0","788.715","1067.0849999999998","24987.573749999996","0","0","0","0","0","0","0","0","0","0","0","0","0","0","0","0","0","0","0","0","0","10906.691250000003","11424.768750000001","1902.1950000000002","0","773.25","1078.68375","26085.588749999995","11022.678749999997","10601.257500000002","1677.9524999999999","0","904.7025000000001","1190.805","25397.39625","10636.053750000001","11038.143750000001","1337.7224999999999","0","792.58125","1082.55","24887.051249999997","0","0","0","0","0","0","0","0","0","0","0","0","0","0","0","0","0","0","0","0","0","10295.823750000003","11509.826249999998","1705.01625","0","780.9825","1101.88125","25393.530000000006","10949.22","11281.717500000004","1647.0225","0","924.0337499999999","1198.5375","26000.53125","10666.983750000001","11575.552499999996","1283.595","0","881.505","1012.9575000000001","25420.593750000004","0","0","0","0","0","0","0","0","0","0","0","0","0","0","0","0","0","0","0","0","0","10396.346250000004","11103.869999999997","1929.25875","0","750.0525","1202.40375","25381.931250000005","10655.384999999998","11815.26","1677.9524999999999","0","904.7024999999999","1194.6712499999999","26247.971250000013","10415.677500000003","10852.56375","1345.455","0","827.3775","947.2312499999999","24388.304999999997","0","0","0","0","0","0","0","0","0","0","0","0","0","0","0","0","0","0","0","0","0","10562.595","11003.347500000003","1797.8062499999999","0","757.785","1067.085","25188.618749999998","10825.500000000002","11792.0625","1701.1499999999999","0","935.6324999999999","1202.40375","26456.748750000006","10724.9775","10987.8825","1221.735","0","866.04","1009.0912500000001","24809.726249999996","0","0","0","0","0","0","0","0","0","0","0","0","0","0","0","0","0","0","0","0","0","10802.302500000002","11057.474999999999","1743.67875","0","773.25","1217.86875","25594.57499999999","10914.423749999998","11768.864999999996","1697.28375","0","838.97625","1225.60125","26445.15000000001","11003.347499999998","10856.430000000002","1329.99","0","738.45375","924.03375","24852.254999999994","0","0","0","0","0","0","0","0","0","0","0","0","0","0","0","0","0","0","0","0","0","10172.10375","11525.291250000004","1871.2649999999999","0","780.9825","1202.40375","25552.04624999999","10659.251250000007","11080.672499999999","1600.6274999999998","0","916.30125","1221.7350000000001","25478.5875","10748.175000000001","10999.48125","1291.3274999999999","0","800.31375","1005.2249999999999","24844.522500000006","0","0","0","0","0","0","0","0","0","0","0","0","0","0","0","0","0","0","0","0","0","10469.804999999997","11563.95375","1871.2649999999999","0","750.0525","1229.4675","25884.543749999993","11146.398750000002","11695.406249999998","1674.08625","0","838.9762499999999","1360.92","26715.787500000013","11103.869999999997","11150.265000000001","1310.65875","0","881.5049999999999","831.2437500000001","25277.542500000007","0","0","0","0","0","0","0","0","0","0","0","0","0","0","0","0","0","0","0","0","0","10732.710000000001","11188.9275","1755.2775000000001","0","773.25","1206.27","25656.435","11034.277499999998","11517.55875","1619.95875","0","912.435","1144.4099999999999","26228.64000000001","11188.927499999998","11030.411249999997","1252.665","0","761.6512499999999","881.505","25115.159999999996","0","0","0","0","0","0","0","0","0","0","0","0","0","0","0","0","0","0","0","0","0","10620.588749999999","11374.507499999998","1774.6087499999999","0","742.3199999999999","1156.00875","25668.033750000006","10821.63375","11668.342499999995","1592.895","0","900.8362500000001","1194.67125","26178.378749999996","10697.91375","10933.755000000001","1291.3274999999999","0","738.45375","982.0275","24643.477499999994","0","0","0","0","0","0","0","0","0","0","0","0","0","0","0","0","0","0","0","0","0","10380.88125","11652.877499999999","1797.80625","0","750.0525","1144.41","25726.027499999997","10813.901249999999","12039.502499999999","1685.685","0","924.03375","1105.7475","26568.870000000003","10485.269999999999","11838.457500000002","1306.7925","0","838.9762499999999","885.37125","25354.867500000004","0","0","0","0","0","0","0","0","0","0","0","0","0","0","0","0","0","0","0","0","0","10593.525000000001","11169.59625","1878.9975","0","750.0525","1248.79875","25640.969999999998","11115.468749999998","11649.01125","1643.15625","0","939.49875","1194.6712499999999","26541.806250000005","10728.843749999998","10782.97125","1275.8625","0","804.1800000000001","858.3075","24450.16499999999","0","0","0","0","0","0","0","0","0","0","0","0","0","0","0","0","0","0","0","0","0","10384.747499999998","11038.143749999997","1809.4049999999997","0","750.0525","1237.2","25219.548749999984","11049.742500000004","11536.890000000001","1685.6849999999997","0","912.4350000000001","1244.9325","26429.685000000005","10558.728749999997","10902.824999999999","1310.65875","0","893.10375","912.4350000000001","24577.751249999998","0","0","0","0","0","0","0","0","0","0","0","0","0","0","0","0","0","0","0","0","0","10079.313750000005","11683.8075","1863.5325","0","757.785","1186.93875","25571.377499999995","10879.6275","11842.323750000001","1681.81875","0","924.03375","1306.7925","26634.596249999995","10295.823750000001","10639.92","1183.0725","0","742.3199999999999","954.96375","23816.100000000006","0","0","0","0","0","0","0","0","0","0","0","0","0","0","0","0","0","0","0","0","0","10643.78625","10960.81875","1813.27125","0","726.855","1163.7412499999998","25308.472500000007","10516.199999999999","11270.118750000003","1558.09875","0","896.97","1148.27625","25389.663750000003","10508.467499999999","10837.098750000001","1345.455","0","858.3075","982.0275","24531.356249999993","0","0","0","0","0","0","0","0","0","0","0","0","0","0","0","0","0","0","0","0","0","10794.57","10895.0925","1786.2075","0","773.25","1179.2062500000002","25428.326250000006","11042.010000000002","12082.031249999996","1616.0925","0","978.16125","1159.875","26878.170000000006","10953.08625","10779.105","1264.26375","0","780.9825","935.6325000000002","24713.069999999985","0","0","0","0","0","0","0","0","0","0","0","0","0","0","0","0","0","0","0","0","0","10415.677499999998","11846.19","1793.9399999999998","0","726.855","1291.3274999999999","26073.99","10864.162499999999","11161.863749999999","1701.1499999999999","0","896.97","1221.735","25845.881249999995","10589.658749999999","10473.67125","1175.3400000000001","0","850.575","924.03375","24013.278749999994","0","0","0","0","0","0","0","0","0","0","0","0","0","0","0","0","0","0","0","0","0","10690.181250000003","11273.985000000002","1828.73625","0","750.0525","1221.735","25764.69","10384.747500000001","11668.342499999999","1658.62125","0","947.23125","1287.46125","25946.403750000012","10898.95875","10585.792500000001","1345.455","0","722.98875","1140.54375","24693.738750000008","0","0","0","0","0","0","0","0","0","0","0","0","0","0","0","0","0","0","0","0","0","10276.4925","11192.79375","1855.8","0","742.3199999999999","1140.54375","25207.95","10612.85625","11424.768750000003","1685.685","0","1009.09125","1237.1999999999998","25969.60124999999","10790.703750000002","11042.010000000002","1237.2","0","676.59375","947.23125","24693.73875","0","0","0","0","0","0","0","0","0","0","0","0","0","0","0","0","0","0","0","0","0","10690.181250000001","11606.482500000004","1790.07375","0","765.5174999999999","1248.7987500000002","26101.053750000003","10883.493749999996","11370.641249999999","1693.4175","0","943.365","1326.12375","26217.041249999995","10902.824999999999","10984.016250000002","1264.2637499999998","0","753.9187499999999","1047.7537499999999","24952.777500000004","0","0","0","0","0","0","0","0","0","0","0","0","0","0","0","0","0","0","0","0","0","10330.620000000004","11359.042500000003","1890.5962499999998","0","742.3199999999999","1144.4099999999999","25466.988749999997","10373.148749999998","11656.743749999996","1732.08","0","904.7025000000001","1221.7350000000001","25888.41000000001","10639.92","11285.58375","1302.92625","0","811.9125","896.97","24937.312499999996","0","0","0","0","0","0","0","0","0","0","0","0","0","0","0","0","0","0","0","0","0","10848.6975","11730.2025","1886.73","0","765.5174999999999","1233.33375","26464.481250000008","10639.92","11185.061249999997","1639.29","0","924.03375","1194.6712499999999","25582.976249999996","10620.58875","10520.066250000002","1256.5312499999998","0","757.785","846.70875","24001.680000000008","0","0","0","0","0","0","0","0","0","0","0","0","0","0","0","0","0","0","0","0","0","10663.117499999998","11467.297499999999","1906.0612499999997","0","780.9825","1256.53125","26073.99000000001","10825.500000000002","11308.781249999998","1631.5575","0","912.435","1198.5375","25876.81125","11103.870000000003","11026.545000000002","1302.92625","0","753.91875","1020.69","25207.949999999997","0","0","0","0","0","0","0","0","0","0","0","0","0","0","0","0","0","0","0","0","0","10423.410000000005","11649.011250000001","1739.8124999999998","0","750.0525","1171.4737499999999","25733.76000000001","11219.857500000002","11768.865","1619.9587500000002","0","896.97","1156.00875","26661.659999999996","10724.977499999999","10945.353750000004","1275.8625","0","815.77875","873.7725","24635.745000000003","0","0","0","0","0","0","0","0","0","0","0","0","0","0","0","0","0","0","0","0","0","10620.588750000003","11208.258750000003","1894.4624999999996","0","750.0525","1090.2825","25563.645","11096.1375","11598.75","1654.7549999999999","0","924.03375","1163.74125","26437.417499999996","10674.71625","10922.15625","1345.455","0","734.5875","1070.95125","24747.866249999992","0","0","0","0","0","0","0","0","0","0","0","0","0","0","0","0","0","0","0","0","0","10782.971250000002","11865.521249999996","1848.0674999999999","0","757.785","1121.2124999999999","26375.557500000003","11181.195","11977.642500000004","1523.3025","0","877.6387500000001","1090.2825","26650.06125","11107.736249999998","10670.849999999997","1237.1999999999998","0","796.4475","904.7025","24716.936250000002","0","0","0","0","0","0","0","0","0","0","0","0","0","0","0","0","0","0","0","0","0","10663.117500000002","11536.890000000003","1790.0737499999998","0","757.785","1186.93875","25934.804999999997","10721.11125","11896.451250000004","1724.3474999999999","0","1016.82375","1283.5949999999998","26642.328750000004","10373.148750000002","10798.436249999999","1256.53125","0","777.11625","1047.7537499999999","24252.986250000005","0","0","0","0","0","0","0","0","0","0","0","0","0","0","0","0","0","0","0","0","0","10775.238750000002","11629.680000000004","1964.0549999999998","0","734.5875","1163.74125","26267.302499999998","11142.532500000001","11637.4125","1573.56375","0","989.76","1283.595","26626.863750000015","10999.481250000004","11092.271249999998","1302.9262499999998","0","796.4475","916.30125","25107.427499999998","0","0","0","0","0","0","0","0","0","0","0","0","0","0","0","0","0","0","0","0","0","10427.276249999999","11328.112500000001","1821.0037499999999","0","757.785","1221.735","25555.91250000001","10655.384999999998","11536.890000000003","1689.55125","0","896.9699999999999","1295.19375","26073.989999999994","10612.856249999999","11552.354999999998","1244.9325","0","738.45375","1136.6775","25285.274999999983","0","0","0","0","0","0","0","0","0","0","0","0","0","0","0","0","0","0","0","0","0","10864.162499999999","11072.939999999999","1824.87","0","750.0525","1167.6075","25679.63250000001","11308.781250000002","11764.99875","1681.81875","0","924.03375","1144.41","26824.0425","10898.958749999998","10790.703749999999","1310.6587499999998","0","780.9825","1016.8237499999999","24798.1275","0","0","0","0","0","0","0","0","0","0","0","0","0","0","0","0","0","0","0","0","0","10682.448750000001","11459.565000000002","1832.6025","0","780.9825","1086.41625","25842.015000000014","10782.97125","11355.176249999999","1720.4812499999998","0","873.7724999999999","1291.3274999999999","26023.728749999995","11042.01","10806.168750000004","1337.7224999999999","0","831.2437500000001","989.76","25006.905000000002","0","0","0","0","0","0","0","0","0","0","0","0","0","0","0","0","0","0","0","0","0","10438.874999999998","11061.34125","1705.0162499999997","0","750.0525","1229.4675","25184.752500000002","10868.028749999996","11540.75625","1647.0225","0","947.23125","1183.0725","26186.111250000005","10616.722500000002","11393.83875","1140.54375","0","811.9125","1074.8175","25037.835000000006","0","0","0","0","0","0","0","0","0","0","0","0","0","0","0","0","0","0","0","0","0","10303.55625","10829.36625","1801.6725","0","742.3199999999999","1210.13625","24887.05125","10740.4425","11699.2725","1755.2775","0","951.0975","1167.6075","26313.69749999999","10527.798749999996","10914.423749999998","1357.05375","0","850.575","854.4412500000001","24504.29249999999","0","0","0","0","0","0","0","0","0","0","0","0","0","0","0","0","0","0","0","0","0","10500.734999999999","10833.232500000002","1801.6724999999997","0","734.5875","1136.6774999999998","25006.90500000002","10806.168750000004","11621.947500000002","1542.63375","0","908.56875","1434.3787499999999","26313.697500000002","10980.15","10728.84375","1345.455","0","746.18625","842.8425","24643.477500000008","0","0","0","0","0","0","0","0","0","0","0","0","0","0","0","0","0","0","0","0","0","10775.238749999997","11316.513750000004","1728.21375","0","750.0525","1152.1425","25722.16125","11285.583750000002","11842.32375","1546.4999999999998","0","877.63875","1217.8687499999999","26769.91500000001","10678.582500000002","11026.544999999998","1391.85","0","746.18625","927.9000000000001","24771.06374999999","0","0","0","0","0","0","0","0","0","0","0","0","0","0","0","0","0","0","0","0","0","10458.206249999997","11045.87625","1801.6725","0","765.5174999999999","1221.735","25293.007500000003","11061.341250000001","11606.4825","1643.1562500000002","0","889.2375000000001","1098.0149999999999","26298.232500000002","10446.607499999998","11243.055","1229.4674999999997","0","792.5812500000001","904.7025","24616.41375","0","0","0","0","0","0","0","0","0","0","0","0","0","0","0","0","0","0","0","0","0","10442.74125","11250.7875","1936.9912499999998","0","719.1225","1183.0725","25532.714999999997","10686.315","11192.793750000003","1739.8125","0","951.0975","1248.79875","25818.817500000016","10458.206249999997","11011.080000000002","1310.65875","0","792.58125","804.1800000000001","24376.70624999999","0","0","0","0","0","0","0","0","0","0","0","0","0","0","0","0","0","0","0","0","0","10508.467500000002","11370.641249999997","1964.0549999999998","0","750.0525","1221.7350000000001","25814.951250000002","10755.9075","11223.72375","1647.0224999999998","0","862.17375","1271.99625","25760.823749999992","10473.67125","10833.232499999998","1364.7862499999999","0","769.3837500000001","1059.3525","24500.426250000015","0","0","0","0","0","0","0","0","0","0","0","0","0","0","0","0","0","0","0","0","0","10431.142499999998","11981.508749999997","1944.72375","0","719.1225","1167.6074999999998","26244.105000000003","10926.022499999995","11718.603750000002","1647.0224999999998","0","962.69625","1194.67125","26449.01625","10612.856250000003","11266.252500000002","1148.27625","0","835.1099999999999","827.3774999999999","24689.872499999998","0","0","0","0","0","0","0","0","0","0","0","0","0","0","0","0","0","0","0","0","0","10755.907500000003","11243.055000000002","1890.5962500000003","0","726.855","1175.34","25791.753749999996","10995.615000000005","11316.513750000002","1728.21375","0","962.69625","1217.86875","26220.907499999998","10871.895","10817.767500000004","1372.51875","0","920.1675","927.9000000000001","24910.248749999995","0","0","0","0","0","0","0","0","0","0","0","0","0","0","0","0","0","0","0","0","0","10523.9325","11250.787500000002","1677.9524999999999","0","750.0525","1206.27","25408.995000000006","11026.545","11761.132500000002","1712.74875","0","1016.82375","1163.74125","26680.99125","10496.868749999998","10868.02875","1337.7224999999999","0","873.7724999999999","881.5049999999999","24457.897500000006","0","0","0","0","0","0","0","0","0","0","0","0","0","0","0","0","0","0","0","0","0","10709.512499999999","11424.768750000003","1743.67875","0","757.785","1132.81125","25768.55625","10500.734999999999","12016.305","1677.9525","0","924.0337499999999","1225.60125","26344.627500000002","10400.2125","10651.51875","1318.3912500000001","0","746.18625","893.10375","24009.412499999995","0","0","0","0","0","0","0","0","0","0","0","0","0","0","0","0","0","0","0","0","0","10319.02125","11181.194999999998","1836.4687500000002","0","719.1225","1121.2125","25177.02","10562.595","11846.189999999997","1708.8825","0","920.1675","1229.4675","26267.302500000013","10782.971250000002","11026.544999999996","1283.5949999999998","0","742.32","1109.61375","24945.044999999987","0","0","0","0","0","0","0","0","0","0","0","0","0","0","0","0","0","0","0","0","0","10825.499999999998","11757.26625","1906.06125","0","742.3199999999999","1140.5437499999998","26371.691250000007","10601.257500000002","11764.99875","1635.42375","0","939.49875","1318.3912500000001","26259.569999999996","10991.748750000002","10152.772499999997","1283.595","0","827.3775","1105.7475","24361.241250000003","0","0","0","0","0","0","0","0","0","0","0","0","0","0","0","0","0","0","0","0","0","10752.04125","11788.19625","1755.2775","0","719.1225000000001","1175.34","26189.977499999997","10956.9525","11996.973750000001","1600.6275","0","912.435","1167.6074999999998","26634.596250000006","10926.0225","11096.137499999999","1283.595","0","788.7149999999999","924.0337499999999","25018.503750000003","0","0","0","0","0","0","0","0","0","0","0","0","0","0","0","0","0","0","0","0","0","10794.57","11780.463750000004","1797.8062499999999","0","734.5875","1171.47375","26278.901249999995","11119.335","11432.501249999998","1654.7549999999999","0","881.505","1179.2062500000002","26267.302499999994","10601.257499999998","10786.837499999998","1302.92625","0","831.2437500000001","873.7725","24396.03750000001","0","0","0","0","0","0","0","0","0","0","0","0","0","0","0","0","0","0","0","0","0","10210.766249999999","12066.566250000003","1882.86375","0","726.855","1175.3400000000001","26062.391250000004","10404.078749999997","11409.303749999997","1631.5575","0","908.5687499999999","1264.26375","25617.77249999999","10659.25125","10929.88875","1237.2","0","842.8425","1059.3525","24728.534999999993","0","0","0","0","0","0","0","0","0","0","0","0","0","0","0","0","0","0","0","0","0","10705.646250000002","11293.316250000007","1793.94","0","780.9825","1067.085","25640.970000000005","11069.07375","12097.496249999997","1778.475","0","1005.2249999999999","1302.92625","27253.196250000005","10570.327500000003","10763.640000000003","1275.8625","0","850.5749999999999","838.9762499999999","24299.381250000002","0","0","0","0","0","0","0","0","0","0","0","0","0","0","0","0","0","0","0","0","0","10508.467499999999","11521.425000000005","1805.53875","0","788.7149999999999","1156.00875","25780.15500000001","10837.098750000003","11362.90875","1701.1499999999999","0","989.76","1279.72875","26170.646249999998","10535.53125","10933.755000000001","1206.27","0","796.4475","877.63875","24349.642499999998","0","0","0","0","0","0","0","0","0","0","0","0","0","0","0","0","0","0","0","0","0","10496.868750000001","11502.09375","1674.0862499999998","0","765.5174999999999","1210.13625","25648.702500000003","10581.92625","12163.222500000003","1701.1499999999999","0","1016.82375","1183.0725","26646.194999999985","10612.856249999999","10261.027499999997","1190.8049999999998","0","854.4412500000001","823.51125","23742.641249999997","0","0","0","0","0","0","0","0","0","0","0","0","0","0","0","0","0","0","0","0","0","10338.352499999999","11111.602500000003","1821.0037499999999","0","773.25","1159.875","25204.083749999998","10759.773749999998","11683.807499999995","1643.15625","0","924.03375","1349.32125","26360.0925","11042.009999999998","10786.837500000001","1229.4675000000002","0","842.8425","815.77875","24716.936250000002","0","0","0","0","0","0","0","0","0","0","0","0","0","0","0","0","0","0","0","0","0","10651.518750000003","11614.215","1828.73625","0","742.3199999999999","1229.4675","26066.257500000007","10651.518749999997","11772.731249999999","1693.4174999999998","0","997.4925","1368.6525","26483.812500000004","10659.25125","10813.90125","1291.3274999999999","0","827.3775","912.435","24504.292499999996","0","0","0","0","0","0","0","0","0","0","0","0","0","0","0","0","0","0","0","0","0","10473.671250000003","10956.952500000003","1813.27125","0","726.855","1148.27625","25119.026249999988","11428.634999999997","12008.5725","1573.56375","0","819.645","1268.1299999999999","27098.54625000001","10686.315000000002","10705.646249999996","1279.72875","0","746.18625","1012.9575","24430.83375","0","0","0","0","0","0","0","0","0","0","0","0","0","0","0","0","0","0","0","0","0","10817.7675","11243.054999999995","1929.25875","0","780.9825","1179.20625","25950.269999999997","10813.90125","12004.706250000001","1689.55125","0","939.49875","1279.72875","26727.38624999999","10752.041249999998","10527.79875","1345.455","0","707.52375","927.9000000000001","24260.71875","0","0","0","0","0","0","0","0","0","0","0","0","0","0","0","0","0","0","0","0","0","10419.543749999999","11660.609999999999","1786.2075","0","765.5174999999999","1128.945","25760.823750000007","10396.34625","11753.4","1735.94625","0","939.49875","1210.13625","26035.327499999996","10771.372499999996","10949.219999999998","1291.3274999999999","0","804.1800000000001","835.1099999999999","24651.21","0","0","0","0","0","0","0","0","0","0","0","0","0","0","0","0","0","0","0","0","0","10496.86875","11127.067500000001","1875.13125","0","773.25","1125.07875","25397.396249999994","10759.77375","11223.72375","1604.4937499999999","0","877.6387500000001","1179.20625","25644.83625000001","10976.283749999999","10485.270000000002","1345.455","0","730.72125","920.1674999999999","24457.89750000002","0","0","0","0","0","0","0","0","0","0","0","0","0","0","0","0","0","0","0","0","0","10597.39125","11877.120000000003","1809.405","0","757.785","1086.41625","26128.117499999986","10945.353750000002","11246.921250000001","1681.81875","0","931.7662499999999","1214.0024999999998","26019.862500000017","10728.843750000002","10705.646250000003","1148.27625","0","804.18","1005.2250000000001","24392.171249999996","0","0","0","0","0","0","0","0","0","0","0","0","0","0","0","0","0","0","0","0","0","10601.2575","11703.138749999996","1878.9975","0","726.855","1206.27","26116.51875000001","10926.022500000003","12027.90375","1685.685","0","939.49875","1275.8625","26854.972499999996","10724.977500000003","10705.646249999998","1391.85","0","831.24375","862.17375","24515.89125","0","0","0","0","0","0","0","0","0","0","0","0","0","0","0","0","0","0","0","0","0"
,"10949.220000000001","11525.29125","1805.5387500000002","0","757.785","1183.0725","26220.907500000005","11165.730000000001","11931.247499999998","1612.22625","0","920.1675","1349.32125","26978.6925","10291.957499999999","10852.563749999998","1314.525","0","750.0525","989.76","24198.858749999996","0","0","0","0","0","0","0","0","0","0","0","0","0","0","0","0","0","0","0","0","0","10481.40375","11498.227500000006","1817.1375","0","719.1225","1252.665","25768.55625000001","10678.582499999999","11478.896249999998","1759.14375","0","916.30125","1271.99625","26104.919999999987","10771.372500000001","11521.425","1345.455","0","695.925","958.83","25293.007499999996","0","0","0","0","0","0","0","0","0","0","0","0","0","0","0","0","0","0","0","0","0","10442.741250000003","11459.565000000002","1732.08","0","726.855","1117.34625","25478.587500000012","11038.14375","11316.513750000004","1689.5512499999998","0","947.2312499999999","1136.6775","26128.117500000004","11397.705","11328.112499999997","1291.3275","0","773.25","827.3775","25617.772499999995","0","0","0","0","0","0","0","0","0","0","0","0","0","0","0","0","0","0","0","0","0","10612.85625","11266.252500000002","1797.8062499999996","0","742.3199999999999","1132.8112499999997","25552.046250000003","10728.843750000002","11672.20875","1546.4999999999998","0","881.5050000000001","1109.61375","25938.67125","10829.366249999997","10929.888749999998","1237.2","0","792.58125","924.0337499999999","24713.070000000014","0","0","0","0","0","0","0","0","0","0","0","0","0","0","0","0","0","0","0","0","0","10547.130000000001","11270.118750000001","1782.34125","0","757.785","1252.665","25610.039999999997","10624.455","11919.64875","1592.895","0","974.295","1194.67125","26305.965","10396.346250000002","10489.136250000001","1237.2","0","862.1737499999999","962.69625","23947.55249999999","0","0","0","0","0","0","0","0","0","0","0","0","0","0","0","0","0","0","0","0","0","10875.761250000003","11946.7125","1894.4624999999996","0","750.0525","1190.8049999999998","26657.793749999997","10960.81875","11826.858749999998","1693.4175","0","862.1737499999999","1063.21875","26406.48750000001","10968.551249999999","10984.01625","1264.26375","0","835.1099999999999","1136.6775","25188.618750000005","0","0","0","0","0","0","0","0","0","0","0","0","0","0","0","0","0","0","0","0","0","10566.461250000004","11478.896250000003","1801.6725","0","773.25","1163.74125","25784.02125","10833.232500000002","11455.69875","1647.0225","0","881.5049999999999","1368.6525","26186.11124999999","10520.066249999998","11208.258749999999","1275.8625","0","769.38375","974.295","24747.86625","0","0","0","0","0","0","0","0","0","0","0","0","0","0","0","0","0","0","0","0","0","10860.296250000005","11776.597499999998","1828.7362499999997","0","757.785","1221.7350000000001","26445.150000000005","11308.78125","11676.075000000003","1743.6787500000003","0","935.6324999999999","1225.6012500000002","26889.768749999992","10868.02875","10605.12375","1248.79875","0","722.98875","1101.8812500000001","24546.82125","0","0","0","0","0","0","0","0","0","0","0","0","0","0","0","0","0","0","0","0","0","10593.524999999996","11277.851249999996","1867.3987500000003","0","780.9825","1190.805","25710.562499999985","10833.232500000002","11672.208750000002","1720.48125","0","958.8299999999999","1275.8625","26460.614999999998","10782.97125","10694.047500000002","1318.3912500000001","0","757.7850000000001","1136.6775","24689.872499999998","0","0","0","0","0","0","0","0","0","0","0","0","0","0","0","0","0","0","0","0","0","10222.365000000002","11262.386250000003","1936.9912499999998","0","742.3199999999999","1248.79875","25412.86124999999","10980.150000000001","11548.488750000002","1728.21375","0","912.435","1202.40375","26371.69125","10612.856249999999","11115.46875","1206.27","0","761.6512499999999","1074.8175","24771.063750000005","0","0","0","0","0","0","0","0","0","0","0","0","0","0","0","0","0","0","0","0","0","10535.531250000002","11436.367500000002","1836.46875","0","734.5875","1121.2124999999999","25664.1675","10953.08625","11637.412499999997","1654.7549999999999","0","1009.09125","1271.9962500000001","26526.341250000005","10442.741250000003","11328.1125","1229.4675","0","889.2375","1070.95125","24960.51","0","0","0","0","0","0","0","0","0","0","0","0","0","0","0","0","0","0","0","0","0","10574.193750000002","11896.451250000002","1805.53875","0","750.0525","1179.20625","26205.442500000005","11038.143750000005","11556.22125","1565.83125","0","951.0975","1237.1999999999998","26348.49374999999","10636.053749999995","11030.411250000001","1345.455","0","780.9825000000001","982.0274999999999","24774.93000000001","0","0","0","0","0","0","0","0","0","0","0","0","0","0","0","0","0","0","0","0","0","10462.072500000002","11679.941250000002","1778.475","0","726.855","1167.6075","25814.95125","10779.105","11092.271250000003","1720.48125","0","935.6325","1179.20625","25706.696249999997","10790.703750000002","10643.786249999997","1353.1875","0","815.77875","924.03375","24527.48999999999","0","0","0","0","0","0","0","0","0","0","0","0","0","0","0","0","0","0","0","0","0","10810.035000000002","11026.544999999998","1805.53875","0","780.9825","1221.735","25644.836249999997","10284.225","11509.82625","1585.1625","0","893.10375","1198.5375","25470.855","10330.619999999999","11324.24625","1318.39125","0","784.8487500000001","908.5687499999999","24666.675","0","0","0","0","0","0","0","0","0","0","0","0","0","0","0","0","0","0","0","0","0","10678.582500000004","11563.95375","1813.2712499999998","0","711.39","1171.4737499999999","25938.671249999992","10690.181250000001","11718.60375","1720.48125","0","943.365","1252.665","26325.29625000002","10813.901249999997","11111.6025","1237.1999999999998","0","757.7850000000001","831.2437500000001","24751.732499999995","0","0","0","0","0","0","0","0","0","0","0","0","0","0","0","0","0","0","0","0","0","10697.913749999998","11919.648750000004","1712.74875","0","742.3199999999999","1260.3975","26333.028750000005","11011.079999999998","11374.507500000002","1681.81875","0","935.6324999999999","1283.5949999999998","26286.633750000005","10755.9075","10759.77375","1318.39125","0","811.9124999999999","1156.00875","24801.993749999987","0","0","0","0","0","0","0","0","0","0","0","0","0","0","0","0","0","0","0","0","0","10407.945000000002","11502.09375","1801.6725","0","765.5174999999999","1206.2699999999998","25683.498750000002","10608.989999999998","11873.253750000002","1577.43","0","896.97","1333.8562499999998","26290.500000000015","11014.94625","10864.162500000002","1291.3274999999999","0","715.25625","1063.21875","24948.91125000001","0","0","0","0","0","0","0","0","0","0","0","0","0","0","0","0","0","0","0","0","0","10276.492499999998","11745.667500000003","1793.9399999999998","0","773.25","1252.665","25842.015000000003","10860.29625","11699.2725","1592.895","0","935.6324999999999","1438.245","26526.341250000005","10558.72875","11057.474999999999","1291.3274999999999","0","854.4412499999999","885.37125","24647.343750000004","0","0","0","0","0","0","0","0","0","0","0","0","0","0","0","0","0","0","0","0","0","10651.51875","11494.361250000004","1712.74875","0","703.6575","1175.34","25737.62625000001","11254.65375","11919.64875","1662.4875","0","958.8299999999999","1206.27","27001.89","11103.869999999997","10906.69125","1310.65875","0","823.51125","873.7725","25018.503749999993","0","0","0","0","0","0","0","0","0","0","0","0","0","0","0","0","0","0","0","0","0","10926.022500000003","11699.272500000001","1855.7999999999997","0","773.25","1260.3975","26514.7425","10527.798749999998","11529.1575","1809.405","0","943.365","1105.7475","25915.473749999997","10651.518749999996","10980.150000000003","1345.455","0","912.435","893.10375","24782.6625","0","0","0","0","0","0","0","0","0","0","0","0","0","0","0","0","0","0","0","0","0","10125.708749999998","11374.507500000003","1732.0799999999997","0","773.25","1229.4675","25235.013749999995","10396.34625","11807.527500000002","1627.6912499999999","0","931.76625","1198.5375","25961.868750000005","10562.595000000001","11544.622500000005","1310.65875","0","769.38375","1140.54375","25327.80375000001","0","0","0","0","0","0","0","0","0","0","0","0","0","0","0","0","0","0","0","0","0","10605.123749999995","11556.22125","1944.72375","0","757.785","1094.1487499999998","25958.0025","10949.22","12016.305","1619.95875","0","927.9","1248.79875","26762.182500000003","10245.562499999996","10245.5625","1368.6525","0","742.3199999999999","1241.06625","23843.16375","0","0","0","0","0","0","0","0","0","0","0","0","0","0","0","0","0","0","0","0","0","10782.971249999999","11463.431249999998","1782.3412500000002","0","750.0525","1117.3462499999998","25896.142500000005","10678.5825","11505.959999999997","1612.22625","0","881.5049999999999","1345.455","26023.728749999995","10075.4475","10659.251250000001","1364.7862499999999","0","831.2437500000001","1244.9325","24175.661250000005","0","0","0","0","0","0","0","0","0","0","0","0","0","0","0","0","0","0","0","0","0","10701.78","11602.61625","1871.2649999999996","0","773.25","1279.7287500000002","26228.639999999992","11142.532499999998","12093.630000000001","1701.1499999999999","0","974.295","1268.13","27179.7375","11100.00375","10705.646250000002","1264.2637499999998","0","761.6512499999999","997.4925000000001","24829.057500000006","0","0","0","0","0","0","0","0","0","0","0","0","0","0","0","0","0","0","0","0","0","10462.0725","11490.495000000003","1824.87","0","773.25","1221.735","25772.4225","10663.117500000002","11409.30375","1654.7549999999999","0","881.5049999999999","1214.0025","25822.68374999999","10802.3025","10670.85","1337.7224999999999","0","866.04","1028.4225","24705.337500000005","0","0","0","0","0","0","0","0","0","0","0","0","0","0","0","0","0","0","0","0","0","10875.76125","11389.972500000002","1677.9524999999999","0","757.785","1105.7475","25807.21874999999","10860.296250000001","11645.144999999999","1596.76125","0","896.97","1229.4675","26228.64","10400.212500000001","10593.525000000003","1125.0787500000001","0","788.7149999999999","943.365","23850.89625000001","0","0","0","0","0","0","0","0","0","0","0","0","0","0","0","0","0","0","0","0","0","10361.550000000001","11324.246250000002","1658.62125","0","780.9825","1190.805","25316.204999999998","10844.831250000001","11776.597500000002","1623.8249999999998","0","835.1099999999999","1186.93875","26267.302500000005","10724.977500000003","10871.894999999999","1283.5950000000003","0","730.72125","1070.95125","24682.140000000007","0","0","0","0","0","0","0","0","0","0","0","0","0","0","0","0","0","0","0","0","0","10423.41","11621.947500000006","1782.34125","0","742.3199999999999","1241.06625","25811.085000000003","10980.150000000001","11652.8775","1662.4874999999997","0","869.90625","1237.2","26402.62125","10713.378750000002","10972.417499999998","1194.67125","0","850.5749999999999","1090.2825","24821.324999999986","0","0","0","0","0","0","0","0","0","0","0","0","0","0","0","0","0","0","0","0","0","10844.831250000001","11045.876250000001","1925.3925","0","757.785","1214.0024999999998","25787.88749999999","10806.16875","11672.20875","1631.5575000000001","0","985.8937500000001","1252.665","26348.49375","10891.226249999998","10342.218750000002","1202.40375","0","734.5875000000001","985.8937500000001","24156.329999999994","0","0","0","0","0","0","0","0","0","0","0","0","0","0","0","0","0","0","0","0","0","10879.6275","11707.005","1844.2012499999998","0","773.25","1206.27","26410.353749999995","10647.652499999998","11676.075000000003","1600.6274999999998","0","978.1612499999999","1287.4612499999998","26189.977500000005","10454.339999999997","11022.678750000003","1349.32125","0","823.51125","1001.35875","24651.209999999995","0","0","0","0","0","0","0","0","0","0","0","0","0","0","0","0","0","0","0","0","0","10493.002499999999","12020.171250000001","1782.34125","0","780.9825","1275.8625","26352.359999999997","10566.46125","11606.4825","1616.0924999999997","0","947.23125","1256.53125","25992.798749999994","10608.990000000002","10922.156249999998","1345.455","0","842.8425","943.365","24662.80875","0","0","0","0","0","0","0","0","0","0","0","0","0","0","0","0","0","0","0","0","0","10589.65875","11204.392499999998","1801.6725","0","757.785","1094.1487499999998","25447.6575","10110.243750000003","11556.221249999999","1612.2262500000002","0","900.8362500000001","1163.74125","25343.268749999996","10779.105","10616.7225","1194.6712499999999","0","699.79125","1086.41625","24376.706250000003","0","0","0","0","0","0","0","0","0","0","0","0","0","0","0","0","0","0","0","0","0","10879.627499999995","11560.0875","1844.2012500000003","0","726.855","1128.9450000000002","26139.71625000001","11084.538750000002","11362.908749999999","1612.22625","0","881.505","1275.8625","26217.041250000006","10539.3975","10956.952499999998","1337.7225","0","792.58125","1078.68375","24705.337499999998","0","0","0","0","0","0","0","0","0","0","0","0","0","0","0","0","0","0","0","0","0","10759.773750000004","11011.080000000002","1848.0674999999999","0","742.3199999999999","1183.0725","25544.313749999987","10454.34","11865.52125","1631.5575000000001","0","896.9699999999999","1275.8625","26124.25125","10833.232500000004","11312.647500000003","1287.46125","0","916.30125","947.23125","25296.87375","0","0","0","0","0","0","0","0","0","0","0","0","0","0","0","0","0","0","0","0","0","10659.25125","11869.387500000003","1813.27125","0","773.25","1117.34625","26232.50625","10891.226250000002","11351.309999999996","1708.8825","0","1001.35875","1241.0662499999999","26193.843749999996","10585.792499999996","10419.54375","1214.0025","0","788.715","970.4287499999999","23978.482500000002","0","0","0","0","0","0","0","0","0","0","0","0","0","0","0","0","0","0","0","0","0","10496.86875","11749.533750000002","1817.1374999999998","0","780.9825","1144.4099999999999","25988.932500000006","10964.685000000001","11718.603750000002","1647.0225","0","970.42875","1136.6775","26437.417500000003","10728.84375","11084.53875","1299.06","0","896.97","858.3075","24867.71999999999","0","0","0","0","0","0","0","0","0","0","0","0","0","0","0","0","0","0","0","0","0","10137.307499999999","11374.507499999998","1616.0924999999997","0","773.25","1183.0724999999998","25084.229999999992","10786.837500000001","11683.807499999999","1600.6275","0","889.2375","1090.2825","26050.792500000007","10790.70375","10682.448749999998","1275.8625","0","854.44125","1109.61375","24713.069999999992","0","0","0","0","0","0","0","0","0","0","0","0","0","0","0","0","0","0","0","0","0","10628.32125","11331.97875","1863.5324999999998","0","773.25","1279.72875","25876.81124999999","10709.512499999999","11505.960000000001","1662.4874999999997","0","958.8299999999999","1291.3274999999999","26128.117500000004","10906.69125","11022.67875","1318.3912500000001","0","757.785","947.23125","24952.77750000001","0","0","0","0","0","0","0","0","0","0","0","0","0","0","0","0","0","0","0","0","0","10469.804999999998","11649.011250000001","1824.87","0","773.25","1248.79875","25965.735","10991.748749999995","10817.767499999998","1720.48125","0","896.97","1078.6837500000001","25505.651250000003","10659.25125","10380.88125","1337.7224999999999","0","738.45375","893.10375","24009.412499999995","0","0","0","0","0","0","0","0","0","0","0","0","0","0","0","0","0","0","0","0","0","10334.486249999998","11521.425","1867.3987499999998","0","780.9825","1225.60125","25729.893750000003","10554.862499999997","11583.284999999998","1585.1625","0","873.7725","1252.665","25849.74750000001","10469.804999999998","11243.055","1283.595","0","842.8425","819.645","24658.942499999994","0","0","0","0","0","0","0","0","0","0","0","0","0","0","0","0","0","0","0","0","0","10554.862500000003","11436.3675","1867.39875","0","773.25","1206.27","25838.148750000004","10949.220000000001","11660.610000000002","1643.15625","0","985.89375","1190.8049999999998","26429.685000000012","10280.358750000001","10860.296249999998","1183.0725","0","788.7149999999999","916.30125","24028.74375","0","0","0","0","0","0","0","0","0","0","0","0","0","0","0","0","0","0","0","0","0","10871.894999999997","11560.087500000001","1867.3987499999998","0","765.5174999999999","1256.53125","26321.43","10535.531249999996","11749.533749999999","1685.685","0","858.3075","1179.2062500000002","26008.26375","10520.06625","10744.308750000002","1337.7224999999999","0","838.9762499999999","1152.1425","24593.21625","0","0","0","0","0","0","0","0","0","0","0","0","0","0","0","0","0","0","0","0","0","10643.786249999997","11803.661250000001","1797.80625","0","750.0525","1117.3462499999998","26112.6525","10991.748750000004","11389.9725","1732.0799999999997","0","966.5625","1268.13","26348.493749999998","10253.295","10806.16875","1260.3975","0","900.8362500000001","819.645","24040.3425","0","0","0","0","0","0","0","0","0","0","0","0","0","0","0","0","0","0","0","0","0","10527.79875","11811.39375","1793.94","0","719.1225","1221.735","26073.989999999987","10705.646249999996","11370.641249999999","1612.22625","0","935.6324999999999","1256.53125","25880.677500000005","10407.945000000002","11447.966250000001","1318.39125","0","846.70875","1086.41625","25107.42750000001","0","0","0","0","0","0","0","0","0","0","0","0","0","0","0","0","0","0","0","0","0","10388.61375","12054.9675","1871.2649999999999","0","780.9825","1167.6074999999998","26263.436250000017","10732.71","11753.400000000001","1608.36","0","962.69625","1341.58875","26398.754999999997","10910.5575","10353.8175","1256.5312500000002","0","835.11","1009.09125","24365.1075","0","0","0","0","0","0","0","0","0","0","0","0","0","0","0","0","0","0","0","0","0","10496.868750000001","11745.6675","1724.3475","0","765.5174999999999","1090.2825","25822.683750000004","10496.86875","11026.544999999998","1654.7549999999999","0","943.365","1229.4675","25351.001250000005","10956.952500000001","10473.671250000001","1283.595","0","838.9762499999999","1074.8174999999999","24628.01250000001","0","0","0","0","0","0","0","0","0","0","0","0","0","0","0","0","0","0","0","0","0","10608.990000000002","11212.124999999998","1793.9399999999998","0","742.3199999999999","1183.0725","25540.447500000002","10844.831250000001","11873.253749999998","1724.3474999999999","0","912.435","1314.525","26669.39249999999","10953.08625","11185.061250000002","1299.06","0","715.25625","912.4350000000001","25064.89874999999","0","0","0","0","0","0","0","0","0","0","0","0","0","0","0","0","0","0","0","0","0","10481.40375","11362.908750000006","1743.6787499999998","0","765.5174999999999","1252.665","25606.17375000001","10473.671250000003","11533.023749999998","1724.3474999999999","0","885.37125","1244.9325000000001","25861.346249999995","10415.6775","10721.111249999998","1256.5312499999998","0","808.0462500000001","970.42875","24171.794999999995","0","0","0","0","0","0","0","0","0","0","0","0","0","0","0","0","0","0","0","0","0","10728.843749999998","11633.546250000001","1805.53875","0","757.785","1082.55","26008.263749999984","10825.500000000002","11683.807499999999","1670.22","0","943.365","1225.6012500000002","26348.49375000001","10075.447499999998","10728.843749999998","1310.65875","0","850.575","993.62625","23959.151250000003","0","0","0","0","0","0","0","0","0","0","0","0","0","0","0","0","0","0","0","0","0","10605.12375","11819.12625","1975.65375","0","719.1225","1306.7925","26425.81875","10442.741250000001","11687.673750000004","1585.1625","0","978.1612500000001","1271.99625","25965.735000000004","10531.665","11072.939999999995","1357.0537499999998","0","889.2375","935.6325","24786.528750000005","0","0","0","0","0","0","0","0","0","0","0","0","0","0","0","0","0","0","0","0","0","10740.442500000001","11954.445","1793.94","0","757.785","1217.8687499999999","26464.481249999993","10616.7225","11215.99125","1786.2075","0","858.3075000000001","1237.2","25714.42875000001","10663.117500000002","10454.339999999998","1256.53125","0","877.6387500000001","862.1737499999999","24113.801250000008","0","0","0","0","0","0","0","0","0","0","0","0","0","0","0","0","0","0","0","0","0","10748.175000000001","11231.456250000007","1878.9975","0","742.3199999999999","1117.34625","25718.29499999999","11293.316249999998","11517.558749999998","1647.0224999999998","0","896.97","1275.8625","26630.72999999999","10357.683749999998","11092.271249999998","1237.1999999999998","0","835.1099999999999","1070.9512499999998","24593.216250000005","0","0","0","0","0","0","0","0","0","0","0","0","0","0","0","0","0","0","0","0","0","10868.02875","11536.89","1824.87","0","773.25","1117.34625","26120.385000000006","10775.238749999999","11273.984999999997","1639.29","0","912.4350000000001","1086.41625","25687.364999999994","10759.77375","10864.162500000002","1364.78625","0","850.575","804.1800000000001","24643.477500000005","0","0","0","0","0","0","0","0","0","0","0","0","0","0","0","0","0","0","0","0","0","10272.626249999998","11266.252500000002","1929.25875","0","757.785","1167.6075","25393.530000000006","10740.4425","11505.960000000003","1685.685","0","993.62625","1117.34625","26043.06","10346.085000000001","11246.921249999998","1264.26375","0","765.5174999999999","831.24375","24454.031249999996","0","0","0","0","0","0","0","0","0","0","0","0","0","0","0","0","0","0","0","0","0","10465.93875","11088.404999999997","1917.6600000000003","0","695.925","1271.9962500000001","25439.924999999996","11347.44375","11471.163750000002","1782.34125","0","951.0975000000001","1353.1874999999998","26905.233749999992","10860.296250000001","11536.89","1364.78625","0","854.44125","1005.2249999999999","25621.638749999995","0","0","0","0","0","0","0","0","0","0","0","0","0","0","0","0","0","0","0","0","0","10496.86875","11397.705000000002","1817.1375","0","765.5174999999999","1167.6074999999998","25644.83625","10183.702499999998","11455.698749999998","1720.4812499999998","0","985.89375","1221.7350000000001","25567.511249999992","10566.461249999998","11602.616250000001","1329.99","0","773.25","1016.82375","25289.14125","0","0","0","0","0","0","0","0","0","0","0","0","0","0","0","0","0","0","0","0","0","10833.232499999996","11119.335000000001","1821.00375","0","742.3199999999999","1152.1425","25668.033750000013","10964.685000000001","11401.571249999999","1600.6275","0","893.10375","1140.54375","26000.531250000007","11092.27125","11165.730000000003","1287.4612499999998","0","904.7025000000001","974.295","25424.460000000006","0","0","0","0","0","0","0","0","0","0","0","0","0","0","0","0","0","0","0","0","0","10902.825000000003","11413.169999999998","1832.6025","0","742.3199999999999","1144.4099999999999","26035.327499999996","10782.97125","11807.5275","1674.08625","0","962.6962500000001","1256.53125","26483.812500000004","10771.3725","11386.106249999997","1345.455","0","796.4475","1059.3525","25358.733749999996","0","0","0","0","0","0","0","0","0","0","0","0","0","0","0","0","0","0","0","0","0","10829.366250000001","11185.06125","1778.475","0","750.0525","1260.3975","25803.352500000008","11227.59","11799.795","1705.0162500000001","0","920.1675","1268.13","26920.698750000007","10806.168749999997","11061.341250000001","1268.1299999999999","0","788.715","1043.8875","24968.242499999993","0","0","0","0","0","0","0","0","0","0","0","0","0","0","0","0","0","0","0","0","0","10825.499999999996","11641.278750000001","1863.5324999999998","0","726.855","1252.665","26309.831250000007","10724.977499999995","11683.8075","1670.22","0","947.2312499999999","1368.6525","26394.88874999999","11683.807500000003","10918.289999999999","1237.1999999999998","0","873.7725","1063.2187499999998","25776.28875","0","0","0","0","0","0","0","0","0","0","0","0","0","0","0","0","0","0","0","0","0","10489.136250000003","11215.991250000003","1886.7299999999998","0","750.0525","1214.0025","25555.912500000006","10767.506249999999","12074.298749999998","1732.08","0","889.2375","1295.19375","26758.31624999999","10740.442500000005","10933.755000000001","1318.3912500000001","0","757.785","951.0975","24701.471249999995","0","0","0","0","0","0","0","0","0","0","0","0","0","0","0","0","0","0","0","0","0","10647.652500000006","11447.966250000003","1840.3349999999998","0","765.5174999999999","1190.8049999999998","25892.276250000003","10508.4675","11764.998750000004","1565.83125","0","924.0337499999999","1244.9325000000001","26008.263750000002","10864.1625","11011.079999999998","1295.19375","0","881.5050000000001","877.6387500000001","24929.579999999994","0","0","0","0","0","0","0","0","0","0","0","0","0","0","0","0","0","0","0","0","0","10554.862500000003","11409.30375","1867.39875","0","734.5875","1190.8049999999998","25756.957499999982","10732.709999999997","11904.183749999997","1658.6212500000001","0","869.90625","1244.9325","26410.35375000001","10651.51875","10759.773750000002","1237.2","0","792.58125","939.4987500000001","24380.572500000006","0","0","0","0","0","0","0","0","0","0","0","0","0","0","0","0","0","0","0","0","0","10585.792500000001","11563.953749999999","1782.34125","0","773.25","1202.40375","25907.74125000001","10686.315000000002","11281.717500000004","1650.8887499999998","0","862.1737499999999","1395.71625","25876.811250000002","10624.454999999998","10906.691249999998","1318.39125","0","800.31375","885.37125","24535.222500000003","0","0","0","0","0","0","0","0","0","0","0","0","0","0","0","0","0","0","0","0","0","10427.27625","11250.787500000004","1770.7424999999998","0","719.1225","1067.085","25235.013750000002","11436.367500000002","11204.392500000004","1735.94625","0","893.10375","1287.46125","26557.271249999998","11169.596250000002","10895.092499999997","1248.79875","0","808.0462500000001","974.295","25095.828749999997","0","0","0","0","0","0","0","0","0","0","0","0","0","0","0","0","0","0","0","0","0","10558.728750000002","11196.66","1824.87","0","780.9825","1318.3912500000001","25679.632499999996","11127.067500000001","11478.896249999996","1670.22","0","854.44125","1260.3975","26391.022500000003","11007.213749999997","10887.36","1322.2575","0","808.0462499999999","900.83625","24925.71375000002","0","0","0","0","0","0","0","0","0","0","0","0","0","0","0","0","0","0","0","0","0","10148.90625","11463.431250000001","1759.1437499999997","0","742.3199999999999","1202.40375","25316.205000000013","10291.9575","11741.801249999999","1701.1499999999999","0","916.30125","1426.6462500000002","26077.856250000004","10608.990000000002","11277.851250000002","1275.8625","0","730.72125","1070.95125","24964.376249999998","0","0","0","0","0","0","0","0","0","0","0","0","0","0","0","0","0","0","0","0","0","10527.798749999998","11502.093749999998","1894.4625","0","750.0525","1186.93875","25861.346250000002","11026.545000000002","11761.132500000003","1596.7612499999998","0","924.03375","1376.3849999999998","26684.857500000002","10651.51875","10813.901249999999","1310.6587499999998","0","908.56875","788.7149999999999","24473.362500000003","0","0","0","0","0","0","0","0","0","0","0","0","0","0","0","0","0","0","0","0","0","10709.512500000003","11339.71125","1821.0037499999999","0","726.855","1206.27","25803.35249999999","10891.226249999992","11343.577500000001","1735.94625","0","920.1675","1210.13625","26101.05375","10601.2575","11057.474999999999","1229.4675","0","811.9124999999999","1063.21875","24763.331249999996","0","0","0","0","0","0","0","0","0","0","0","0","0","0","0","0","0","0","0","0","0","10415.677499999998","11869.387500000004","1851.9337500000001","0","726.855","1283.5949999999998","26147.44875","10694.047500000004","11865.521250000002","1639.29","0","896.97","1275.8625","26371.691250000007","10678.5825","10543.263749999998","1337.7224999999999","0","777.11625","970.4287499999999","24307.11375","0","0","0","0","0","0","0","0","0","0","0","0","0","0","0","0","0","0","0","0","0","10090.9125","11049.7425","1817.1374999999998","0","757.785","1028.4225000000001","24744.000000000004","10964.685","11679.94125","1596.76125","0","951.0974999999999","1264.26375","26456.748750000006","10450.473750000003","10848.6975","1244.9325","0","885.3712499999999","846.70875","24276.18375","0","0","0","0","0","0","0","0","0","0","0","0","0","0","0","0","0","0","0","0","0","10748.174999999997","11637.412500000004","1813.27125","0","719.1225","1206.27","26124.25124999999","11053.608750000001","11649.011250000001","1782.34125","0","943.365","1395.71625","26824.042499999996","10365.41625","10864.1625","1302.92625","0","885.3712499999999","1001.35875","24419.235000000004","0","0","0","0","0","0","0","0","0","0","0","0","0","0","0","0","0","0","0","0","0","10682.448750000001","12283.076249999998","1786.2074999999998","0","750.0525","1175.34","26677.125000000004","10813.90125","11679.941250000002","1766.87625","0","869.90625","1302.92625","26433.55125000001","10786.8375","11355.176249999997","1283.5950000000003","0","734.5875000000001","1214.0025","25374.198749999992","0","0","0","0","0","0","0","0","0","0","0","0","0","0","0","0","0","0","0","0","0","10605.123750000002","11301.048750000002","1774.6087499999999","0","719.1225000000001","1109.61375","25509.517499999998","10349.951250000004","11455.698750000001","1674.08625","0","927.9","1364.78625","25772.422500000008","10906.691249999996","10991.74875","1241.06625","0","815.7787500000001","904.7025","24859.987500000003","0","0","0","0","0","0","0","0","0","0","0","0","0","0","0","0","0","0","0","0","0","10763.64","11366.775000000001","1755.2774999999997","0","734.5875","1198.5375000000001","25818.81750000001","11154.131249999999","11026.545","1747.5449999999998","0","916.30125","1194.6712499999999","26039.193750000002","10454.340000000002","10697.91375","1337.7224999999999","0","692.05875","951.0975000000001","24133.132500000003","0","0","0","0","0","0","0","0","0","0","0","0","0","0","0","0","0","0","0","0","0","10431.1425","11308.78125","1855.8","0","765.5174999999999","1117.3462499999998","25478.587500000005","10968.551250000002","11536.89","1705.01625","0","962.69625","1244.9325","26418.086250000004","10489.136250000003","10953.08625","1322.2575000000002","0","854.4412500000001","1040.02125","24658.94250000001","0","0","0","0","0","0","0","0","0","0","0","0","0","0","0","0","0","0","0","0","0","10929.88875","10543.263750000002","1878.9975","0","773.25","1117.34625","25242.74625000001","10547.129999999997","12201.885000000002","1558.0987499999999","0","885.37125","1372.51875","26565.00375","10860.296250000001","10883.493750000003","1299.06","0","750.0525","962.69625","24755.598749999994","0","0","0","0","0","0","0","0","0","0","0","0","0","0","0","0","0","0","0","0","0","10578.060000000001","11254.653750000001","1782.34125","0","780.9825","1090.2825","25486.32","10605.12375","11645.144999999999","1647.0225","0","939.49875","1225.60125","26062.391249999997","10508.467499999999","10469.804999999998","1337.7224999999999","0","695.925","877.63875","23889.558750000004","0","0","0","0","0","0","0","0","0","0","0","0","0","0","0","0","0","0","0","0","0","10740.442499999997","11467.297499999999","1817.1374999999998","0","765.5174999999999","1221.735","26012.129999999997","11069.073749999998","10991.748750000002","1623.825","0","978.1612499999999","1210.13625","25872.944999999996","10435.00875","11262.38625","1291.3274999999999","0","823.51125","939.4987500000001","24751.7325","0","0","0","0","0","0","0","0","0","0","0","0","0","0","0","0","0","0","0","0","0","10837.098749999997","11478.896249999996","1751.41125","0","773.25","1175.3400000000001","26015.996249999997","11111.602499999999","11618.081249999997","1677.9524999999999","0","831.2437499999999","1256.53125","26495.41125","10303.556250000001","10798.43625","1229.4675","0","819.645","1159.875","24310.98","0","0","0","0","0","0","0","0","0","0","0","0","0","0","0","0","0","0","0","0","0","10759.773749999997","10906.691250000003","1763.01","0","742.3199999999999","1233.33375","25405.128750000014","10906.69125","11641.27875","1639.29","0","935.6324999999999","1271.99625","26394.888750000002","10601.257499999998","11351.31","1318.3912499999997","0","792.58125","896.97","24960.51","0","0","0","0","0","0","0","0","0","0","0","0","0","0","0","0","0","0","0","0","0","10678.582500000002","11865.521249999998","1732.0799999999997","0","765.5174999999999","1159.875","26201.576250000002","11277.851249999998","11996.973750000003","1693.4175","0","943.365","1329.99","27241.597500000007","10945.353749999997","11018.8125","1337.7224999999999","0","792.58125","1028.4225000000001","25122.8925","0","0","0","0","0","0","0","0","0","0","0","0","0","0","0","0","0","0","0","0","0","10755.907500000001","11935.113749999997","1743.67875","0","780.9825","1221.7350000000001","26437.417500000003","10759.773749999997","11138.666250000004","1705.0162500000001","0","931.7662499999999","1194.6712499999999","25729.89375","10570.3275","10717.245","1326.1237499999997","0","734.5875000000001","943.365","24291.648750000004","0","0","0","0","0","0","0","0","0","0","0","0","0","0","0","0","0","0","0","0","0","10570.3275","11482.762499999999","1855.7999999999997","0","726.855","1183.0725","25818.817500000005","10937.621249999998","11297.1825","1542.63375","0","904.7024999999999","1384.1174999999998","26066.2575","10516.200000000003","10779.105","1121.2124999999999","0","835.11","1183.0725","24434.699999999997","0","0","0","0","0","0","0","0","0","0","0","0","0","0","0","0","0","0","0","0","0","10516.200000000004","11703.138749999998","1720.48125","0","750.0525","1156.00875","25845.881249999995","11069.073750000005","11629.68","1681.81875","0","827.3774999999998","1306.7925","26514.7425","10612.856250000003","11177.328749999997","1256.53125","0","780.9825","982.0275000000001","24809.72625","0","0","0","0","0","0","0","0","0","0","0","0","0","0","0","0","0","0","0","0","0","10346.085000000003","11478.896249999998","1809.405","0","765.5174999999999","1186.93875","25586.8425","10647.652500000002","11683.807499999997","1712.74875","0","958.83","1148.27625","26151.31499999999","10891.226249999998","10752.04125","1237.2","0","753.91875","1012.9575","24647.343750000007","0","0","0","0","0","0","0","0","0","0","0","0","0","0","0","0","0","0","0","0","0","10721.111249999996","11784.33","1747.5449999999998","0","726.855","1306.7925","26286.63375","10755.9075","11386.10625","1724.3474999999999","0","943.365","1237.2","26046.926250000004","10346.085","10902.825","1256.53125","0","823.51125","1005.2249999999999","24334.177500000005","0","0","0","0","0","0","0","0","0","0","0","0","0","0","0","0","0","0","0","0","0","10837.09875","11420.9025","1817.1374999999998","0","719.1225","1217.86875","26012.130000000005","10960.81875","11567.820000000002","1650.88875","0","885.3712499999999","1140.5437499999998","26205.442500000012","10949.219999999998","11355.176250000004","1337.7225","0","811.9125","1047.75375","25501.784999999996","0","0","0","0","0","0","0","0","0","0","0","0","0","0","0","0","0","0","0","0","0","10601.257500000003","11347.443749999997","1875.1312500000001","0","750.0525","1233.3337499999998","25807.21875","10752.041250000002","11815.259999999998","1565.8312500000002","0","920.1675","1252.665","26305.965000000007","10361.550000000003","11053.608749999998","1275.8625","0","761.6512500000001","819.645","24272.317499999997","0","0","0","0","0","0","0","0","0","0","0","0","0","0","0","0","0","0","0","0","0","10369.282500000001","11316.51375","1747.545","0","742.3199999999999","1167.6075","25343.268749999977","11208.258750000003","11834.591249999998","1689.55125","0","927.9000000000001","1287.4612499999998","26947.7625","10512.333749999994","11270.118750000003","1384.1174999999998","0","831.2437500000001","746.1862499999999","24744.00000000001","0","0","0","0","0","0","0","0","0","0","0","0","0","0","0","0","0","0","0","0","0","10972.417500000001","11297.182499999997","1805.5387500000002","0","773.25","1156.00875","26004.3975","11007.21375","11730.202500000003","1600.6275","0","854.4412500000001","1244.9325","26437.4175","10883.493749999998","11196.66","1310.6587499999998","0","726.855","866.04","24983.7075","0","0","0","0","0","0","0","0","0","0","0","0","0","0","0","0","0","0","0","0","0","10674.716250000003","11374.507499999998","1848.0675","0","780.9825","1101.88125","25780.155","10798.436249999999","11757.266250000002","1608.3600000000001","0","954.9637499999999","1268.1299999999999","26387.156249999993","10400.212500000001","10779.105","1283.5949999999998","0","695.9250000000001","838.9762499999999","23997.813750000005","0","0","0","0","0","0","0","0","0","0","0","0","0","0","0","0","0","0","0","0","0","10523.932500000003","11374.507499999998","1913.7937499999998","0","765.5174999999999","1105.7475","25683.498750000006","10980.150000000001","11517.55875","1631.5575000000001","0","943.365","1244.9325","26317.563750000012","10682.448750000001","10813.901249999999","1310.6587499999998","0","769.38375","858.3075","24434.699999999997","0","0","0","0","0","0","0","0","0","0","0","0","0","0","0","0","0","0","0","0","0","10782.97125","11799.795000000004","1832.6025000000002","0","750.0525","1275.8625","26441.28375","10732.71","11908.05","1627.6912499999999","0","1036.155","1152.1425","26456.74875","10775.238749999999","11374.507500000002","1264.26375","0","695.9250000000001","927.9","25037.835","0","0","0","0","0","0","0","0","0","0","0","0","0","0","0","0","0","0","0","0","0","10597.391249999999","11629.680000000002","1782.34125","0","719.1225","1082.55","25811.08500000002","10616.7225","11525.29125","1728.21375","0","889.2375","1310.6587499999998","26070.12375","10732.71","10392.479999999996","1256.53125","0","835.1099999999999","1043.8875","24260.718750000007","0","0","0","0","0","0","0","0","0","0","0","0","0","0","0","0","0","0","0","0","0","10218.498749999999","11359.0425","1674.0862499999998","0","750.0525","1167.6074999999998","25169.287499999995","11482.762499999999","11548.488749999999","1647.0225","0","954.96375","1171.4737499999999","26804.711249999993","10512.333750000002","11169.596249999999","1256.53125","0","819.645","978.16125","24736.267499999987","0","0","0","0","0","0","0","0","0","0","0","0","0","0","0","0","0","0","0","0","0","10767.506250000002","11335.845000000001","1859.66625","0","719.1225","1194.67125","25876.811250000006","10949.220000000001","11687.673750000004","1674.08625","0","869.90625","1070.95125","26251.837499999994","9986.52375","11405.437499999998","1283.595","0","947.23125","1009.09125","24631.878749999996","0","0","0","0","0","0","0","0","0","0","0","0","0","0","0","0","0","0","0","0","0","10404.07875","11741.801249999999","1759.14375","0","742.3199999999999","1163.74125","25811.084999999995","11061.341250000001","12078.165000000003","1790.07375","0","912.435","1171.4737499999999","27013.48875","10334.48625","10790.703750000002","1299.06","0","738.45375","1001.3587500000001","24164.062500000007","0","0","0","0","0","0","0","0","0","0","0","0","0","0","0","0","0","0","0","0","0","10338.352499999999","11034.277499999998","1933.125","0","742.3199999999999","1163.74125","25211.816250000007","10106.377499999999","12136.158750000002","1712.74875","0","916.30125","1210.13625","26081.722500000007","10655.385","11115.468750000002","1384.1174999999998","0","854.4412499999999","1098.015","25107.427499999998","0","0","0","0","0","0","0","0","0","0","0","0","0","0","0","0","0","0","0","0","0","10864.162499999999","11656.743749999996","1844.2012499999996","0","750.0525","1210.13625","26325.296250000007","10721.11125","11123.201250000006","1643.1562499999998","0","908.56875","1264.26375","25660.301250000004","10620.588749999999","11092.271250000005","1229.4675","0","750.0525","1024.55625","24716.93624999999","0","0","0","0","0","0","0","0","0","0","0","0","0","0","0","0","0","0","0","0","0"
,"10589.65875","12070.4325","1840.335","0","757.785","1190.8049999999998","26449.016250000008","11250.7875","11776.597499999996","1585.1625","0","931.76625","1241.0662499999999","26785.37999999999","10639.919999999996","11146.398750000002","1256.53125","0","788.7150000000001","1082.55","24914.115000000005","0","0","0","0","0","0","0","0","0","0","0","0","0","0","0","0","0","0","0","0","0","10879.627500000002","11776.597500000003","1859.6662499999998","0","750.0525","1094.14875","26360.092500000002","11208.258750000006","12124.56","1689.55125","0","920.1675","1109.61375","27052.151250000003","10980.150000000001","11107.736249999998","1349.32125","0","788.7149999999999","1101.88125","25327.80375","0","0","0","0","0","0","0","0","0","0","0","0","0","0","0","0","0","0","0","0","0","10721.111249999998","11996.973750000001","1735.94625","0","773.25","1186.93875","26414.220000000016","11235.322500000002","11544.6225","1589.02875","0","904.7025","1275.8625000000002","26549.538750000003","10535.531249999998","10694.047500000002","1225.60125","0","784.84875","1028.4225","24268.451250000002","0","0","0","0","0","0","0","0","0","0","0","0","0","0","0","0","0","0","0","0","0","10682.44875","10895.092499999999","1712.74875","0","719.1225","1175.34","25184.752499999988","11042.010000000002","11660.609999999999","1647.0225","0","920.1675","1252.665","26522.47500000001","10435.008749999999","10984.016250000004","1283.5949999999998","0","811.9125000000001","1136.6774999999998","24651.210000000006","0","0","0","0","0","0","0","0","0","0","0","0","0","0","0","0","0","0","0","0","0","10423.410000000003","11768.865000000002","1770.7425","0","750.0525","1244.9325","25958.00250000001","11455.69875","11780.463750000003","1616.0925","0","846.70875","1074.8174999999999","26773.781250000004","10199.1675","11107.73625","1210.1362499999998","0","889.2375","900.83625","24307.113750000008","0","0","0","0","0","0","0","0","0","0","0","0","0","0","0","0","0","0","0","0","0","10755.907500000001","11517.55875","1716.615","0","742.3199999999999","1186.93875","25919.339999999997","11289.45","11950.57875","1558.0987499999999","0","900.83625","1248.79875","26947.762500000004","10810.035000000002","11088.404999999999","1322.2575","0","885.3712499999999","1005.225","25111.293749999997","0","0","0","0","0","0","0","0","0","0","0","0","0","0","0","0","0","0","0","0","0","10550.996250000004","11297.1825","1782.34125","0","773.25","1094.1487499999998","25497.918750000004","10759.773749999997","11935.113750000002","1693.4175","0","912.435","1283.595","26584.335000000006","10860.296250000001","10686.315000000002","1345.455","0","819.645","862.1737499999999","24573.88499999999","0","0","0","0","0","0","0","0","0","0","0","0","0","0","0","0","0","0","0","0","0","10852.563750000001","11146.398749999997","1933.125","0","750.0525","1128.945","25811.08499999999","11679.941249999996","11788.19625","1585.1625","0","985.89375","1206.27","27245.46375000001","10759.773750000002","10972.4175","1310.6587499999998","0","904.7025000000001","1136.6775","25084.230000000003","0","0","0","0","0","0","0","0","0","0","0","0","0","0","0","0","0","0","0","0","0","10462.0725","11475.029999999997","1863.5325","0","780.9825","1175.34","25756.9575","11042.01","11741.801250000004","1732.0800000000002","0","862.1737499999999","1043.8875","26421.952499999992","11188.9275","10636.05375","1310.65875","0","846.70875","993.62625","24975.975000000006","0","0","0","0","0","0","0","0","0","0","0","0","0","0","0","0","0","0","0","0","0","10717.244999999999","11861.655","1929.25875","0","750.0525","1237.1999999999998","26495.411249999997","10833.232499999998","11915.782500000001","1658.62125","0","935.6324999999999","1252.665","26595.933749999993","10489.136249999998","11270.118749999994","1291.3275","0","722.98875","858.3075","24631.878749999993","0","0","0","0","0","0","0","0","0","0","0","0","0","0","0","0","0","0","0","0","0","10369.2825","11753.4","1786.2075","0","773.25","1271.9962500000001","25954.13625000002","11447.96625","11888.718749999996","1728.2137500000001","0","1009.0912500000001","1225.60125","27299.591249999994","10898.958749999998","10616.7225","1295.19375","0","808.0462499999999","1055.48625","24674.407499999998","0","0","0","0","0","0","0","0","0","0","0","0","0","0","0","0","0","0","0","0","0","10887.360000000002","11490.495","1867.3987499999998","0","726.855","1244.9325","26217.04125000002","11061.341250000003","11734.068749999999","1662.4874999999997","0","920.1674999999999","1221.7350000000001","26599.799999999992","10589.65875","10953.086250000002","1310.65875","0","827.3775","1012.9575","24693.738750000008","0","0","0","0","0","0","0","0","0","0","0","0","0","0","0","0","0","0","0","0","0","10639.920000000002","10860.29625","1936.99125","0","750.0525","1159.875","25347.13500000001","10612.85625","11544.6225","1701.1499999999999","0","893.10375","1128.9450000000002","25880.677499999998","11053.608750000001","11475.029999999999","1329.9899999999998","0","893.10375","931.76625","25683.498750000013","0","0","0","0","0","0","0","0","0","0","0","0","0","0","0","0","0","0","0","0","0","10523.932499999997","11219.857500000002","1851.93375","0","719.1225","1152.1425","25466.98875","11177.328749999997","11548.488750000004","1577.43","0","920.1675","1233.33375","26456.748749999995","10786.8375","10949.220000000003","1372.51875","0","788.7149999999999","951.0975","24848.388749999995","0","0","0","0","0","0","0","0","0","0","0","0","0","0","0","0","0","0","0","0","0","10860.296249999998","11297.182500000003","1836.46875","0","765.5174999999999","1175.34","25934.80499999999","10786.837499999996","11753.4","1592.895","0","947.2312499999999","1264.26375","26344.627499999988","10980.150000000001","11378.37375","1237.2000000000003","0","815.7787500000001","954.96375","25366.466249999994","0","0","0","0","0","0","0","0","0","0","0","0","0","0","0","0","0","0","0","0","0","10233.963749999995","11703.13875","1821.0037499999999","0","726.855","1175.34","25660.301249999997","10728.843750000005","11966.043749999999","1558.0987499999999","0","881.5049999999999","1252.665","26387.156249999996","10531.665000000006","10141.173750000002","1310.6587499999998","0","835.1099999999999","846.70875","23665.31625000001","0","0","0","0","0","0","0","0","0","0","0","0","0","0","0","0","0","0","0","0","0","10531.664999999999","11208.258749999995","1770.7424999999998","0","780.9825","1156.00875","25447.657499999998","10759.773750000002","11610.348750000001","1693.4175","0","862.1737499999999","1179.20625","26104.92","10454.34","11100.003749999996","1268.13","0","680.46","993.62625","24496.560000000005","0","0","0","0","0","0","0","0","0","0","0","0","0","0","0","0","0","0","0","0","0","10585.7925","11795.928749999997","1770.7424999999998","0","757.785","1229.4675","26139.71625","10775.238749999997","11807.527499999998","1654.7549999999997","0","924.03375","1368.6525000000001","26530.207500000004","10763.639999999998","10918.289999999999","1333.85625","0","842.8425","1012.9575","24871.586249999993","0","0","0","0","0","0","0","0","0","0","0","0","0","0","0","0","0","0","0","0","0","10798.436249999999","11552.354999999996","1751.4112499999999","0","773.25","1125.07875","26000.53125000001","10562.595","11687.673749999994","1755.2775","0","900.83625","1109.61375","26015.996250000004","10516.200000000004","10740.442499999997","1314.525","0","835.1099999999999","1140.5437499999998","24546.821249999997","0","0","0","0","0","0","0","0","0","0","0","0","0","0","0","0","0","0","0","0","0","10926.0225","11428.635","1782.34125","0","695.925","1221.7350000000001","26054.65875","10984.016250000002","11931.247499999998","1716.6149999999998","0","927.9000000000001","1326.12375","26885.902500000004","10887.360000000002","10964.685","1283.595","0","889.2375","1074.8175","25099.69499999999","0","0","0","0","0","0","0","0","0","0","0","0","0","0","0","0","0","0","0","0","0","10608.990000000002","11865.521250000002","1801.6725","0","780.9825","1229.4674999999997","26286.633749999997","10678.5825","11502.09375","1666.35375","0","873.7725","1372.5187500000002","26093.321250000008","10110.24375","10728.843749999998","1148.27625","0","765.5175","966.5625","23719.443750000006","0","0","0","0","0","0","0","0","0","0","0","0","0","0","0","0","0","0","0","0","0","10728.843750000002","11525.291249999998","1821.0037499999999","0","780.9825","1047.7537499999999","25903.875000000007","11014.946249999999","12178.687500000002","1546.5","0","939.49875","1152.1425","26831.775000000005","11146.39875","10477.5375","1372.51875","0","750.0525","1009.09125","24755.59875","0","0","0","0","0","0","0","0","0","0","0","0","0","0","0","0","0","0","0","0","0","10844.83125","11273.985","1886.73","0","726.855","1117.34625","25849.74750000001","10949.22","11822.992500000002","1654.7549999999999","0","877.6387500000001","1206.27","26510.87625","10670.849999999999","11061.34125","1291.3274999999999","0","850.575","889.2375","24763.331250000007","0","0","0","0","0","0","0","0","0","0","0","0","0","0","0","0","0","0","0","0","0","10535.53125","11811.39375","1809.405","0","750.0525","1175.34","26081.722500000007","10976.28375","12147.7575","1612.22625","0","896.97","1190.8049999999998","26824.042500000007","10214.632500000003","10918.290000000003","1318.39125","0","893.10375","823.51125","24167.92875","0","0","0","0","0","0","0","0","0","0","0","0","0","0","0","0","0","0","0","0","0","10856.43","11304.915","1755.2775","0","742.3199999999999","1268.13","25927.0725","11022.67875","12027.903750000003","1561.965","0","924.03375","1329.9900000000002","26866.57125000001","10744.308749999998","10945.35375","1241.06625","0","862.17375","947.2312499999999","24740.133749999994","0","0","0","0","0","0","0","0","0","0","0","0","0","0","0","0","0","0","0","0","0","10636.053750000001","11583.284999999998","1747.5449999999998","0","750.0525","1109.61375","25826.550000000007","10682.44875","11351.31","1677.9525","0","947.23125","1163.74125","25822.683749999993","10701.78","11215.991250000003","1318.39125","0","889.2375","912.4350000000001","25037.835000000003","0","0","0","0","0","0","0","0","0","0","0","0","0","0","0","0","0","0","0","0","0","10442.741250000001","11061.341250000001","1882.8637499999998","0","765.5174999999999","1244.9325","25397.39625000001","10906.691250000002","12101.362500000001","1619.95875","0","935.6324999999999","1109.61375","26673.258749999994","11188.9275","10315.155000000002","1314.525","0","850.575","866.0400000000001","24535.2225","0","0","0","0","0","0","0","0","0","0","0","0","0","0","0","0","0","0","0","0","0","10361.550000000003","11861.655000000004","1960.1887499999998","0","742.3199999999999","1329.99","26255.703750000008","10435.00875","11718.603750000002","1681.81875","0","927.9","1387.9837500000003","26151.315","10937.621250000004","10883.493750000001","1337.7225","0","672.7275","1179.20625","25010.771250000013","0","0","0","0","0","0","0","0","0","0","0","0","0","0","0","0","0","0","0","0","0","10670.849999999999","11699.272500000003","1913.7937499999998","0","780.9825","1132.81125","26197.710000000006","11312.647500000001","11826.858750000001","1561.965","0","916.30125","1268.13","26885.90250000001","10334.486250000002","10864.162500000002","1229.4675","0","858.3075000000001","1040.02125","24326.445000000003","0","0","0","0","0","0","0","0","0","0","0","0","0","0","0","0","0","0","0","0","0","10639.920000000002","11602.616250000003","1805.5387500000002","0","780.9825","1210.13625","26039.193750000002","10910.557500000004","11938.98","1577.4299999999998","0","854.44125","1353.1875","26634.59625","10442.741250000001","10902.824999999999","1275.8625000000002","0","804.1800000000001","1043.8874999999998","24469.496250000004","0","0","0","0","0","0","0","0","0","0","0","0","0","0","0","0","0","0","0","0","0","10535.531249999998","11850.056250000003","1913.79375","0","750.0525","1244.9325","26294.366249999992","11034.2775","11579.418750000003","1534.90125","0","947.2312499999998","1159.875","26255.703750000015","10319.021249999998","11343.5775","1283.5949999999998","0","819.645","1009.0912500000001","24774.930000000004","0","0","0","0","0","0","0","0","0","0","0","0","0","0","0","0","0","0","0","0","0","10744.308749999998","10929.888750000004","1882.86375","0","726.855","1229.4675","25513.38374999999","11007.213749999997","12078.165000000003","1778.475","0","873.7724999999999","1163.74125","26901.3675","11239.188749999998","10558.728749999998","1163.74125","0","842.8425","985.8937500000001","24790.395","0","0","0","0","0","0","0","0","0","0","0","0","0","0","0","0","0","0","0","0","0","10550.996250000004","10922.156250000002","1882.86375","0","711.39","1144.4099999999999","25211.816250000003","10840.964999999998","11505.96","1604.49375","0","904.7025","1271.99625","26128.117499999997","10860.296249999996","10984.016249999999","1237.1999999999998","0","726.855","1063.21875","24871.58624999999","0","0","0","0","0","0","0","0","0","0","0","0","0","0","0","0","0","0","0","0","0","10527.798750000002","11598.75","1844.20125","0","726.855","1202.40375","25900.008750000008","10810.035000000002","11111.602499999999","1677.9524999999999","0","931.76625","1148.27625","25679.632500000003","10543.263750000004","11107.73625","1221.7350000000001","0","850.5749999999999","1016.82375","24740.133749999997","0","0","0","0","0","0","0","0","0","0","0","0","0","0","0","0","0","0","0","0","0","10543.263750000004","11792.062499999998","1902.1950000000002","0","719.1225","1159.875","26116.518749999992","10531.664999999999","11625.813750000003","1708.8825","0","943.365","1264.26375","26073.98999999999","10585.7925","10825.499999999996","1357.05375","0","792.5812500000001","831.24375","24392.171249999996","0","0","0","0","0","0","0","0","0","0","0","0","0","0","0","0","0","0","0","0","0","10508.467500000004","11277.851249999998","1890.5962499999998","0","757.785","1217.86875","25652.568750000006","10458.206250000001","11575.552499999996","1681.81875","0","916.30125","1190.805","25822.683750000007","10709.512499999997","10926.0225","1295.19375","0","854.4412500000001","1040.02125","24825.191250000003","0","0","0","0","0","0","0","0","0","0","0","0","0","0","0","0","0","0","0","0","0","10276.492499999998","11072.94","1809.4050000000002","0","750.0525","1186.9387499999998","25095.82875","10945.353749999997","11540.75625","1616.0925000000002","0","1005.2249999999999","1156.00875","26263.436250000002","10732.709999999994","11026.545","1194.67125","0","850.575","1078.6837500000001","24883.185","0","0","0","0","0","0","0","0","0","0","0","0","0","0","0","0","0","0","0","0","0","10438.875","11830.724999999999","1828.73625","0","742.3199999999999","1090.2824999999998","25930.938750000005","11096.1375","11598.75","1662.4874999999997","0","889.2375","1217.86875","26464.48124999999","11053.608750000005","10837.098749999996","1318.39125","0","877.63875","1028.4225000000001","25115.16","0","0","0","0","0","0","0","0","0","0","0","0","0","0","0","0","0","0","0","0","0","10477.537500000004","11347.443750000002","1859.66625","0","734.5875","1159.875","25579.110000000008","11258.519999999997","11873.25375","1573.5637500000003","0","970.42875","1256.53125","26932.297500000004","10860.296250000003","10361.549999999996","1310.6587499999998","0","854.4412500000001","1001.35875","24388.304999999993","0","0","0","0","0","0","0","0","0","0","0","0","0","0","0","0","0","0","0","0","0","10423.41","11850.05625","1875.13125","0","742.3199999999999","1210.1362499999998","26101.053750000003","10906.69125","11417.03625","1662.4875","0","916.30125","1171.4737499999999","26073.989999999998","10713.378749999998","10779.105000000001","1364.78625","0","873.7724999999999","985.89375","24716.93625000001","0","0","0","0","0","0","0","0","0","0","0","0","0","0","0","0","0","0","0","0","0","10663.1175","11583.285","1805.5387500000002","0","757.785","1144.4099999999999","25954.136250000003","11200.526249999997","11455.698749999998","1643.15625","0","885.37125","1217.8687499999999","26402.621249999997","10404.078749999999","10790.703749999995","1318.39125","0","842.8425","970.42875","24326.444999999992","0","0","0","0","0","0","0","0","0","0","0","0","0","0","0","0","0","0","0","0","0","10655.384999999997","11544.622500000005","1913.7937499999998","0","734.5875","1179.20625","26027.595","11119.335000000001","11447.966250000003","1697.2837499999998","0","846.70875","1318.39125","26429.68499999999","10504.601250000003","10775.238749999999","1326.1237499999997","0","738.4537499999999","1194.6712499999999","24539.088750000017","0","0","0","0","0","0","0","0","0","0","0","0","0","0","0","0","0","0","0","0","0","10817.767500000004","11173.4625","1882.8637499999998","0","711.39","1183.0725","25768.556250000005","10883.49375","11571.686249999997","1635.4237500000002","0","885.37125","1063.21875","26039.193749999995","10442.741250000001","10775.238749999997","1256.5312499999998","0","780.9825","1086.41625","24341.910000000003","0","0","0","0","0","0","0","0","0","0","0","0","0","0","0","0","0","0","0","0","0","10736.576250000004","11343.577499999998","1917.6599999999999","0","750.0525","1156.00875","25903.874999999996","11188.9275","11780.463749999997","1708.8825","0","912.435","1326.12375","26916.8325","11328.112499999997","10709.5125","1256.5312500000002","0","850.575","982.0274999999999","25126.75875","0","0","0","0","0","0","0","0","0","0","0","0","0","0","0","0","0","0","0","0","0","10593.525000000001","11606.482500000004","1805.53875","0","773.25","1059.3525","25838.148750000008","10419.543750000003","11865.52125","1732.08","0","966.5625","1233.3337499999998","26217.041250000002","11196.66","10562.594999999998","1221.7350000000001","0","924.03375","1051.62","24956.643749999996","0","0","0","0","0","0","0","0","0","0","0","0","0","0","0","0","0","0","0","0","0","10748.175000000001","11285.58375","1801.6725","0","742.3199999999999","1159.875","25737.626250000012","11053.60875","11517.558749999997","1538.7675","0","924.03375","1051.6200000000001","26085.588750000003","11065.207500000002","11007.213749999999","1337.7224999999999","0","780.9825","1012.9575","25204.083749999998","0","0","0","0","0","0","0","0","0","0","0","0","0","0","0","0","0","0","0","0","0","10755.9075","11525.291249999997","1952.4562500000002","0","765.5174999999999","1101.88125","26101.053749999995","11061.341250000001","11660.610000000002","1650.8887499999998","0","931.7662499999999","1264.26375","26568.869999999995","10570.3275","11273.985","1302.92625","0","866.04","885.37125","24898.65","0","0","0","0","0","0","0","0","0","0","0","0","0","0","0","0","0","0","0","0","0","10299.690000000002","11262.38625","1836.4687500000002","0","726.855","1283.5949999999998","25408.995000000006","10856.430000000002","11822.992499999997","1697.2837499999998","0","908.5687499999999","1229.4675","26514.742499999997","10856.429999999998","10632.1875","1264.26375","0","769.38375","978.1612500000001","24500.426250000004","0","0","0","0","0","0","0","0","0","0","0","0","0","0","0","0","0","0","0","0","0","10779.105000000001","11579.418750000003","1751.4112499999997","0","765.5174999999999","1171.47375","26046.926249999993","11513.692500000001","11424.76875","1701.1499999999999","0","893.10375","1109.61375","26642.328750000004","10446.6075","10705.646249999998","1264.26375","0","784.8487500000001","1183.0725","24384.43875","0","0","0","0","0","0","0","0","0","0","0","0","0","0","0","0","0","0","0","0","0","10535.531249999998","11378.373750000002","1875.1312499999997","0","742.3199999999999","1156.00875","25687.365000000005","10253.295000000002","11954.445000000002","1689.55125","0","970.42875","1167.6075","26035.327500000003","10570.327499999998","10817.767499999998","1237.1999999999998","0","788.715","1009.0912500000001","24423.101249999996","0","0","0","0","0","0","0","0","0","0","0","0","0","0","0","0","0","0","0","0","0","10253.295","11150.265000000007","1867.3987500000003","0","719.1225","1179.20625","25169.287500000006","10388.613750000002","11405.437500000002","1793.94","0","927.9","1306.7925","25822.68375","11273.984999999995","10895.0925","1248.79875","0","811.9124999999999","1121.2125","25351.001249999994","0","0","0","0","0","0","0","0","0","0","0","0","0","0","0","0","0","0","0","0","0","10821.63375","11386.10625","1782.3412500000002","0","780.9825","1167.6075","25938.671249999996","10701.780000000002","11397.705000000002","1689.5512499999998","0","943.365","1318.3912500000001","26050.792499999992","10697.913750000003","10678.582500000002","1302.92625","0","819.645","1055.48625","24554.553750000006","0","0","0","0","0","0","0","0","0","0","0","0","0","0","0","0","0","0","0","0","0","10744.308749999998","11819.126250000003","1801.6725","0","742.3199999999999","1128.945","26236.37250000001","10643.786250000003","12105.22875","1561.965","0","924.0337499999999","1287.4612499999998","26522.474999999995","11173.4625","10786.837499999998","1271.9962500000001","0","835.11","1078.6837500000001","25146.08999999999","0","0","0","0","0","0","0","0","0","0","0","0","0","0","0","0","0","0","0","0","0","10686.315","11517.558749999998","1766.87625","0","719.1225","1237.2","25927.0725","11057.475000000002","11366.775000000003","1650.88875","0","920.1675","1256.53125","26251.8375","10373.14875","11026.545000000002","1221.735","0","835.11","912.435","24368.973749999994","0","0","0","0","0","0","0","0","0","0","0","0","0","0","0","0","0","0","0","0","0","10887.36","11676.075","1878.9975","0","750.0525","1306.7925","26499.2775","10782.971249999997","11710.871250000006","1600.6274999999998","0","873.7725","1225.60125","26193.843749999996","10898.958749999998","10956.952499999998","1264.2637499999998","0","761.65125","935.6324999999999","24817.458750000005","0","0","0","0","0","0","0","0","0","0","0","0","0","0","0","0","0","0","0","0","0","10852.563750000001","11100.003750000002","1743.67875","0","773.25","1109.61375","25579.110000000008","10956.952499999998","11633.546249999996","1697.28375","0","958.8299999999999","1252.665","26499.277500000007","11243.055","11130.933749999998","1345.455","0","827.3775","931.76625","25478.587500000005","0","0","0","0","0","0","0","0","0","0","0","0","0","0","0","0","0","0","0","0","0","10790.70375","11857.788749999996","1821.00375","0","726.855","1156.00875","26352.35999999999","11177.328749999999","11772.73125","1492.3725000000002","0","954.9637499999999","1264.26375","26661.66","10732.71","10728.84375","1295.1937500000001","0","773.25","819.645","24349.642499999998","0","0","0","0","0","0","0","0","0","0","0","0","0","0","0","0","0","0","0","0","0","10349.95125","11401.571249999999","1732.0799999999997","0","742.3199999999999","1233.3337500000002","25459.25625000001","10218.49875","11935.11375","1658.62125","0","939.49875","1252.665","26004.3975","10199.167500000001","11262.386249999996","1302.9262500000002","0","827.3775","1074.8175","24666.675000000007","0","0","0","0","0","0","0","0","0","0","0","0","0","0","0","0","0","0","0","0","0","10721.111249999998","11958.31125","1774.6087499999999","0","726.855","989.76","26170.646250000013","10566.461250000004","11764.998750000002","1643.15625","0","978.1612500000001","1190.805","26143.582499999997","11115.468750000002","11061.341250000001","1271.9962500000001","0","788.715","1024.5562499999999","25262.077499999992","0","0","0","0","0","0","0","0","0","0","0","0","0","0","0","0","0","0","0","0","0","10724.9775","11649.01125","1747.5449999999998","0","719.1225","1202.40375","26043.06","11045.876249999998","11397.705000000002","1658.62125","0","978.16125","1368.6525","26449.016250000015","10825.499999999998","11208.258749999999","1306.7924999999998","0","761.6512499999999","962.69625","25064.89875","0","0","0","0","0","0","0","0","0","0","0","0","0","0","0","0","0","0","0","0","0","10701.779999999999","11301.048750000004","1867.39875","0","719.1225","1105.7475","25695.097500000003","10956.952499999998","12074.298750000002","1631.5575000000001","0","924.0337499999999","1086.41625","26673.25875000001","10647.652500000002","10775.238749999999","1229.4675000000002","0","804.1800000000001","1043.8875","24500.42625","0","0","0","0","0","0","0","0","0","0","0","0","0","0","0","0","0","0","0","0","0","10547.130000000001","11413.170000000002","1875.13125","0","742.3199999999999","1144.41","25722.161249999994","10740.4425","12329.471250000002","1600.6274999999998","0","873.7725","1090.2825","26634.596250000013","10922.15625","10852.563750000001","1237.1999999999998","0","738.45375","1047.7537499999999","24798.1275","0","0","0","0","0","0","0","0","0","0","0","0","0","0","0","0","0","0","0","0","0","10543.26375","11664.476250000002","1809.4049999999997","0","788.7149999999999","1210.13625","26015.996249999993","10956.952500000003","11730.202500000001","1639.29","0","920.1675","1221.7350000000001","26468.347500000003","11393.838749999999","10825.499999999998","1256.53125","0","846.70875","881.505","25204.08374999999","0","0","0","0","0","0","0","0","0","0","0","0","0","0","0","0","0","0","0","0","0","10775.238749999999","11552.355000000001","1739.8124999999998","0","757.785","1252.665","26077.85624999999","10578.059999999998","11517.558749999998","1693.4175","0","931.7662499999999","1148.2762500000001","25869.078749999997","10489.136250000003","10879.627500000004","1229.4675","0","757.785","1074.8175","24430.83375000001","0","0","0","0","0","0","0","0","0","0","0","0","0","0","0","0","0","0","0","0","0","10520.06625","11826.85875","1755.2775","0","750.0525","1283.595","26135.850000000002","10840.964999999997","12391.331249999996","1666.35375","0","970.42875","1190.8049999999998","27059.883749999994","11049.7425","11061.341249999996","1372.51875","0","835.11","877.6387500000001","25196.351249999996","0","0","0","0","0","0","0","0","0","0","0","0","0","0","0","0","0","0","0","0","0","10407.945000000003","11486.628750000002","1774.6087499999996","0","726.855","1175.34","25571.377499999995","10984.016250000002","12170.955000000002","1662.4875","0","1005.225","1275.8625000000002","27098.54625","10678.582499999997","11111.602499999999","1275.8625","0","769.38375","1001.3587500000001","24836.790000000005","0","0","0","0","0","0","0","0","0","0","0","0","0","0","0","0","0","0","0","0","0","10199.167500000001","10941.487500000003","1894.4624999999999","0","757.785","1163.74125","24956.643750000007","10821.633749999997","11807.5275","1720.4812499999998","0","912.435","1260.3975","26522.475000000002","11022.678750000001","10829.366250000001","1237.1999999999998","0","753.91875","1067.085","24910.24874999999","0","0","0","0","0","0","0","0","0","0","0","0","0","0","0","0","0","0","0","0","0","10929.888749999995","11034.2775","1793.94","0","757.785","1210.13625","25726.0275","11409.30375","11409.30375","1627.6912499999999","0","900.8362499999998","1306.7925","26653.927499999987","10728.843750000004","11200.526250000004","1283.5950000000003","0","804.18","927.9","24945.045","0","0","0","0","0","0","0","0","0","0","0","0","0","0","0","0","0","0","0","0","0","10771.372500000001","11687.673749999996","1782.34125","0","750.0525","1260.3974999999998","26251.8375","10527.798749999998","12070.432500000004","1739.8124999999998","0","954.96375","1264.2637499999998","26557.27125","10802.3025","11362.908750000002","1248.79875","0","842.8425","958.83","25215.6825","0","0","0","0","0","0","0","0","0","0","0","0","0","0","0","0","0","0","0","0","0","10535.531249999998","11034.277500000002","1828.73625","0","734.5875","1202.40375","25335.536250000016","10713.37875","11258.519999999997","1643.1562499999998","0","954.9637499999999","1391.85","25961.86875","10895.092499999999","11173.462500000001","1364.7862499999999","0","792.58125","904.7025000000001","25130.624999999993","0","0","0","0","0","0","0","0","0","0","0","0","0","0","0","0","0","0","0","0","0","10694.047500000002","10964.685","1786.2075","0","719.1225000000001","1101.88125","25265.943749999995","10392.480000000005","11378.37375","1654.7549999999999","0","997.4925","1217.86875","25640.969999999998","10724.977500000005","10929.888749999998","1329.9899999999998","0","769.38375","1078.6837500000001","24832.92374999999","0","0","0","0","0","0","0","0","0","0","0","0","0","0","0","0","0","0","0","0","0","10442.741250000001","11084.538750000002","1782.34125","0","780.9825","1179.20625","25269.810000000005","10941.487499999997","11822.992500000002","1747.545","0","920.1675","1194.67125","26626.863750000004","10686.315000000002","10724.977499999999","1275.8625000000002","0","850.575","1016.82375","24554.553750000003","0","0","0","0","0","0","0","0","0","0","0","0","0","0","0","0","0","0","0","0","0","10442.741250000003","11753.4","1813.27125","0","765.5174999999999","1175.3400000000001","25950.269999999997","10605.123750000002","11749.533750000002","1670.22","0","900.8362500000001","1271.99625","26197.709999999995","10523.9325","11003.347500000002","1198.5375","0","765.5175","947.23125","24438.566249999993","0","0","0","0","0","0","0","0","0","0","0","0","0","0","0","0","0","0","0","0","0","10396.34625","11432.501249999998","1774.6087499999999","0","726.855","1101.88125","25432.192500000005","10945.35375","11239.18875","1728.21375","0","850.5749999999999","1295.19375","26058.525000000005","10852.563749999998","11011.080000000002","1210.1362500000002","0","846.70875","966.5625000000001","24887.051250000004","0","0","0","0","0","0","0","0","0","0","0","0","0","0","0","0","0","0","0","0","0","10493.002500000002","11683.8075","1801.6724999999997","0","726.855","1163.74125","25869.078750000004","10902.824999999997","11502.093749999996","1658.62125","0","916.30125","1326.12375","26305.964999999982","11003.3475","11096.1375","1318.39125","0","846.70875","1009.09125","25273.67625","0","0","0","0","0","0","0","0","0","0","0","0","0","0","0","0","0","0","0","0","0","10987.882499999998","11417.036250000005","1848.0675","0","750.0525","1217.86875","26220.907500000005","10489.13625","11741.80125","1639.29","0","896.97","1256.53125","26023.728750000002","10585.792500000001","10821.633749999999","1345.455","0","862.1737499999999","1086.41625","24701.47125","0","0","0","0","0","0","0","0","0","0","0","0","0","0","0","0","0","0","0","0","0","10999.48125","11587.151250000003","1859.66625","0","726.855","1117.3462499999998","26290.499999999996","10601.257499999998","11277.851249999998","1743.67875","0","908.5687499999999","1318.3912500000001","25849.747499999998","11142.5325","10987.8825","1291.3274999999999","0","838.97625","989.76","25250.478749999995","0","0","0","0","0","0","0","0","0","0","0","0","0","0","0","0","0","0","0","0","0","10496.868750000001","11215.99125","1890.5962499999998","0","719.1225","1113.48","25436.058750000004","10496.868750000001","11761.1325","1674.0862499999998","0","939.49875","1271.99625","26143.58250000001","10581.92625","10686.315","1217.8687499999999","0","835.1099999999999","788.715","24109.934999999994","0","0","0","0","0","0","0","0","0","0","0","0","0","0","0","0","0","0","0","0","0","10481.403750000003","12027.903750000001","1848.0674999999997","0","703.6575","1186.9387499999998","26247.971249999995","11200.52625","11393.838749999999","1693.4175","0","985.8937500000001","1387.9837499999999","26661.659999999993","10326.753750000002","10686.315","1345.455","0","750.0525","974.2950000000001","24082.871249999993","0","0","0","0","0","0","0","0","0","0","0","0","0","0","0","0","0","0","0","0","0","11092.27125","11660.61","1705.01625","0","742.3199999999999","1179.20625","26379.423749999998","10342.21875","11915.7825","1654.7549999999999","0","916.30125","1349.32125","26178.378750000007","11007.213750000003","10991.74875","1384.1174999999998","0","842.8425","1156.00875","25381.93125","0","0","0","0","0","0","0","0","0","0","0","0","0","0","0","0","0","0","0","0","0","10392.480000000001","11100.00375","1809.405","0","726.855","1198.5375","25227.28125000001","10601.257499999998","11618.081250000005","1619.95875","0","1005.2250000000001","1287.46125","26131.98375","11007.21375","11134.8","1248.79875","0","846.70875","1020.69","25258.21125","0","0","0","0","0","0","0","0","0","0","0","0","0","0","0","0","0","0","0","0","0","10361.549999999997","11494.361250000004","1790.07375","0","765.5174999999999","1113.48","25524.98250000001","10535.53125","11049.742499999998","1701.1499999999999","0","916.30125","1190.8049999999998","25393.529999999988","10535.531249999998","11080.6725","1248.79875","0","746.18625","823.51125","24434.7","0","0","0","0","0","0","0","0","0","0","0","0","0","0","0","0","0","0","0","0","0","10485.270000000002","11509.826250000002","1817.1374999999998","0","750.0525","1163.74125","25726.027500000004","11277.851250000003","11339.711249999995","1635.4237500000002","0","1009.09125","1360.92","26622.99750000001","10458.20625","11289.449999999997","1248.79875","0","869.90625","854.44125","24720.802500000013","0","0","0","0","0","0","0","0","0","0","0","0","0","0","0","0","0","0","0","0","0","10728.843749999996","11591.017500000004","1890.59625","0","726.855","1194.6712499999999","26131.983749999996","10987.882499999998","11413.169999999996","1674.0862499999998","0","989.76","1125.07875","26189.97750000001","11034.277499999997","10794.569999999998","1322.2575","0","858.3075","1070.95125","25080.363749999993","0","0","0","0","0","0","0","0","0","0","0","0","0","0","0","0","0","0","0","0","0","10570.327500000001","11273.984999999999","1878.9975","0","734.5875","1275.8625","25733.76000000001","10574.193749999999","11262.386250000003","1782.34125","0","877.6387500000001","1283.5949999999998","25780.15500000001","11115.46875","11359.042500000001","1337.7225","0","900.8362500000001","927.9","25640.97","0","0","0","0","0","0","0","0","0","0","0","0","0","0","0","0","0","0","0","0","0","10740.4425","11919.648749999995","1855.8000000000002","0","773.25","1190.805","26479.94625","10535.531249999996","12174.821249999999","1677.9524999999999","0","920.1675","1117.34625","26425.81875000001","10083.18","10895.0925","1175.34","0","835.1099999999999","1117.34625","24106.068750000006","0","0","0","0","0","0","0","0","0","0","0","0","0","0","0","0","0","0","0","0","0","10682.44875","11761.132499999998","1778.475","0","765.5174999999999","1105.7475","26093.32125000001","10987.882499999998","11792.0625","1639.29","0","927.9","1237.1999999999998","26584.334999999995","10481.403749999998","10643.78625","1268.1299999999999","0","777.11625","989.76","24160.196250000005","0","0","0","0","0","0","0","0","0","0","0","0","0","0","0","0","0","0","0","0","0","10620.58875","11347.443750000002","1867.3987499999998","0","742.3199999999999","1244.9325","25822.683749999993","11053.608750000001","11722.469999999998","1608.36","0","951.0975000000001","1190.8049999999998","26526.34125000001","10400.2125","11803.66125","1329.99","0","869.90625","1094.1487499999998","25497.918750000008","0","0","0","0","0","0","0","0","0","0","0","0","0","0","0","0","0","0","0","0","0","10311.288750000002","11888.718750000002","1793.94","0","742.3199999999999","1156.00875","25892.27624999999","10694.047499999997","11482.7625","1635.4237499999997","0","947.23125","1256.53125","26015.996249999986","10516.2","11362.908749999999","1318.39125","0","827.3774999999999","896.9699999999999","24921.847499999996","0","0","0","0","0","0","0","0","0","0","0","0","0","0","0","0","0","0","0","0","0","10825.500000000002","11119.335000000005","1925.3925","0","695.925","1101.88125","25668.03375","11316.513749999998","11374.507499999996","1654.7549999999999","0","951.0975000000001","1179.2062499999997","26476.08","11204.392500000002","11161.86375","1074.8174999999999","0","788.715","978.1612500000001","25207.949999999997","0","0","0","0","0","0","0","0","0","0","0","0","0","0","0","0","0","0","0","0","0","10357.683749999998","11219.8575","1909.9275","0","773.25","1237.2","25497.91874999999","10752.041249999998","11776.5975","1759.1437499999997","0","866.04","1098.0149999999999","26251.837499999998","10520.066250000002","10608.989999999998","1279.7287499999998","0","885.3712499999999","920.1675","24214.323749999985","0","0","0","0","0","0","0","0","0","0","0","0","0","0","0","0","0","0","0","0","0","10388.61375","11246.921250000003","1848.0674999999999","0","742.3199999999999","1148.27625","25374.198749999992","10833.232500000002","11378.373750000002","1616.0924999999997","0","916.30125","1156.0087500000002","25900.00875","10632.1875","11049.7425","1113.48","0","869.90625","1101.88125","24767.197499999984","0","0","0","0","0","0","0","0","0","0","0","0","0","0","0","0","0","0","0","0","0","10574.193749999997","11745.667500000005","1855.7999999999997","0","765.5174999999999","1275.8625","26217.041250000006","10632.187500000002","11571.686249999999","1666.3537499999998","0","974.295","1217.86875","26062.39125","10980.150000000001","10647.6525","1256.53125","0","750.0525","1001.3587500000001","24635.745000000003","0","0","0","0","0","0","0","0","0","0","0","0","0","0","0","0","0","0","0","0","0","10465.938750000001","10914.42375","1840.3349999999998","0","726.855","1156.00875","25103.56125000001","10682.448750000005","11370.64125","1670.22","0","935.6324999999999","1302.92625","25961.868749999994","10848.697500000002","11049.742500000002","1337.7224999999999","0","668.86125","1171.47375","25076.497499999998","0","0","0","0","0","0","0","0","0","0","0","0","0","0","0","0","0","0","0","0","0","10396.346249999999","10821.63375","1906.0612499999997","0","773.25","1051.62","24948.911249999997","10326.753749999998","12120.69375","1577.43","0","866.0400000000001","1264.26375","26155.181250000005","10164.371249999997","11011.08","1264.2637499999998","0","831.24375","1043.8875","24314.846249999995","0","0","0","0","0","0","0","0","0","0","0","0","0","0","0","0","0","0","0","0","0","10647.652499999998","11440.233749999998","1755.2775","0","734.5875","1163.7412499999998","25741.4925","10527.798749999996","11583.285000000003","1511.7037500000001","0","943.365","1167.6075","25733.76","10782.971249999999","10906.691250000003","1368.6525000000001","0","811.9124999999999","939.49875","24809.726250000003","0","0","0","0","0","0","0","0","0","0","0","0","0","0","0","0","0","0","0","0","0","10504.601250000002","11757.266249999999","1751.4112499999999","0","750.0525","1210.13625","25973.467500000013","10152.772500000003","11517.558750000002","1565.8312500000002","0","927.9","1244.9325000000001","25408.995000000006","10481.403750000001","11254.653749999998","1302.92625","0","792.58125","1198.5375","25030.102500000008","0","0","0","0","0","0","0","0","0","0","0","0","0","0","0","0","0","0","0","0","0","10752.041249999998","11436.367500000002","1759.1437499999997","0","742.3199999999999","1152.1425","25842.015","10918.29","11780.463749999999","1639.29","0","954.9637499999999","1148.27625","26441.283749999995","10871.895000000002","11092.271249999998","1318.3912500000001","0","804.1800000000001","985.89375","25072.63125","0","0","0","0","0","0","0","0","0","0","0","0","0","0","0","0","0","0","0","0","0","10407.945000000003","11513.6925","1921.5262500000003","0","719.1225","1229.4675","25791.753749999996","10798.436249999999","11989.241250000001","1581.2962499999999","0","997.4925","1163.74125","26530.2075","10694.0475","11038.143750000001","1210.1362499999998","0","827.3775","1005.225","24774.93","0","0","0","0","0","0","0","0","0","0","0","0","0","0","0","0","0","0","0","0","0","10438.875000000004","11072.94","1817.1374999999998","0","726.855","1214.0025","25269.809999999998","11347.44375","11935.11375","1631.5575","0","916.30125","1210.13625","27040.552499999994","10624.454999999998","10914.42375","1167.6074999999998","0","846.70875","866.04","24419.234999999997","0","0","0","0","0","0","0","0","0","0","0","0","0","0","0","0","0","0","0","0","0"
,"10821.633749999999","11347.443750000002","1747.5449999999998","0","726.855","1268.1299999999999","25911.60750000001","10550.996250000002","11312.647500000003","1681.8187500000001","0","916.30125","1248.79875","25710.56250000001","10435.00875","10728.84375","1221.735","0","854.4412499999999","989.76","24229.788750000003","0","0","0","0","0","0","0","0","0","0","0","0","0","0","0","0","0","0","0","0","0","10914.42375","11362.908749999999","1786.2075","0","719.1225","1229.4675","26012.129999999994","10423.410000000002","11714.737500000003","1592.895","0","974.295","1179.20625","25884.543750000015","10674.716250000001","10833.232499999998","1318.39125","0","769.38375","1016.82375","24612.54750000001","0","0","0","0","0","0","0","0","0","0","0","0","0","0","0","0","0","0","0","0","0","10922.156250000004","11389.9725","1863.5324999999998","0","773.25","1225.6012499999997","26174.512499999993","10353.8175","11498.2275","1654.7549999999999","0","904.7025000000001","1248.79875","25660.301250000026","11007.21375","11042.01","1318.39125","0","777.11625","877.6387500000001","25022.37000000001","0","0","0","0","0","0","0","0","0","0","0","0","0","0","0","0","0","0","0","0","0","10527.798750000002","11324.246250000002","1909.9275","0","757.785","1152.1425","25671.899999999994","10744.308749999995","11571.686249999999","1658.62125","0","962.6962500000001","1299.06","26236.3725","10597.391249999997","11007.213749999999","1364.7862499999999","0","835.1100000000001","838.9762499999999","24643.477499999994","0","0","0","0","0","0","0","0","0","0","0","0","0","0","0","0","0","0","0","0","0","10446.6075","11908.049999999997","1848.0675","0","773.25","1163.74125","26139.71624999999","10926.0225","11239.188750000001","1589.02875","0","943.365","1163.74125","25861.34625","10782.971249999999","10608.99","1329.99","0","784.8487500000001","978.1612500000001","24484.961250000004","0","0","0","0","0","0","0","0","0","0","0","0","0","0","0","0","0","0","0","0","0","10481.403749999998","11436.367500000002","1801.6725000000001","0","719.1225","1175.3400000000001","25613.906249999996","11042.009999999998","11908.05","1608.36","0","900.83625","1229.4675000000002","26688.723749999997","10462.072499999997","10624.454999999998","1337.7224999999999","0","800.31375","1063.21875","24287.782499999998","0","0","0","0","0","0","0","0","0","0","0","0","0","0","0","0","0","0","0","0","0","10821.633750000003","11343.5775","1906.0612499999997","0","788.7149999999999","1136.6775","25996.665000000008","10458.20625","11509.82625","1531.035","0","885.3712499999999","1295.1937500000001","25679.632499999992","10864.162499999997","10690.18125","1337.7224999999999","0","784.84875","1012.9575","24689.872500000005","0","0","0","0","0","0","0","0","0","0","0","0","0","0","0","0","0","0","0","0","0","10454.34","10833.2325","1898.3287500000001","0","742.3199999999999","1148.27625","25076.497499999994","10902.824999999999","11223.72375","1712.74875","0","885.3712499999999","1241.0662499999999","25965.735000000004","10462.0725","11181.195","1271.99625","0","777.11625","958.83","24651.21","0","0","0","0","0","0","0","0","0","0","0","0","0","0","0","0","0","0","0","0","0","10879.627500000004","12058.833750000002","1832.6024999999997","0","726.855","1156.00875","26653.927499999998","10775.238750000002","11552.355","1782.34125","0","924.03375","1353.1875","26387.15624999999","10636.053749999997","11347.44375","1287.46125","0","854.44125","869.90625","24995.30625","0","0","0","0","0","0","0","0","0","0","0","0","0","0","0","0","0","0","0","0","0","10342.21875","11505.960000000003","1890.59625","0","757.785","1202.40375","25698.963749999995","10817.767499999998","11374.507499999998","1585.1625","0","947.2312499999999","1341.58875","26066.257500000003","10821.633749999999","10840.965","1329.99","0","707.5237500000001","819.6450000000001","24519.75749999999","0","0","0","0","0","0","0","0","0","0","0","0","0","0","0","0","0","0","0","0","0","10554.862500000003","11908.05","1790.07375","0","750.0525","1244.9325","26247.971249999995","10616.7225","10926.022500000001","1685.685","0","966.5625","1221.7350000000001","25416.7275","10775.238750000002","11150.265","1310.65875","0","742.32","1136.6775","25115.159999999993","0","0","0","0","0","0","0","0","0","0","0","0","0","0","0","0","0","0","0","0","0","10666.983750000001","11900.317500000001","1813.2712500000002","0","719.1225","1140.5437499999998","26240.238750000022","10895.0925","11687.673750000002","1577.43","0","912.4350000000001","1364.78625","26437.417499999992","10705.64625","11138.666249999995","1337.7224999999999","0","869.90625","1055.48625","25107.427499999998","0","0","0","0","0","0","0","0","0","0","0","0","0","0","0","0","0","0","0","0","0","10813.901249999999","10991.748750000004","1786.2075","0","765.5174999999999","1190.8049999999998","25548.180000000004","10643.786249999997","12012.43875","1763.01","0","927.9","1202.40375","26549.538750000003","10489.136249999998","10713.378749999996","1310.65875","0","777.11625","924.0337499999999","24214.32375","0","0","0","0","0","0","0","0","0","0","0","0","0","0","0","0","0","0","0","0","0","10288.091250000003","11258.520000000002","1766.8762499999998","0","734.5875","1256.53125","25304.606249999997","11088.404999999999","11575.552500000003","1619.95875","0","931.7662499999999","1241.0662499999999","26456.748749999995","10547.129999999997","11092.27125","1310.65875","0","835.1100000000001","966.5625","24751.7325","0","0","0","0","0","0","0","0","0","0","0","0","0","0","0","0","0","0","0","0","0","10438.875","11486.628750000002","1824.87","0","773.25","1094.1487499999998","25617.77249999999","10871.894999999999","11799.794999999998","1589.02875","0","962.69625","1078.68375","26302.09875","10435.008749999997","10929.88875","1299.06","0","827.3775","1144.4099999999999","24635.745000000003","0","0","0","0","0","0","0","0","0","0","0","0","0","0","0","0","0","0","0","0","0","10485.269999999999","11517.558750000002","1828.7362499999997","0","726.855","1152.1425","25710.5625","11011.079999999998","11289.450000000004","1581.29625","0","966.5625","1244.9325","26093.321249999994","10446.607499999996","10956.952500000003","1341.58875","0","780.9825","1070.95125","24597.082499999986","0","0","0","0","0","0","0","0","0","0","0","0","0","0","0","0","0","0","0","0","0","10616.722499999998","11049.742500000002","1878.9974999999997","0","719.1225","1070.95125","25335.536249999997","10960.818750000004","12341.069999999998","1527.16875","0","931.7662500000001","1384.1175","27144.941250000003","10442.741250000001","10964.685000000001","1248.7987500000002","0","835.11","1055.48625","24546.821250000008","0","0","0","0","0","0","0","0","0","0","0","0","0","0","0","0","0","0","0","0","0","10380.881249999997","11583.285000000003","1844.2012499999996","0","750.0525","1229.4675","25787.887499999993","11459.564999999997","11478.896249999996","1662.4875","0","947.23125","1283.595","26831.774999999994","10840.965000000002","11308.78125","1337.7224999999999","0","924.03375","978.1612500000001","25389.663749999996","0","0","0","0","0","0","0","0","0","0","0","0","0","0","0","0","0","0","0","0","0","10581.926249999995","11614.215000000002","1732.0799999999997","0","742.3199999999999","1186.93875","25857.480000000007","11042.009999999998","11904.183749999998","1534.90125","0","931.76625","1310.65875","26723.51999999999","10779.105000000003","11413.170000000002","1202.4037500000002","0","784.8487500000001","943.365","25122.8925","0","0","0","0","0","0","0","0","0","0","0","0","0","0","0","0","0","0","0","0","0","10597.391250000002","11494.36125","1921.52625","0","726.855","1302.92625","26043.059999999994","11273.984999999999","11343.5775","1616.0925000000002","0","920.1675","1202.40375","26356.226250000007","10628.32125","10771.372500000003","1256.5312499999998","0","854.4412500000001","939.49875","24450.165","0","0","0","0","0","0","0","0","0","0","0","0","0","0","0","0","0","0","0","0","0","10585.792500000001","11451.832499999995","1774.6087499999999","0","765.5174999999999","1206.27","25784.02125","11289.449999999997","11362.908749999997","1701.1499999999999","0","893.10375","1299.06","26545.672499999993","10469.804999999997","11076.806249999998","1221.735","0","703.6575","978.1612500000001","24450.164999999997","0","0","0","0","0","0","0","0","0","0","0","0","0","0","0","0","0","0","0","0","0","10620.588750000003","11432.50125","1708.8825000000002","0","703.6575","1105.7475","25571.37749999999","10713.37875","12082.03125","1674.08625","0","943.365","1341.58875","26754.45000000001","10984.016249999997","11154.13125","1349.32125","0","784.84875","889.2375","25161.555","0","0","0","0","0","0","0","0","0","0","0","0","0","0","0","0","0","0","0","0","0","10682.44875","11328.112500000003","1956.3224999999998","0","773.25","1128.945","25869.078750000008","10284.224999999999","11096.1375","1666.35375","0","951.0975000000001","1368.6525","25366.46625000001","10860.296250000003","11061.34125","1248.7987500000002","0","746.1862500000001","1152.1425","25068.765","0","0","0","0","0","0","0","0","0","0","0","0","0","0","0","0","0","0","0","0","0","10288.091250000001","11335.845","1867.3987499999998","0","750.0525","1024.5562499999999","25265.943750000006","10728.843749999996","11853.9225","1639.29","0","970.42875","1109.61375","26302.09875000001","10984.016249999997","10566.46125","1136.6775","0","850.575","947.23125","24484.961249999997","0","0","0","0","0","0","0","0","0","0","0","0","0","0","0","0","0","0","0","0","0","10701.78","11393.838749999999","1766.87625","0","742.3199999999999","1125.07875","25729.893749999996","11447.96625","12155.490000000002","1635.42375","0","920.1675","1279.72875","27438.776250000003","10852.563749999998","10717.244999999997","1241.06625","0","738.45375","873.7724999999999","24423.101249999996","0","0","0","0","0","0","0","0","0","0","0","0","0","0","0","0","0","0","0","0","0","10628.321249999999","11378.37375","1832.6025","0","750.0525","1109.61375","25698.96375","10860.296250000003","11525.29125","1662.4875","0","873.7725","1252.665","26174.512499999997","10191.434999999998","10829.366249999997","1337.7224999999999","0","889.2375","1001.35875","24249.12","0","0","0","0","0","0","0","0","0","0","0","0","0","0","0","0","0","0","0","0","0","11011.079999999998","11610.348750000001","1797.80625","0","726.855","1121.2125","26267.30250000001","11111.602499999994","11154.131249999999","1639.29","0","920.1674999999999","1310.65875","26135.850000000013","11127.0675","10837.098750000001","1264.26375","0","854.4412500000001","1059.3525","25142.22375","0","0","0","0","0","0","0","0","0","0","0","0","0","0","0","0","0","0","0","0","0","10589.658750000004","11660.609999999999","1743.6787499999998","0","742.3199999999999","1248.79875","25985.066249999996","10891.226249999996","11749.53375","1662.4875","0","985.89375","1318.3912500000001","26607.532500000012","10786.837499999998","11389.9725","1310.6587499999998","0","904.7025000000001","985.89375","25378.065000000002","0","0","0","0","0","0","0","0","0","0","0","0","0","0","0","0","0","0","0","0","0","10009.721250000002","11981.508749999999","1755.2775","0","734.5875","1225.6012500000002","25706.696250000005","10922.156250000002","11633.54625","1712.74875","0","951.0974999999999","1291.3275","26510.87625","10868.02875","11161.863750000002","1183.0725","0","823.51125","1020.69","25057.16625","0","0","0","0","0","0","0","0","0","0","0","0","0","0","0","0","0","0","0","0","0","10465.93875","11707.005000000001","1720.48125","0","734.5875","1260.3975","25888.409999999993","10941.487500000001","11417.036250000001","1662.4875","0","939.49875","1310.65875","26271.168750000008","10821.63375","11219.857499999998","1268.13","0","715.25625","1020.6899999999999","25045.567500000016","0","0","0","0","0","0","0","0","0","0","0","0","0","0","0","0","0","0","0","0","0","10512.333749999998","11200.526249999995","1840.335","0","742.3199999999999","1094.1487499999998","25389.66375","10794.570000000003","11625.813750000003","1658.62125","0","916.30125","1190.805","26186.111250000013","10523.932499999997","11100.003749999996","1291.3274999999999","0","881.5050000000001","877.63875","24674.407499999976","0","0","0","0","0","0","0","0","0","0","0","0","0","0","0","0","0","0","0","0","0","10454.34","12024.037499999999","1882.86375","0","742.3199999999999","1190.8049999999998","26294.36625","10953.08625","10918.290000000003","1720.4812499999998","0","935.6324999999999","1140.54375","25668.03374999999","10465.93875","11324.246249999998","1372.51875","0","815.77875","1086.41625","25064.898750000008","0","0","0","0","0","0","0","0","0","0","0","0","0","0","0","0","0","0","0","0","0","10616.722500000002","11018.812500000002","1836.4687499999998","0","742.3199999999999","1210.13625","25424.460000000006","10840.965000000002","11973.776250000003","1728.21375","0","924.0337499999999","1283.595","26750.583749999998","10813.901250000004","11161.863749999997","1268.13","0","726.855","1094.1487499999998","25064.898750000004","0","0","0","0","0","0","0","0","0","0","0","0","0","0","0","0","0","0","0","0","0","10338.3525","10883.493750000001","1782.3412499999997","0","742.3199999999999","1256.53125","25003.03875","11134.8","11618.081249999996","1647.0224999999998","0","881.505","1210.13625","26491.545000000006","10365.416250000002","10840.965","1264.2637499999998","0","780.9825","815.7787500000001","24067.406249999996","0","0","0","0","0","0","0","0","0","0","0","0","0","0","0","0","0","0","0","0","0","10694.047499999995","11030.411250000003","1755.2774999999997","0","750.0525","1194.6712499999999","25424.460000000014","10674.71625","12116.827499999998","1639.2900000000002","0","896.97","1194.67125","26522.474999999995","10574.19375","10771.3725","1252.665","0","827.3775","935.6325","24361.241250000003","0","0","0","0","0","0","0","0","0","0","0","0","0","0","0","0","0","0","0","0","0","10199.167500000003","11308.781250000004","1875.13125","0","757.785","1098.0149999999999","25238.88","11107.736250000002","11544.622499999998","1643.15625","0","1012.9575","1329.9899999999998","26638.462500000012","10856.430000000002","11923.515000000001","1291.3274999999999","0","780.9825","831.2437500000001","25683.49875","0","0","0","0","0","0","0","0","0","0","0","0","0","0","0","0","0","0","0","0","0","10755.907500000003","11134.8","1747.545","0","734.5875","1183.0725","25555.9125","10705.646250000002","11386.106250000003","1596.76125","0","869.90625","1113.48","25671.900000000005","10775.23875","10999.481250000004","1264.2637499999998","0","804.1800000000001","1086.41625","24929.580000000005","0","0","0","0","0","0","0","0","0","0","0","0","0","0","0","0","0","0","0","0","0","10624.455000000004","11560.0875","1797.8062499999999","0","750.0525","1283.595","26015.99624999999","10782.971250000002","11830.725000000002","1600.6274999999998","0","954.9637499999999","1237.1999999999998","26406.487499999996","10496.86875","10717.244999999997","1318.39125","0","904.7025000000001","1202.40375","24639.611249999998","0","0","0","0","0","0","0","0","0","0","0","0","0","0","0","0","0","0","0","0","0","10825.5","11757.26625","1766.87625","0","773.25","1241.0662499999999","26363.95875","10891.22625","11811.393749999996","1705.01625","0","962.69625","1229.4675","26599.800000000003","10593.525000000001","11111.602500000003","1156.00875","0","777.11625","1086.41625","24724.66875","0","0","0","0","0","0","0","0","0","0","0","0","0","0","0","0","0","0","0","0","0","10539.3975","11359.042500000003","1786.2075","0","750.0525","1202.40375","25637.10375","10875.76125","11598.750000000002","1720.4812499999998","0","900.8362500000001","1299.06","26394.888750000006","10295.82375","11243.054999999998","1302.92625","0","908.5687499999999","958.83","24709.20375","0","0","0","0","0","0","0","0","0","0","0","0","0","0","0","0","0","0","0","0","0","10500.735000000002","11517.55875","1805.5387499999997","0","719.1225","1190.8049999999998","25733.760000000002","11161.863749999999","11761.1325","1643.1562499999998","0","904.7025","1299.06","26769.915","11049.742499999997","10539.397499999997","1214.0025000000003","0","761.65125","1024.5562499999999","24589.350000000006","0","0","0","0","0","0","0","0","0","0","0","0","0","0","0","0","0","0","0","0","0","10608.99","11687.673750000002","1882.86375","0","780.9825","1221.7350000000001","26182.245","10806.168750000003","12016.305","1569.6975","0","912.435","1275.8625","26580.468750000007","10798.43625","10415.677500000002","1229.4675","0","920.1675","1016.82375","24380.572500000002","0","0","0","0","0","0","0","0","0","0","0","0","0","0","0","0","0","0","0","0","0","10848.697500000004","11444.1","1782.34125","0","750.0525","1152.1425","25977.33375","10585.792500000001","11011.080000000002","1647.0224999999998","0","900.83625","1341.58875","25486.320000000007","10945.35375","11533.023749999998","1291.3274999999999","0","943.365","1051.62","25764.68999999999","0","0","0","0","0","0","0","0","0","0","0","0","0","0","0","0","0","0","0","0","0","10752.041249999997","11266.252500000004","1805.5387500000002","0","726.855","1186.93875","25737.62625","10752.04125","11540.75625","1616.0925","0","908.5687499999999","1256.53125","26073.990000000005","10891.22625","11138.666250000004","1364.78625","0","889.2375","1051.62","25335.536249999994","0","0","0","0","0","0","0","0","0","0","0","0","0","0","0","0","0","0","0","0","0","11007.21375","10999.481250000003","1801.6725","0","734.5875","1132.8112500000002","25675.766249999993","10717.245000000003","11494.361249999998","1708.8825","0","947.2312499999999","1179.20625","26046.926250000008","10910.5575","10790.703749999999","1349.3212500000002","0","835.1100000000001","1012.9575","24898.650000000005","0","0","0","0","0","0","0","0","0","0","0","0","0","0","0","0","0","0","0","0","0","10759.77375","11304.914999999999","1929.2587499999997","0","726.855","1125.0787500000001","25845.88125000001","10709.512500000004","11161.86375","1631.5575000000001","0","1028.4225000000001","1283.595","25814.951249999995","11014.946249999999","11026.545000000002","1302.92625","0","742.3199999999999","1167.6075","25254.345000000005","0","0","0","0","0","0","0","0","0","0","0","0","0","0","0","0","0","0","0","0","0","10450.473749999997","11289.450000000003","1793.94","0","742.3199999999999","1241.0662499999999","25517.250000000015","10535.531249999996","11973.776249999999","1759.14375","0","947.23125","1271.99625","26487.678749999992","10639.92","10810.035","1275.8625","0","854.4412500000001","873.7724999999999","24454.03125000001","0","0","0","0","0","0","0","0","0","0","0","0","0","0","0","0","0","0","0","0","0","10361.549999999997","11273.985","1790.07375","0","773.25","1167.6074999999998","25366.466250000005","10937.62125","11312.647500000001","1589.02875","0","997.4925000000001","1175.34","26012.13000000001","10462.072500000004","10659.25125","1229.4675","0","808.0462500000001","943.365","24102.202499999996","0","0","0","0","0","0","0","0","0","0","0","0","0","0","0","0","0","0","0","0","0","10697.913749999996","11741.801249999999","1817.1374999999998","0","757.785","1136.6774999999998","26151.315000000002","10995.614999999998","12101.3625","1647.0224999999998","0","931.7662499999999","1183.0725","26858.83874999999","11034.277499999998","10535.531249999998","1329.99","0","808.04625","1214.0024999999998","24921.847500000003","0","0","0","0","0","0","0","0","0","0","0","0","0","0","0","0","0","0","0","0","0","10601.257499999998","11343.5775","1836.46875","0","773.25","1183.0725000000002","25737.62625","10585.792500000003","11838.457499999999","1693.4175","0","920.1675","1206.27","26244.105000000003","10547.13","10678.5825","1353.1875","0","804.1800000000001","1040.0212499999998","24423.10124999999","0","0","0","0","0","0","0","0","0","0","0","0","0","0","0","0","0","0","0","0","0","10431.142499999998","11420.9025","1886.73","0","757.785","1221.7350000000001","25718.294999999987","10856.43","12120.693750000002","1604.4937499999999","0","974.295","1461.4424999999999","27017.355000000007","11204.3925","10984.016249999999","1248.79875","0","819.645","1032.2887500000002","25289.14125000001","0","0","0","0","0","0","0","0","0","0","0","0","0","0","0","0","0","0","0","0","0","10666.983749999998","11297.1825","1782.34125","0","773.25","1098.0149999999999","25617.772500000006","11165.730000000001","11884.8525","1643.1562499999998","0","931.7662499999999","1252.665","26878.17","10852.563750000001","11204.3925","1345.455","0","750.0525","966.5625","25119.026249999995","0","0","0","0","0","0","0","0","0","0","0","0","0","0","0","0","0","0","0","0","0","10384.7475","11498.227500000003","1933.125","0","719.1225","1121.2124999999999","25656.43499999999","10840.964999999998","11718.603749999998","1720.4812499999998","0","912.435","1302.92625","26495.41125000001","10844.831250000001","10748.174999999997","1175.3400000000001","0","750.0525","993.62625","24512.024999999994","0","0","0","0","0","0","0","0","0","0","0","0","0","0","0","0","0","0","0","0","0","10427.27625","11726.336250000002","1681.81875","0","719.1225","1086.41625","25640.969999999987","10810.035000000003","11494.361250000002","1705.0162500000001","0","951.0975000000001","1190.805","26151.314999999995","10612.85625","10980.149999999998","1113.48","0","838.9762499999999","958.83","24504.2925","0","0","0","0","0","0","0","0","0","0","0","0","0","0","0","0","0","0","0","0","0","10806.168749999999","11219.8575","1766.87625","0","726.855","1210.13625","25729.89375000001","11123.201250000002","11088.404999999997","1735.94625","0","927.9000000000001","1306.7924999999998","26182.245000000014","10380.881249999999","10887.359999999999","1310.6587499999998","0","831.2437500000001","1117.34625","24527.489999999994","0","0","0","0","0","0","0","0","0","0","0","0","0","0","0","0","0","0","0","0","0","10678.5825","12016.304999999998","1801.6725","0","750.0525","1148.27625","26394.888750000002","10871.894999999999","12051.101249999998","1577.4299999999998","0","931.7662499999999","1190.805","26622.99750000001","10357.68375","10802.3025","1275.8625000000002","0","738.4537499999999","869.90625","24044.208749999998","0","0","0","0","0","0","0","0","0","0","0","0","0","0","0","0","0","0","0","0","0","10404.078749999997","11177.328750000002","1770.7425","0","734.5875","1229.4675","25316.205","11243.055","11834.591250000001","1596.76125","0","927.9","1171.47375","26773.781250000007","10922.156250000002","10844.83125","1179.2062500000002","0","777.1162499999999","1055.48625","24778.796249999996","0","0","0","0","0","0","0","0","0","0","0","0","0","0","0","0","0","0","0","0","0","10237.83","11842.323750000009","1855.8","0","773.25","1295.19375","26004.397500000014","10295.823750000001","11857.788750000002","1616.0925","0","927.9","1345.455","26043.06","10945.35375","10922.156249999998","1229.4674999999997","0","823.51125","1028.4225000000001","24948.911249999994","0","0","0","0","0","0","0","0","0","0","0","0","0","0","0","0","0","0","0","0","0","10620.58875","11084.538749999998","1844.2012499999998","0","780.9825","1098.0149999999999","25428.32625","11614.215","10871.894999999999","1705.01625","0","985.89375","1179.2062500000002","26356.226250000003","10852.563750000001","10956.9525","1256.53125","0","889.2375","1028.4225000000001","24983.707499999993","0","0","0","0","0","0","0","0","0","0","0","0","0","0","0","0","0","0","0","0","0","10655.384999999993","11451.832499999999","1882.86375","0","719.1225","1055.48625","25764.689999999995","11146.39875","11629.679999999997","1550.3662500000003","0","904.7025000000001","1183.0725","26414.22","10980.15","11026.544999999996","1349.32125","0","850.575","1167.6075","25374.198749999992","0","0","0","0","0","0","0","0","0","0","0","0","0","0","0","0","0","0","0","0","0","10458.20625","11587.151250000003","1855.8","0","742.3199999999999","1070.95125","25714.428750000003","10659.251249999998","11529.1575","1589.02875","0","796.4475","1175.34","25749.225","10562.594999999996","11173.462500000003","1291.3275","0","800.31375","900.8362500000001","24728.535000000003","0","0","0","0","0","0","0","0","0","0","0","0","0","0","0","0","0","0","0","0","0","10462.072499999998","11625.81375","1836.46875","0","773.25","1175.34","25872.945000000003","11011.079999999998","11389.9725","1577.43","0","869.90625","1117.34625","25965.735","10678.582499999997","11188.927500000002","1248.79875","0","769.38375","1070.95125","24956.643750000003","0","0","0","0","0","0","0","0","0","0","0","0","0","0","0","0","0","0","0","0","0","10493.002500000002","11587.151250000003","1875.13125","0","773.25","1198.5375","25927.072500000002","10736.57625","11919.648750000002","1743.6787499999998","0","947.23125","1225.60125","26572.736249999994","10806.16875","11556.221249999999","1310.6587499999998","0","777.11625","1070.95125","25521.11625","0","0","0","0","0","0","0","0","0","0","0","0","0","0","0","0","0","0","0","0","0","10755.907500000001","11246.92125","1817.1374999999998","0","765.5174999999999","1268.13","25853.613750000015","10786.8375","11722.470000000001","1573.56375","0","885.3712499999999","1252.665","26220.907499999998","10566.461250000002","10724.977499999995","1221.735","0","637.93125","1012.9575","24164.062499999996","0","0","0","0","0","0","0","0","0","0","0","0","0","0","0","0","0","0","0","0","0","10701.779999999999","11455.698749999998","1832.6025","0","765.5174999999999","1128.945","25884.54375","11200.526249999997","11811.393749999997","1724.3474999999999","0","943.3649999999999","1275.8625000000002","26955.49499999998","10481.403750000001","10810.035000000003","1291.3274999999999","0","792.58125","1032.28875","24407.636250000003","0","0","0","0","0","0","0","0","0","0","0","0","0","0","0","0","0","0","0","0","0","10508.467499999999","10941.487500000001","1917.6599999999999","0","742.3199999999999","1194.6712499999999","25304.60625","11444.1","11432.50125","1639.29","0","916.30125","1233.33375","26665.526250000006","11134.800000000003","10481.403750000001","1264.2637499999998","0","769.38375","943.365","24593.216250000005","0","0","0","0","0","0","0","0","0","0","0","0","0","0","0","0","0","0","0","0","0","10419.54375","11861.655000000004","1863.5325","0","742.3199999999999","1225.60125","26112.652500000007","11107.736250000004","11896.451250000002","1600.6274999999998","0","800.3137499999999","1341.58875","26746.717500000013","10523.932499999999","10898.958749999998","1291.3275","0","850.575","939.49875","24504.2925","0","0","0","0","0","0","0","0","0","0","0","0","0","0","0","0","0","0","0","0","0","10666.983749999996","11741.80125","1882.86375","0","719.1225","1252.665","26263.436250000006","10806.16875","11239.18875","1712.74875","0","916.30125","1202.40375","25876.811249999995","10550.996250000004","10763.640000000003","1268.13","0","858.3075","1016.82375","24457.89749999999","0","0","0","0","0","0","0","0","0","0","0","0","0","0","0","0","0","0","0","0","0","10531.665","11761.1325","1824.87","0","773.25","1214.0025","26104.919999999995","11111.6025","11679.94125","1627.6912499999999","0","873.7724999999999","1357.05375","26650.06125000001","10891.226249999998","11231.45625","1283.5949999999998","0","734.5875000000001","1109.61375","25250.47874999999","0","0","0","0","0","0","0","0","0","0","0","0","0","0","0","0","0","0","0","0","0","10763.640000000003","11788.19625","1824.87","0","765.5174999999999","1125.07875","26267.3025","10353.8175","11679.941250000002","1627.6912499999999","0","866.04","1132.81125","25660.30125000001","10929.888750000002","11281.7175","1364.78625","0","885.3712499999999","869.90625","25331.67","0","0","0","0","0","0","0","0","0","0","0","0","0","0","0","0","0","0","0","0","0","10825.500000000002","11764.998749999999","1859.6662499999998","0","765.5174999999999","1148.27625","26363.958750000013","11378.373749999999","11231.456250000001","1581.29625","0","831.2437500000001","1043.8875","26066.257500000007","10674.71625","10748.175","1202.40375","0","715.25625","827.3775","24167.928749999995","0","0","0","0","0","0","0","0","0","0","0","0","0","0","0","0","0","0","0","0","0","10926.0225","11451.832499999997","1929.25875","0","703.6575","1194.67125","26205.44249999999","10960.818749999999","11803.661250000001","1670.2200000000003","0","908.5687500000001","1275.8625","26619.131250000006","10597.39125","11212.125000000002","1256.53125","0","808.04625","1009.09125","24883.184999999998","0","0","0","0","0","0","0","0","0","0","0","0","0","0","0","0","0","0","0","0","0","10620.588749999999","11602.61625","1836.46875","0","726.855","1198.5375","25985.06625","10837.09875","11718.60375","1693.4174999999998","0","989.76","1217.86875","26456.74875","10868.028750000001","11057.474999999999","1225.60125","0","788.715","1059.3525","24999.172499999993","0","0","0","0","0","0","0","0","0","0","0","0","0","0","0","0","0","0","0","0","0","10500.735","11664.476250000002","1867.3987499999998","0","757.785","1121.2125","25911.607500000002","10879.6275","11018.812499999998","1658.62125","0","1012.9575","1264.26375","25834.282500000005","11034.277500000004","11030.41125","1291.3274999999999","0","881.5050000000001","1098.0149999999999","25335.536249999994","0","0","0","0","0","0","0","0","0","0","0","0","0","0","0","0","0","0","0","0","0","10388.613750000004","11908.050000000001","1848.0675","0","773.25","1070.95125","25988.932500000003","10868.028749999996","11606.482499999998","1619.95875","0","920.1675","1244.9325000000001","26259.56999999999","10276.4925","10829.366250000001","1275.8625","0","688.1925","885.3712500000001","23955.285000000003","0","0","0","0","0","0","0","0","0","0","0","0","0","0","0","0","0","0","0","0","0","10485.269999999997","11594.88375","1894.4625","0","765.5174999999999","1252.665","25992.798749999994","11138.666249999997","11780.463749999997","1778.4749999999997","0","962.69625","1268.13","26928.43125","10608.99","10752.041249999998","1210.1362499999998","0","692.05875","1113.48","24376.706249999996","0","0","0","0","0","0","0","0","0","0","0","0","0","0","0","0","0","0","0","0","0","10705.646250000003","11471.16375","1867.3987499999998","0","757.785","1179.20625","25981.200000000004","10709.5125","12136.158749999997","1608.36","0","939.4987500000001","1360.92","26754.449999999997","10500.734999999999","10697.913750000002","1275.8625","0","889.2375","978.1612499999999","24341.91000000001","0","0","0","0","0","0","0","0","0","0","0","0","0","0","0","0","0","0","0","0","0","10786.837500000001","11273.985000000002","1732.08","0","750.0525","1113.48","25656.435000000005","10651.518750000003","11455.69875","1654.755","0","935.6324999999999","1241.0662499999999","25938.67125000001","10891.226250000003","10810.035000000002","1310.65875","0","753.9187499999999","939.49875","24705.337499999994","0","0","0","0","0","0","0","0","0","0","0","0","0","0","0","0","0","0","0","0","0","10759.773749999998","11328.112499999997","1886.73","0","750.0525","1183.0725","25907.741250000003","10910.557499999999","11328.112500000001","1732.08","0","978.1612499999999","1221.7350000000001","26170.646249999998","11003.3475","11478.896249999996","1329.99","0","784.84875","800.31375","25397.396249999987","0","0","0","0","0","0","0","0","0","0","0","0","0","0","0","0","0","0","0","0","0","10462.072499999998","11451.8325","1774.6087499999999","0","742.3199999999999","1376.385","25807.218749999996","10396.346249999999","12167.088749999997","1654.755","0","966.5625000000001","1299.06","26483.812500000007","10670.849999999999","10875.761249999998","1186.93875","0","780.9825","900.83625","24415.36875000001","0","0","0","0","0","0","0","0","0","0","0","0","0","0","0","0","0","0","0","0","0","11034.277499999995","11842.32375","1793.9399999999998","0","726.855","1214.0025","26611.398749999993","11146.398749999998","11652.877499999999","1747.5449999999998","0","935.6325","1244.9325","26727.386249999992","10462.0725","10953.086249999997","1202.4037500000002","0","893.10375","1198.5375000000001","24709.203749999986","0","0","0","0","0","0","0","0","0","0","0","0","0","0","0","0","0","0","0","0","0","10744.30875","11382.240000000005","1770.7424999999998","0","750.0525","1206.2699999999998","25853.613749999997","10562.594999999998","11687.673749999998","1677.9524999999999","0","858.3075000000001","1128.945","25915.473750000005","10852.563750000003","10458.206249999997","1329.9899999999998","0","773.25","989.76","24403.77","0","0","0","0","0","0","0","0","0","0","0","0","0","0","0","0","0","0","0","0","0","10566.461249999998","11509.82625","1813.2712499999998","0","765.5174999999999","1237.2","25892.276250000006","10829.36625","11517.558750000004","1554.2325","0","951.0975000000001","1411.1812499999999","26263.43625000001","10717.244999999999","10790.70375","1275.8625","0","788.715","947.23125","24519.757500000003","0","0","0","0","0","0","0","0","0","0","0","0","0","0","0","0","0","0","0","0","0","10636.053750000003","11018.812499999996","1936.9912499999998","0","726.855","1183.0725","25501.784999999996","10817.767499999996","11691.539999999999","1639.29","0","935.6324999999999","1256.53125","26340.761250000007","10489.136250000003","10748.175","1202.4037500000002","0","908.5687500000001","958.8299999999999","24307.11375","0","0","0","0","0","0","0","0","0","0","0","0","0","0","0","0","0","0","0","0","0","10554.862500000001","11185.06125","1817.1375","0","750.0525","1252.665","25559.778750000005","11045.876250000001","11328.1125","1589.02875","0","916.30125","1202.40375","26081.7225","10694.047499999999","10949.220000000001","1148.27625","0","707.5237500000001","1040.02125","24539.088749999995","0","0","0","0","0","0","0","0","0","0","0","0","0","0","0","0","0","0","0","0","0","10550.99625","11641.278750000001","1782.3412499999997","0","711.39","1268.1299999999999","25954.13625","10817.7675","11560.087500000001","1708.8825","0","927.9","1156.00875","26170.646249999987","10987.882499999998","11227.59","1148.27625","0","815.77875","788.715","24968.242499999997","0","0","0","0","0","0","0","0","0","0","0","0","0","0","0","0","0","0","0","0","0","10639.920000000002","11475.03","1913.7937499999998","0","726.855","1121.2125","25876.811250000013","10589.658749999999","11784.330000000002","1739.8124999999998","0","904.7025000000001","1078.68375","26097.1875","10976.283750000002","11227.590000000002","1283.5949999999998","0","819.645","927.9","25235.013749999987","0","0","0","0","0","0","0","0","0","0","0","0","0","0","0","0","0","0","0","0","0","10794.570000000002","11865.521249999998","1662.4875","0","765.5174999999999","1241.0662499999999","26329.162500000002","11297.182499999999","11246.921249999998","1701.1499999999999","0","908.5687500000001","1067.085","26220.90749999999","10574.19375","11320.380000000006","1291.3274999999999","0","823.51125","908.5687499999999","24917.98124999999","0","0","0","0","0","0","0","0","0","0","0","0","0","0","0","0","0","0","0","0","0","11096.137499999997","11691.54","1844.2012499999998","0","773.25","1202.40375","26607.532499999998","10547.130000000001","11529.157499999998","1693.4175","0","989.76","1078.68375","25838.14875","10786.837500000001","11208.258749999997","1283.5949999999998","0","808.04625","985.89375","25072.63125000001","0","0","0","0","0","0","0","0","0","0","0","0","0","0","0","0","0","0","0","0","0","10605.123749999995","11540.75625","1739.8125","0","773.25","1186.93875","25845.881250000002","11362.90875","12016.305","1542.63375","0","916.30125","1326.1237499999997","27164.2725","10848.697500000002","11579.418749999997","1337.7224999999999","0","788.715","823.5112499999999","25378.065000000002","0","0","0","0","0","0","0","0","0","0","0","0","0","0","0","0","0","0","0","0","0","10868.028750000001","11409.303749999997","1739.8124999999998","0","750.0525","1241.06625","26008.26374999999","10794.57","11830.724999999999","1577.4299999999998","0","943.365","1156.00875","26302.09875000001","11088.404999999999","11289.449999999995","1310.65875","0","827.3774999999999","985.89375","25501.78500000001","0","0","0","0","0","0","0","0","0","0","0","0","0","0","0","0","0","0","0","0","0","10454.339999999998","11208.25875","1836.4687499999998","0","711.39","1144.4099999999999","25354.867499999997","10705.64625","11954.445","1790.0737499999998","0","1012.9575","1214.0025","26677.125","10690.181249999998","10956.952500000001","1210.13625","0","761.6512500000001","877.6387500000001","24496.56000000001","0","0","0","0","0","0","0","0","0","0","0","0","0","0","0","0","0","0","0","0","0","10322.887499999999","11880.98625","1774.6087499999996","0","750.0525","1063.21875","25791.753750000014","10984.016249999997","11714.737500000001","1650.88875","0","924.03375","1171.47375","26445.149999999994","10288.091249999998","10941.487499999997","1391.85","0","800.31375","1043.8875","24465.62999999999","0","0","0","0","0","0","0","0","0","0","0","0","0","0","0","0","0","0","0","0","0","10334.48625","11413.17","1828.7362500000002","0","719.1225","1140.5437499999998","25436.05874999999","10860.296250000003","10875.76125","1631.5575","0","935.6324999999999","1125.0787500000001","25428.326250000013","10794.570000000003","10257.16125","1283.5949999999998","0","777.11625","1001.3587500000001","24113.801249999993","0","0","0","0","0","0","0","0","0","0","0","0","0","0","0","0","0","0","0","0","0","10690.18125","11451.832499999997","1859.6662499999998","0","773.25","1256.53125","26031.46125","10910.557499999997","11262.38625","1693.4175","0","939.49875","1202.40375","26008.26374999999","10786.8375","11227.59","1337.7224999999999","0","765.5174999999999","951.0975","25068.765","0","0","0","0","0","0","0","0","0","0","0","0","0","0","0","0","0","0","0","0","0","10500.734999999999","11455.698750000001","1821.0037499999999","0","765.5174999999999","1252.6650000000002","25795.62","10690.181250000001","11560.087499999998","1608.3600000000001","0","893.10375","1206.27","25958.00250000001","10790.703749999997","10717.245","1171.47375","0","896.97","916.30125","24492.693750000002","0","0","0","0","0","0","0","0","0","0","0","0","0","0","0","0","0","0","0","0","0","10485.269999999997","11482.762500000003","1906.0612499999997","0","742.3199999999999","1206.27","25822.683750000007","10775.23875","11320.38","1712.74875","0","1024.55625","1291.3274999999999","26124.25124999999","10717.244999999999","11297.1825","1322.2575","0","792.58125","982.0274999999999","25111.293749999997","0","0","0","0","0","0","0","0","0","0","0","0","0","0","0","0","0","0","0","0","0","10601.2575","11718.60375","1763.01","0","750.0525","1163.74125","25996.665000000005","11227.59","11737.935","1589.02875","0","893.10375","1306.7925","26754.449999999997","10868.028749999996","10829.36625","1376.385","0","792.58125","862.1737499999999","24728.534999999985","0","0","0","0","0","0","0","0","0","0","0","0","0","0","0","0","0","0","0","0","0","10690.181249999998","10914.423749999998","1650.8887499999998","0","757.785","1148.27625","25161.555000000004","11127.067499999997","10937.621249999998","1670.22","0","912.435","1179.20625","25826.550000000003","10798.436249999999","11614.215000000002","1329.9899999999998","0","765.5174999999999","958.8299999999999","25466.988749999997","0","0","0","0","0","0","0","0","0","0","0","0","0","0","0","0","0","0","0","0","0","10678.582500000002","11618.081250000003","1793.94","0","742.3199999999999","1175.34","26008.26375","10578.060000000003","11602.61625","1635.42375","0","862.1737499999999","1283.595","25961.868750000012","11069.073750000003","10686.315","1337.7224999999999","0","873.7725","1024.55625","24991.43999999999","0","0","0","0","0","0","0","0","0","0","0","0","0","0","0","0","0","0","0","0","0"
